L = 2.0
rho = 300
soma_diameter = 0.015
d_mean = 0.150
d_sigma = 0.020
l_mean = 1.000
l_sigma = 0.523
sigma_rayleigh = 0.798
segment_length = 0.010
sigma_axon_angle = 0.100
nc = 30
base_sigma = 0.100
X	Y	Soma_Diameter	Dendrite_Diameter	Axon_Length
-0.160849	-0.310113	0.015000	0.150792	1.640632
-0.148818	-0.473432	0.015000	0.162534	1.017678
-0.173979	-0.329262	0.015000	0.134371	0.982084
-0.066250	-0.353311	0.015000	0.158998	1.342839
-0.227530	-0.366076	0.015000	0.177684	1.761903
-0.093298	-0.350905	0.015000	0.139883	1.221431
-0.238125	-0.487002	0.015000	0.182038	0.493351
0.046894	-0.357273	0.015000	0.173946	1.808590
-0.267391	-0.169683	0.015000	0.183219	1.678530
0.024497	-0.288840	0.015000	0.146626	1.632305
0.011790	-0.221626	0.015000	0.136868	1.077871
-0.069173	-0.101440	0.015000	0.137572	0.399998
0.077037	-0.219073	0.015000	0.177184	0.973446
-0.124056	-0.290261	0.015000	0.151828	0.832766
-0.073710	-0.231308	0.015000	0.127747	0.878896
-0.208581	-0.204393	0.015000	0.151826	0.818775
-0.208404	-0.444307	0.015000	0.147106	1.075520
0.020739	-0.321145	0.015000	0.134492	0.275426
-0.038809	-0.308962	0.015000	0.151126	0.616451
-0.049943	-0.520906	0.015000	0.150168	1.155669
0.111539	-0.416301	0.015000	0.149437	1.070464
0.000507	-0.238817	0.015000	0.184748	1.041673
0.021935	-0.272930	0.015000	0.129963	1.365794
0.089503	-0.307377	0.015000	0.167597	2.255664
0.002129	-0.315045	0.015000	0.137798	1.184408
0.116528	-0.375382	0.015000	0.114482	0.635804
0.082011	-0.324685	0.015000	0.189784	1.628420
-0.091595	-0.335984	0.015000	0.139733	0.554957
0.035525	-0.338418	0.015000	0.161162	1.854867
0.200126	-0.347375	0.015000	0.166059	1.364170
-0.208535	-0.369073	0.015000	0.139180	1.397222
-0.282252	-0.369219	0.015000	0.150217	0.386845
0.020364	-0.177267	0.015000	0.179384	1.509517
-0.052567	-0.202235	0.015000	0.098500	0.531966
-0.198084	-0.349103	0.015000	0.178718	0.969364
-0.374525	-0.468752	0.015000	0.158844	0.869356
-0.176020	-0.309107	0.015000	0.178500	0.576061
0.007592	-0.387365	0.015000	0.152067	0.110006
-0.134899	-0.307530	0.015000	0.131174	0.812861
-0.060466	-0.266134	0.015000	0.146907	1.343519
-0.032995	0.374381	0.015000	0.151855	1.646423
0.126683	0.310180	0.015000	0.134853	0.823246
0.058915	0.303765	0.015000	0.152472	1.142910
-0.051237	0.258101	0.015000	0.144381	0.869767
0.076450	0.450955	0.015000	0.124169	0.464786
-0.014566	0.280580	0.015000	0.149312	1.305165
-0.072320	0.482079	0.015000	0.114599	0.527078
-0.122746	0.350014	0.015000	0.141276	0.644405
-0.036026	0.467149	0.015000	0.158541	1.666821
-0.075869	0.515342	0.015000	0.149772	1.095259
0.129662	0.372370	0.015000	0.143051	0.991056
0.125625	0.418521	0.015000	0.157346	0.017371
0.079327	0.355096	0.015000	0.155667	0.643714
0.146055	0.590626	0.015000	0.171493	0.742907
0.032811	0.314190	0.015000	0.138390	1.863214
-0.024539	0.486308	0.015000	0.169885	0.298532
0.141707	0.446774	0.015000	0.151205	0.475336
0.050867	0.542513	0.015000	0.162776	1.690955
-0.008075	0.545624	0.015000	0.181049	1.569784
0.045741	0.416607	0.015000	0.107856	1.479042
0.199944	0.422423	0.015000	0.162297	1.030384
0.087354	0.532799	0.015000	0.119033	0.433666
0.072775	0.320326	0.015000	0.129911	1.573008
0.063951	0.374588	0.015000	0.136673	1.406227
-0.092167	0.549144	0.015000	0.150465	1.142108
-0.185421	0.405393	0.015000	0.181957	1.091144
-0.116910	0.572823	0.015000	0.138986	0.854555
0.008738	0.483746	0.015000	0.174735	0.828269
0.143587	0.276840	0.015000	0.173270	0.680860
0.072681	0.476147	0.015000	0.146960	2.165959
-0.008916	0.508195	0.015000	0.109877	1.299881
0.100996	0.318045	0.015000	0.123235	0.486425
0.094315	0.420130	0.015000	0.142932	0.364132
0.182260	0.470979	0.015000	0.131245	0.736761
0.167501	0.489079	0.015000	0.144301	0.847228
0.065258	0.549283	0.015000	0.140463	0.802175
-0.062416	0.523615	0.015000	0.125203	0.419031
-0.055784	0.240965	0.015000	0.191081	0.152143
0.132175	0.389776	0.015000	0.139426	1.028362
0.106680	0.460869	0.015000	0.159338	1.716016
0.971004	0.967518	0.015000	0.145415	1.673987
0.715271	0.831599	0.015000	0.106549	1.002189
0.857617	0.895972	0.015000	0.133270	0.913018
0.900779	0.724508	0.015000	0.172395	0.432709
0.742681	0.937499	0.015000	0.128062	0.927851
0.814781	0.857041	0.015000	0.131885	1.287092
0.966767	0.925553	0.015000	0.175595	0.497524
0.664169	0.959980	0.015000	0.162006	0.759660
0.747229	-0.904262	0.015000	0.161160	1.238709
0.815936	0.993035	0.015000	0.189418	2.495919
0.789327	0.819205	0.015000	0.155551	0.605013
0.879540	0.940845	0.015000	0.175520	0.442742
0.834549	0.852324	0.015000	0.139648	1.069706
0.959458	0.879172	0.015000	0.144239	0.771367
0.891785	-0.947196	0.015000	0.118510	1.845524
0.786626	0.776111	0.015000	0.149505	0.632129
0.852209	0.847064	0.015000	0.165781	0.969341
0.796796	0.719073	0.015000	0.166490	1.692143
0.832005	0.973279	0.015000	0.173942	0.598932
0.930454	0.849635	0.015000	0.114564	0.577863
0.803000	0.758034	0.015000	0.131052	0.671947
0.743161	0.890860	0.015000	0.147533	0.378188
0.835004	0.932205	0.015000	0.169452	1.055945
0.754481	0.820440	0.015000	0.169030	0.288080
0.795634	-0.879012	0.015000	0.154638	0.740277
0.930714	0.936758	0.015000	0.126128	0.493247
0.843605	-0.975801	0.015000	0.137862	0.513276
0.991324	0.870028	0.015000	0.155645	0.260550
0.995895	0.699168	0.015000	0.135815	0.784353
0.814208	0.934331	0.015000	0.155473	0.808491
0.825492	-0.963021	0.015000	0.158310	0.985375
0.703465	0.731194	0.015000	0.145174	0.205876
0.903313	0.962984	0.015000	0.143535	0.924665
0.920869	0.753723	0.015000	0.164682	0.332902
0.854091	0.789761	0.015000	0.120312	1.082893
0.825994	0.749326	0.015000	0.137381	2.473642
0.600866	0.741809	0.015000	0.125834	1.121093
-0.961554	0.884961	0.015000	0.129173	0.829481
0.902990	0.841159	0.015000	0.175511	1.163677
0.861509	0.803949	0.015000	0.169022	0.645632
-0.105830	-0.641140	0.015000	0.154841	1.069702
-0.278553	-0.589093	0.015000	0.153799	1.341454
0.009614	-0.711596	0.015000	0.172601	0.566415
-0.182907	-0.616939	0.015000	0.117933	1.706227
-0.134056	-0.722537	0.015000	0.169735	2.209141
-0.070170	-0.695562	0.015000	0.164138	0.928161
-0.205005	-0.627180	0.015000	0.148794	0.140745
-0.125779	-0.744838	0.015000	0.155436	0.408075
-0.243757	-0.784155	0.015000	0.135004	0.921165
-0.057291	-0.883414	0.015000	0.136769	0.401359
-0.256821	-0.701034	0.015000	0.170153	1.324859
-0.225859	-0.667858	0.015000	0.153507	0.910246
-0.407775	-0.553969	0.015000	0.149812	0.215585
-0.111894	-0.583841	0.015000	0.138604	1.664235
-0.221722	-0.575543	0.015000	0.141383	0.250800
0.078152	-0.826521	0.015000	0.152756	0.891222
-0.048913	-0.967730	0.015000	0.152564	1.139374
-0.273911	-0.778784	0.015000	0.178099	0.432650
-0.058476	-0.863925	0.015000	0.129246	0.900796
-0.121219	-0.618786	0.015000	0.158317	1.312960
-0.131302	-0.855970	0.015000	0.167457	0.959244
-0.207686	-0.803905	0.015000	0.145827	0.493012
-0.239182	-0.687054	0.015000	0.138917	1.025573
-0.189713	-0.524467	0.015000	0.161759	0.893921
-0.042599	-0.757286	0.015000	0.156196	0.798588
-0.200792	-0.940897	0.015000	0.147674	0.887509
-0.084396	-0.611007	0.015000	0.153092	0.186914
-0.311270	-0.838025	0.015000	0.159527	0.966689
-0.184145	-0.598200	0.015000	0.126126	0.770975
-0.137376	-0.692839	0.015000	0.143592	0.876723
-0.076168	-0.626324	0.015000	0.117054	0.681834
-0.108137	-0.830056	0.015000	0.196045	1.030851
-0.267041	-0.648934	0.015000	0.168448	0.751439
-0.260383	-0.675944	0.015000	0.145846	1.353295
-0.298652	-0.816416	0.015000	0.152330	0.326525
-0.242639	-0.741426	0.015000	0.134725	0.988307
-0.169693	-0.858266	0.015000	0.156912	0.266793
-0.138220	-0.643639	0.015000	0.182734	0.668439
0.002664	-0.840973	0.015000	0.188333	0.730341
-0.131186	-0.676173	0.015000	0.142999	1.999697
0.592857	-0.907718	0.015000	0.160263	0.964587
0.723839	0.944078	0.015000	0.146749	1.349164
0.765864	0.993429	0.015000	0.133647	0.751664
0.722832	-0.898431	0.015000	0.160512	1.194121
0.812267	-0.941902	0.015000	0.149441	0.971659
0.796816	-0.962761	0.015000	0.171014	1.520605
0.627344	-0.934524	0.015000	0.108669	0.466012
-0.978296	-0.963068	0.015000	0.181167	0.497825
0.706389	0.904577	0.015000	0.135642	0.768841
0.944789	0.953937	0.015000	0.169134	1.494211
0.877304	0.984330	0.015000	0.176697	0.576832
0.944686	0.993457	0.015000	0.137792	1.389362
0.691565	0.966267	0.015000	0.127553	1.928165
0.662118	-0.920454	0.015000	0.167904	0.748631
0.684272	-0.926439	0.015000	0.163054	1.063043
0.856799	-0.794316	0.015000	0.134395	1.101599
0.830760	0.884347	0.015000	0.176404	0.604380
0.748155	-0.875246	0.015000	0.121314	1.334123
0.704356	0.978154	0.015000	0.158373	1.030293
0.580433	-0.990081	0.015000	0.130516	0.476888
0.866176	-0.857299	0.015000	0.111179	0.389868
0.722942	-0.964928	0.015000	0.142364	0.405876
0.725349	-0.941192	0.015000	0.131356	0.417664
-0.996867	-0.956663	0.015000	0.166583	0.481043
0.615174	-0.962831	0.015000	0.138251	1.100197
0.747805	0.965775	0.015000	0.158205	1.515347
0.649434	-0.810823	0.015000	0.171832	0.694357
0.672432	-0.952038	0.015000	0.176019	1.385254
0.981442	0.904653	0.015000	0.159414	1.534190
0.912387	0.984697	0.015000	0.134261	0.958618
0.609154	-0.838819	0.015000	0.114661	0.653599
0.714918	-0.988147	0.015000	0.171064	0.948867
0.918537	-0.970044	0.015000	0.129432	1.000096
0.739192	-0.932460	0.015000	0.148601	1.021564
0.711031	-0.908003	0.015000	0.149122	1.084305
0.768905	0.963544	0.015000	0.179783	0.808656
0.697680	0.999011	0.015000	0.165937	1.002377
0.758489	-0.952288	0.015000	0.143644	0.955678
0.702938	-0.967821	0.015000	0.166673	1.439731
0.878541	0.919986	0.015000	0.185023	0.910390
-0.647944	-0.356920	0.015000	0.194761	0.544062
-0.803236	-0.284901	0.015000	0.166444	1.860326
-0.743236	-0.183912	0.015000	0.147533	0.825932
-0.877598	-0.307251	0.015000	0.149631	1.632530
-0.587959	-0.275881	0.015000	0.135725	1.296445
-0.840682	-0.389865	0.015000	0.130621	2.654366
-0.745007	-0.041227	0.015000	0.184026	1.010677
-0.651675	-0.251725	0.015000	0.117801	1.714819
-0.623560	-0.351886	0.015000	0.171758	0.278298
-0.763214	-0.289415	0.015000	0.122037	0.938679
-0.804421	-0.339987	0.015000	0.158852	1.874217
-0.788233	-0.296808	0.015000	0.140004	1.954502
-0.616459	-0.237449	0.015000	0.136025	0.876235
-0.773031	-0.214742	0.015000	0.149931	0.684772
-0.605133	-0.327843	0.015000	0.156397	0.401596
-0.801868	-0.217169	0.015000	0.123973	1.490316
-0.872751	-0.078367	0.015000	0.169428	1.961426
-0.510944	-0.227757	0.015000	0.136153	0.617090
-0.786966	-0.133209	0.015000	0.156683	0.540570
-0.721977	-0.145530	0.015000	0.151260	1.729844
-0.863934	-0.187364	0.015000	0.170985	1.874858
-0.720312	-0.161705	0.015000	0.122326	0.828960
-0.896217	-0.337669	0.015000	0.151657	0.771019
-0.812330	-0.308447	0.015000	0.166893	0.977426
-0.736180	-0.162609	0.015000	0.134565	1.058626
-0.657242	-0.312595	0.015000	0.128276	0.950572
-0.975287	-0.322843	0.015000	0.146392	1.733224
-0.626487	-0.172352	0.015000	0.158136	0.539396
0.996437	-0.112224	0.015000	0.116574	0.201386
-0.848534	-0.257645	0.015000	0.189987	1.048837
-0.671026	-0.182153	0.015000	0.174031	0.631334
-0.671651	-0.149883	0.015000	0.153550	1.258292
-0.683046	-0.291093	0.015000	0.147846	1.953878
-0.728653	-0.249358	0.015000	0.131577	0.023114
-0.575592	-0.420042	0.015000	0.189161	1.509140
-0.803236	-0.385658	0.015000	0.187677	0.919967
-0.927427	-0.244998	0.015000	0.126398	0.996249
-0.702057	-0.178259	0.015000	0.168863	1.566479
-0.755867	-0.263238	0.015000	0.169253	0.829389
-0.912304	-0.258270	0.015000	0.149461	0.073675
0.528074	0.833307	0.015000	0.154028	1.283033
0.491999	0.828620	0.015000	0.131111	0.952536
0.545637	0.922866	0.015000	0.154916	1.214097
0.675023	0.932822	0.015000	0.137736	1.154930
0.555643	0.825683	0.015000	0.148992	1.386322
0.373386	0.957546	0.015000	0.176108	0.505162
0.673056	0.749399	0.015000	0.144893	1.361414
0.390408	0.855091	0.015000	0.188784	1.267241
0.457634	0.882224	0.015000	0.143834	1.094474
0.386081	0.878850	0.015000	0.140761	1.553017
0.478525	0.770978	0.015000	0.159327	1.857235
0.446659	0.931361	0.015000	0.143465	1.232438
0.417230	0.788189	0.015000	0.141223	1.048517
0.234041	0.891681	0.015000	0.143796	0.720705
0.502633	0.892191	0.015000	0.139877	0.934456
0.538681	0.897429	0.015000	0.135583	0.220629
0.573606	0.914131	0.015000	0.151142	0.808629
0.597297	0.764702	0.015000	0.188574	0.585052
0.546534	0.796234	0.015000	0.185559	1.028235
0.573110	0.844644	0.015000	0.181758	2.366986
0.617229	0.787241	0.015000	0.129836	0.809871
0.539035	0.697817	0.015000	0.178001	1.633562
0.570190	0.658714	0.015000	0.132723	1.175430
0.658200	0.831976	0.015000	0.179531	1.110494
0.439015	0.837297	0.015000	0.157003	0.852493
0.414487	0.995936	0.015000	0.176814	0.900842
0.408169	0.804898	0.015000	0.123952	0.665975
0.636693	0.658813	0.015000	0.158952	2.081480
0.435233	0.866689	0.015000	0.098725	0.646477
0.310897	0.923347	0.015000	0.122854	0.286110
0.665730	0.985231	0.015000	0.136174	1.805360
0.304461	0.843103	0.015000	0.144211	0.690196
0.405018	0.937274	0.015000	0.165240	0.184067
0.529468	0.817006	0.015000	0.129703	1.433657
0.515305	0.945865	0.015000	0.119109	0.712517
0.499369	-0.962529	0.015000	0.163088	0.971552
0.595706	0.869950	0.015000	0.141184	0.358258
0.592924	0.911432	0.015000	0.162615	0.826952
0.616486	0.816187	0.015000	0.127294	0.445672
0.578907	0.770041	0.015000	0.157742	1.059469
-0.553766	0.675964	0.015000	0.164747	1.093037
-0.660666	0.483033	0.015000	0.131556	0.667285
-0.418893	0.355668	0.015000	0.174112	0.170572
-0.473102	0.537612	0.015000	0.148112	1.200640
-0.616239	0.519561	0.015000	0.179362	0.627812
-0.389600	0.401527	0.015000	0.167824	0.887832
-0.431140	0.369300	0.015000	0.170967	1.234040
-0.656591	0.587913	0.015000	0.139884	1.157453
-0.464532	0.422399	0.015000	0.160128	1.840932
-0.466868	0.345063	0.015000	0.128075	1.279946
-0.493490	0.641124	0.015000	0.138029	0.580389
-0.530535	0.400645	0.015000	0.167532	1.276197
-0.544315	0.409192	0.015000	0.176406	1.410197
-0.702119	0.389211	0.015000	0.142898	1.084744
-0.322617	0.483894	0.015000	0.149745	0.212878
-0.503463	0.433392	0.015000	0.155090	0.565254
-0.448155	0.386665	0.015000	0.109618	0.856566
-0.308316	0.473730	0.015000	0.175975	1.079576
-0.552805	0.561996	0.015000	0.138470	0.599742
-0.590052	0.456933	0.015000	0.151923	1.270307
-0.538506	0.546024	0.015000	0.150874	0.320655
-0.586374	0.376282	0.015000	0.174466	1.187954
-0.415639	0.434081	0.015000	0.157452	1.446969
-0.710031	0.592751	0.015000	0.147846	1.294798
-0.647254	0.444754	0.015000	0.129504	1.664474
-0.622100	0.295988	0.015000	0.156361	1.421997
-0.478749	0.407384	0.015000	0.154121	1.584255
-0.665158	0.548674	0.015000	0.164144	0.945560
-0.394213	0.494369	0.015000	0.156663	1.082068
-0.401925	0.414520	0.015000	0.189685	0.602711
-0.471721	0.257730	0.015000	0.144071	1.389430
-0.614425	0.491806	0.015000	0.136304	1.930704
-0.452971	0.597062	0.015000	0.173872	1.413911
-0.542850	0.320092	0.015000	0.146401	0.444189
-0.632255	0.482314	0.015000	0.113961	1.658824
-0.508090	0.588523	0.015000	0.156718	1.865696
-0.341255	0.347402	0.015000	0.134172	0.073548
-0.665959	0.414680	0.015000	0.219811	0.402459
-0.659511	0.604909	0.015000	0.183246	1.408052
-0.631662	0.396637	0.015000	0.159110	0.530108
0.922402	0.353600	0.015000	0.149242	0.493764
-0.941710	0.019003	0.015000	0.186381	0.782660
0.989473	0.175348	0.015000	0.161031	0.763071
0.965730	0.230270	0.015000	0.112262	1.037535
-0.890639	0.168944	0.015000	0.163106	0.510413
0.863605	0.294782	0.015000	0.129249	0.974374
0.929724	-0.028533	0.015000	0.121700	1.003469
-0.824975	0.179957	0.015000	0.138971	1.900813
0.969304	0.292761	0.015000	0.154371	1.780526
-0.873801	0.327892	0.015000	0.155052	0.483457
0.989880	0.039242	0.015000	0.143598	0.493017
0.994344	0.016463	0.015000	0.149763	0.891603
0.829340	0.096161	0.015000	0.152157	0.803002
0.938041	0.139236	0.015000	0.141584	1.245822
0.886125	0.127154	0.015000	0.152953	0.554009
0.987109	0.217079	0.015000	0.130328	0.613769
-0.993620	0.321898	0.015000	0.191844	1.554551
-0.996781	0.198896	0.015000	0.156364	2.703718
0.848071	0.224352	0.015000	0.148236	1.623798
-0.831429	0.308713	0.015000	0.131057	2.385691
-0.903110	0.245724	0.015000	0.162373	0.230895
-0.917072	0.268349	0.015000	0.154924	1.319357
0.985080	0.256315	0.015000	0.164637	0.943898
-0.898280	0.074654	0.015000	0.181303	2.550777
0.892301	0.220954	0.015000	0.158051	1.131114
-0.968221	0.063454	0.015000	0.143735	0.600070
-0.947109	0.249684	0.015000	0.139029	0.689526
-0.822337	0.279685	0.015000	0.126718	0.971553
0.953918	0.118313	0.015000	0.104363	1.585848
-0.904373	0.204900	0.015000	0.144167	0.922322
0.976696	0.095239	0.015000	0.181966	0.961096
0.938461	0.273370	0.015000	0.149822	1.157782
-0.768500	0.128972	0.015000	0.191850	1.292314
-0.983201	0.216225	0.015000	0.149729	0.328015
-0.872600	0.228521	0.015000	0.175704	1.695830
-0.846827	0.168421	0.015000	0.119648	1.397027
0.992555	0.135637	0.015000	0.150310	0.676403
0.963607	0.258938	0.015000	0.139221	0.855462
-0.978284	0.344562	0.015000	0.145548	1.246765
0.963733	0.372535	0.015000	0.135947	0.904956
-0.343224	-0.343943	0.015000	0.162449	1.034493
-0.450765	-0.155974	0.015000	0.135664	1.173298
-0.376733	-0.447701	0.015000	0.126477	0.227370
-0.484442	-0.372778	0.015000	0.161656	1.054910
-0.457995	-0.272597	0.015000	0.140322	2.786982
-0.434861	-0.290205	0.015000	0.129794	0.500127
-0.298117	-0.389642	0.015000	0.106775	1.540012
-0.386377	-0.535418	0.015000	0.178003	1.279555
-0.214960	-0.032818	0.015000	0.158993	1.225699
-0.379122	-0.338389	0.015000	0.134830	1.736923
-0.238140	-0.329233	0.015000	0.168636	0.575054
-0.139706	-0.218453	0.015000	0.188892	0.601357
-0.422678	-0.342634	0.015000	0.162894	0.755779
-0.223987	-0.255456	0.015000	0.158394	0.794486
-0.341759	-0.480259	0.015000	0.183329	0.890432
-0.245373	-0.362739	0.015000	0.126519	0.651125
-0.141914	-0.368056	0.015000	0.144300	1.238859
-0.134988	-0.272808	0.015000	0.173213	0.960375
-0.025873	-0.451756	0.015000	0.147154	0.856348
-0.384610	-0.299179	0.015000	0.156973	0.844411
-0.337805	-0.358170	0.015000	0.116128	0.936638
-0.391199	-0.169187	0.015000	0.136805	1.266936
-0.383409	-0.418925	0.015000	0.149822	2.039301
-0.368578	-0.505236	0.015000	0.142865	0.869931
-0.135721	-0.529856	0.015000	0.128832	1.340580
-0.393156	-0.401394	0.015000	0.123075	0.345499
-0.378197	-0.143122	0.015000	0.135096	1.351265
-0.216801	-0.189759	0.015000	0.168571	0.958156
-0.278572	-0.246488	0.015000	0.144593	0.977917
-0.234417	-0.434141	0.015000	0.159239	1.035494
-0.322433	-0.166312	0.015000	0.140780	0.239454
-0.298398	-0.491204	0.015000	0.148527	0.351494
-0.209458	-0.421393	0.015000	0.127847	1.026412
-0.326085	-0.691485	0.015000	0.155426	1.938091
-0.299305	-0.341700	0.015000	0.145915	1.566994
-0.365348	-0.300028	0.015000	0.164162	1.035188
-0.334301	-0.466284	0.015000	0.172616	0.655074
-0.162942	-0.269866	0.015000	0.157783	1.111863
-0.288612	-0.415890	0.015000	0.147523	0.467558
-0.283802	-0.172600	0.015000	0.137670	1.953163
0.173207	-0.647127	0.015000	0.167575	0.472001
0.223847	-0.652179	0.015000	0.127733	1.308610
0.143916	-0.836853	0.015000	0.125940	1.418322
0.239045	-0.577546	0.015000	0.189272	0.223592
0.253418	-0.753520	0.015000	0.154432	0.607850
0.391571	-0.685990	0.015000	0.132913	0.872788
0.205765	-0.672855	0.015000	0.169391	0.418724
0.325078	-0.675605	0.015000	0.147931	0.261558
0.333559	-0.636589	0.015000	0.194951	0.548215
0.326245	-0.710998	0.015000	0.145978	0.542194
0.157407	-0.603375	0.015000	0.136271	0.491890
0.232656	-0.767498	0.015000	0.149298	0.146559
0.280665	-0.583844	0.015000	0.160360	1.295038
0.354423	-0.613908	0.015000	0.128473	2.207246
0.187973	-0.716118	0.015000	0.156434	1.378861
0.216121	-0.757103	0.015000	0.147350	1.371713
0.109060	-0.619142	0.015000	0.154598	0.634465
0.086116	-0.628813	0.015000	0.155859	0.191532
0.355358	-0.672870	0.015000	0.138418	1.075472
0.231058	-0.538404	0.015000	0.142988	1.407497
0.156139	-0.634013	0.015000	0.162667	0.574820
0.411045	-0.630185	0.015000	0.151290	0.940405
0.299581	-0.671987	0.015000	0.124619	0.424431
0.173229	-0.558134	0.015000	0.167397	1.650918
0.221566	-0.611139	0.015000	0.142469	0.957280
0.349961	-0.837416	0.015000	0.150881	1.202935
0.201155	-0.597151	0.015000	0.149929	1.299153
0.314276	-0.657062	0.015000	0.139516	0.969836
0.416260	-0.854904	0.015000	0.126667	1.017637
0.167164	-0.810587	0.015000	0.149105	0.892833
0.181210	-0.529831	0.015000	0.136396	1.275126
0.456522	-0.422239	0.015000	0.162961	0.726934
0.086523	-0.802702	0.015000	0.131957	1.415194
0.110560	-0.555565	0.015000	0.147264	1.549640
0.251472	-0.836573	0.015000	0.117495	0.677310
0.278123	-0.560510	0.015000	0.143985	1.098413
0.235777	-0.736237	0.015000	0.141481	0.351895
0.265496	-0.692824	0.015000	0.149262	1.036144
0.163225	-0.695093	0.015000	0.155656	1.204576
0.286165	-0.745309	0.015000	0.135598	0.337039
-0.155003	-0.797918	0.015000	0.136443	0.300549
-0.156326	-0.691411	0.015000	0.153537	1.990355
0.105856	-0.634370	0.015000	0.151360	1.111902
-0.020217	-0.747233	0.015000	0.154691	1.929738
0.061228	-0.636908	0.015000	0.155844	0.831343
-0.014952	-0.787284	0.015000	0.137637	0.722118
-0.111425	-0.661476	0.015000	0.126723	1.532684
-0.250621	-0.854345	0.015000	0.156828	1.128667
-0.195692	-0.727840	0.015000	0.179421	0.314322
0.062799	-0.752375	0.015000	0.149137	1.072176
-0.098400	-0.625205	0.015000	0.159701	0.858931
-0.026121	-0.718438	0.015000	0.170546	1.301025
0.148761	-0.760624	0.015000	0.155547	1.633067
-0.094069	-0.816477	0.015000	0.140963	0.824011
-0.023976	-0.811889	0.015000	0.114520	1.159913
-0.209888	-0.738618	0.015000	0.155335	1.508426
-0.171870	-0.775631	0.015000	0.144905	2.542607
0.025090	-0.814701	0.015000	0.162107	2.489798
-0.030463	-0.836433	0.015000	0.141353	0.291673
-0.270178	-0.908555	0.015000	0.141333	0.097407
-0.204571	-0.759781	0.015000	0.159020	1.411297
0.156099	-0.662349	0.015000	0.184464	1.229050
0.036418	-0.721691	0.015000	0.161377	1.386943
0.088773	-0.907464	0.015000	0.109199	1.016208
-0.091805	-0.670921	0.015000	0.153914	0.444604
-0.102902	-0.751608	0.015000	0.143441	0.577243
-0.103955	-0.888483	0.015000	0.133558	0.687077
-0.062169	-0.837569	0.015000	0.152742	1.125617
-0.042248	-0.631814	0.015000	0.168527	0.621526
0.027447	-0.792489	0.015000	0.147626	0.986631
-0.072748	-0.649741	0.015000	0.131843	1.274471
-0.201087	-0.650742	0.015000	0.125533	0.756940
0.072709	-0.850155	0.015000	0.171830	0.715937
-0.042476	-0.876072	0.015000	0.140462	0.801702
0.042376	-0.649599	0.015000	0.150872	1.051606
0.101284	-0.649806	0.015000	0.139120	1.322161
-0.199169	-0.685198	0.015000	0.197141	1.202148
0.074206	-0.716735	0.015000	0.143899	0.581403
-0.195742	-0.584519	0.015000	0.146603	0.292550
-0.130277	-0.804094	0.015000	0.158337	0.717369
-0.803359	0.663615	0.015000	0.167691	0.847853
-0.988715	0.454903	0.015000	0.143389	1.307084
-0.952646	0.448101	0.015000	0.131109	1.431458
-0.845434	0.656094	0.015000	0.153060	1.366618
-0.799517	0.329030	0.015000	0.111090	0.827142
-0.883374	0.722049	0.015000	0.156634	1.134750
-0.746519	0.555447	0.015000	0.181335	1.146535
-0.743197	0.464376	0.015000	0.131165	0.347509
-0.613020	0.609957	0.015000	0.139925	0.275267
-0.769953	0.546572	0.015000	0.150338	0.851313
-0.768965	0.563112	0.015000	0.114924	0.551697
-0.842732	0.635406	0.015000	0.141231	1.126490
-0.560068	0.383253	0.015000	0.169620	0.777539
-0.761387	0.686370	0.015000	0.151435	0.795974
-0.685999	0.543131	0.015000	0.177273	0.481835
-0.492661	0.466275	0.015000	0.129373	1.285076
-0.867297	0.581716	0.015000	0.155684	1.302598
-0.813032	0.550314	0.015000	0.156063	2.278421
-0.844350	0.512346	0.015000	0.148451	1.255189
-0.949989	0.585643	0.015000	0.127380	0.574286
-0.912083	0.496515	0.015000	0.156342	1.408614
-0.862522	0.547836	0.015000	0.135017	0.993568
-0.893851	0.657366	0.015000	0.167728	0.865025
-0.703905	0.426293	0.015000	0.148983	0.869251
-0.682129	0.692925	0.015000	0.151283	2.442609
-0.876835	0.433635	0.015000	0.177571	0.829238
-0.746235	0.648205	0.015000	0.124548	0.950073
-0.880070	0.561982	0.015000	0.160166	1.543742
-0.900081	0.523668	0.015000	0.165293	0.702372
-0.849281	0.486409	0.015000	0.179335	1.814631
-0.609379	0.434927	0.015000	0.139454	0.570926
-0.808783	0.494533	0.015000	0.129765	0.874355
-0.644155	0.613686	0.015000	0.148636	1.004507
-0.924296	0.396816	0.015000	0.148625	1.234926
-0.704782	0.562325	0.015000	0.168864	1.353517
-0.786820	0.700565	0.015000	0.149374	0.507602
-0.823208	0.640652	0.015000	0.176073	0.775600
-0.816920	0.574956	0.015000	0.158044	0.427334
-0.815320	0.411086	0.015000	0.157189	0.981013
-0.720169	0.703547	0.015000	0.181788	1.381575
-0.441165	-0.306074	0.015000	0.157671	1.209794
-0.349455	-0.318213	0.015000	0.144695	1.739847
-0.468999	-0.484028	0.015000	0.174936	1.280327
-0.312731	-0.274434	0.015000	0.135417	1.757521
-0.485695	-0.349021	0.015000	0.142100	1.506273
-0.324481	-0.500752	0.015000	0.148412	1.483504
-0.291160	-0.467636	0.015000	0.144664	0.216938
-0.146723	-0.509410	0.015000	0.181715	0.407284
-0.187572	-0.321309	0.015000	0.145436	1.218944
-0.290923	-0.506565	0.015000	0.159210	0.536420
-0.461233	-0.460084	0.015000	0.151144	0.815113
-0.404156	-0.478951	0.015000	0.182540	0.456630
-0.319529	-0.524080	0.015000	0.162108	1.588995
-0.449613	-0.488686	0.015000	0.140788	0.998278
-0.428606	-0.563425	0.015000	0.170438	0.944044
-0.304128	-0.185113	0.015000	0.157197	0.842280
-0.461666	-0.623008	0.015000	0.128187	0.846570
-0.372627	-0.569964	0.015000	0.165660	0.887556
-0.481491	-0.421668	0.015000	0.151022	1.020196
-0.432052	-0.498535	0.015000	0.120168	0.278600
-0.356797	-0.475664	0.015000	0.161498	0.464788
-0.319378	-0.356087	0.015000	0.172078	0.775964
-0.376959	-0.179172	0.015000	0.145556	0.629349
-0.388160	-0.485029	0.015000	0.147484	0.536257
-0.359888	-0.420337	0.015000	0.175152	0.355065
-0.475746	-0.551751	0.015000	0.175316	0.802489
-0.565618	-0.532507	0.015000	0.171715	1.754408
-0.390079	-0.455826	0.015000	0.145424	1.358370
-0.324392	-0.420052	0.015000	0.130615	0.894673
-0.323072	-0.557302	0.015000	0.130640	2.080930
-0.328709	-0.338286	0.015000	0.160326	1.022388
-0.432943	-0.353708	0.015000	0.167142	1.840789
-0.399480	-0.365007	0.015000	0.161187	1.164642
-0.337947	-0.389931	0.015000	0.188440	0.924033
-0.382712	-0.376728	0.015000	0.140407	1.100975
-0.351683	-0.446976	0.015000	0.157446	2.192141
-0.447371	-0.520894	0.015000	0.156178	0.576481
-0.508651	-0.249797	0.015000	0.131086	0.665172
-0.421507	-0.607431	0.015000	0.165713	0.573084
-0.163474	-0.418620	0.015000	0.165558	0.834402
-0.481950	-0.823876	0.015000	0.110599	0.908572
-0.521543	-0.671161	0.015000	0.136342	1.236468
-0.482957	-0.904115	0.015000	0.146226	0.520895
-0.440435	-0.867711	0.015000	0.119902	0.712099
-0.388548	0.942239	0.015000	0.142278	0.933298
-0.535613	0.915730	0.015000	0.137554	1.601319
-0.625612	-0.724861	0.015000	0.114464	1.504754
-0.611780	-0.864223	0.015000	0.157286	0.921888
-0.613165	-0.790437	0.015000	0.158004	0.820193
-0.683825	-0.837648	0.015000	0.126746	1.429798
-0.515234	0.904061	0.015000	0.137672	1.332351
-0.322499	0.963517	0.015000	0.180060	0.871663
-0.496225	-0.942581	0.015000	0.123110	0.292990
-0.569432	-0.978289	0.015000	0.152676	1.056443
-0.499974	-0.844808	0.015000	0.111837	0.281812
-0.424637	-0.870320	0.015000	0.143330	0.476018
-0.475484	-0.967179	0.015000	0.153696	2.064128
-0.700051	-0.972147	0.015000	0.120120	0.965799
-0.426796	-0.981527	0.015000	0.169286	0.727913
-0.553224	-0.822298	0.015000	0.119303	0.263390
-0.565195	0.981636	0.015000	0.154875	0.884675
-0.477489	-0.871567	0.015000	0.177556	0.767386
-0.559293	-0.860465	0.015000	0.171514	1.302428
-0.547027	-0.933583	0.015000	0.156691	0.276264
-0.582477	-0.952663	0.015000	0.160285	1.131096
-0.606421	-0.842984	0.015000	0.152251	0.665716
-0.486596	0.915123	0.015000	0.147234	0.419125
-0.611603	-0.957562	0.015000	0.111416	0.688056
-0.351800	0.933334	0.015000	0.169543	0.327317
-0.647283	0.989027	0.015000	0.124186	0.876432
-0.606186	-0.991171	0.015000	0.171016	1.490120
-0.397602	-0.945867	0.015000	0.206924	0.669316
-0.509566	-0.997661	0.015000	0.146223	0.841846
-0.465040	-0.813167	0.015000	0.189262	0.685533
-0.443320	-0.937707	0.015000	0.165746	0.574413
-0.596853	-0.859537	0.015000	0.177948	0.678987
-0.454300	-0.961229	0.015000	0.159523	0.848448
-0.592979	0.986782	0.015000	0.121857	0.203092
-0.446818	-0.907526	0.015000	0.162071	0.573328
-0.550994	-0.950516	0.015000	0.135624	0.799055
0.370312	-0.643618	0.015000	0.149304	1.483570
0.609875	-0.616068	0.015000	0.144947	0.773796
0.543754	-0.626774	0.015000	0.140856	1.379338
0.500292	-0.735956	0.015000	0.129671	1.350835
0.307874	-0.788278	0.015000	0.160909	2.040548
0.727045	-0.676063	0.015000	0.131104	0.872019
0.331687	-0.735266	0.015000	0.156099	1.341407
0.441862	-0.644108	0.015000	0.168778	0.810732
0.547123	-0.763157	0.015000	0.164309	0.860260
0.427277	-0.689570	0.015000	0.167252	0.665913
0.567731	-0.798723	0.015000	0.125649	1.078798
0.592979	-0.791663	0.015000	0.107674	1.013475
0.554444	-0.533967	0.015000	0.150235	1.941744
0.530122	-0.769494	0.015000	0.152451	1.148686
0.411172	-0.733033	0.015000	0.146531	0.967030
0.410750	-0.797384	0.015000	0.158738	0.659332
0.456543	-0.634943	0.015000	0.123285	1.437745
0.449877	-0.671221	0.015000	0.132069	0.692567
0.482656	-0.643636	0.015000	0.141539	0.822873
0.529724	-0.680971	0.015000	0.118293	0.146465
0.111560	-0.688463	0.015000	0.147847	0.091591
0.528401	-0.651472	0.015000	0.140689	0.665695
0.442278	-0.796110	0.015000	0.151181	0.479903
0.373438	-0.754218	0.015000	0.160601	0.906309
0.592166	-0.767747	0.015000	0.169266	0.695431
0.535453	-0.701200	0.015000	0.145079	0.471630
0.508911	-0.655727	0.015000	0.177596	1.022471
0.604251	-0.669502	0.015000	0.112904	0.581072
0.406484	-0.663667	0.015000	0.153825	1.476364
0.413045	-0.716598	0.015000	0.175274	0.765547
0.642615	-0.844273	0.015000	0.137946	1.265060
0.378656	-0.769960	0.015000	0.165776	1.809975
0.471070	-0.521427	0.015000	0.149341	0.158427
0.567660	-0.761752	0.015000	0.122549	0.893057
0.522423	-0.742607	0.015000	0.140297	1.815537
0.375522	-0.696709	0.015000	0.178713	0.838946
0.381562	-0.736474	0.015000	0.132806	1.619977
0.444014	-0.609289	0.015000	0.182840	0.234817
0.533362	-0.810216	0.015000	0.172246	1.155822
0.586520	-0.827510	0.015000	0.124983	0.796604
0.659540	-0.312683	0.015000	0.152178	0.953613
0.779544	-0.355621	0.015000	0.158882	1.993956
0.804906	-0.339776	0.015000	0.147994	1.914892
0.712233	-0.237925	0.015000	0.105074	0.499003
0.840788	-0.367314	0.015000	0.147660	0.724054
0.763868	-0.283794	0.015000	0.162654	1.928974
0.719012	-0.475718	0.015000	0.117142	0.372121
0.656090	-0.331393	0.015000	0.145252	0.553137
0.567630	-0.326739	0.015000	0.153823	1.662873
0.581925	-0.500502	0.015000	0.174232	0.852295
0.799065	-0.150764	0.015000	0.160202	1.410155
0.706742	-0.407002	0.015000	0.173324	0.806336
0.839290	-0.278437	0.015000	0.143566	0.928010
0.567769	-0.138638	0.015000	0.161274	1.600753
0.661770	-0.240730	0.015000	0.163609	2.174742
0.906851	-0.374293	0.015000	0.160992	0.063061
0.753494	-0.329744	0.015000	0.156883	0.726959
0.732469	-0.295478	0.015000	0.137310	2.048404
0.916152	-0.404420	0.015000	0.159909	0.024281
0.770857	-0.191286	0.015000	0.136165	1.153438
0.697837	-0.173740	0.015000	0.136433	0.766336
0.728888	-0.212701	0.015000	0.150432	0.327980
0.526093	-0.458620	0.015000	0.159880	1.006965
0.832189	-0.347757	0.015000	0.118835	0.739500
0.710403	-0.354246	0.015000	0.141835	1.094522
0.626438	-0.249002	0.015000	0.141571	1.034588
0.837777	-0.400210	0.015000	0.145359	0.757148
0.840467	-0.127752	0.015000	0.145055	1.340246
0.665625	-0.288521	0.015000	0.123678	1.817524
0.744426	-0.315820	0.015000	0.128609	1.129068
0.689319	-0.247798	0.015000	0.141959	1.130329
0.753532	-0.112758	0.015000	0.124778	1.736519
0.733704	-0.246141	0.015000	0.186563	0.451941
0.770658	-0.310146	0.015000	0.149806	1.515961
0.859448	-0.221481	0.015000	0.120820	1.020552
0.470582	-0.304428	0.015000	0.162308	0.736069
0.854689	-0.237277	0.015000	0.166183	0.952754
0.874143	-0.288086	0.015000	0.121104	0.521698
0.729118	-0.260912	0.015000	0.146345	0.666062
0.861984	-0.387674	0.015000	0.173849	1.560013
0.539444	0.192211	0.015000	0.100985	0.389759
0.486530	0.125692	0.015000	0.178827	0.418243
0.505657	0.263228	0.015000	0.149168	0.501665
0.743027	0.234598	0.015000	0.116709	1.573272
0.714969	0.173292	0.015000	0.174481	0.425563
0.689046	0.131063	0.015000	0.180761	1.843941
0.457780	0.220121	0.015000	0.164525	1.264393
0.394921	0.099445	0.015000	0.114189	0.292485
0.509566	0.098785	0.015000	0.176150	0.926066
0.489573	0.208842	0.015000	0.138330	0.604898
0.389619	0.263849	0.015000	0.138139	2.216966
0.622162	0.372041	0.015000	0.155180	0.952347
0.653834	0.020465	0.015000	0.168588	0.947995
0.601260	0.190917	0.015000	0.109828	1.120921
0.396401	0.021167	0.015000	0.133851	0.403422
0.723856	0.214059	0.015000	0.166994	1.017743
0.567554	0.129794	0.015000	0.143388	1.662828
0.648166	0.184292	0.015000	0.174000	1.833360
0.466416	0.058998	0.015000	0.107407	0.348343
0.595103	0.076098	0.015000	0.131471	1.679650
0.644337	0.347300	0.015000	0.147318	1.166691
0.643838	0.149901	0.015000	0.157568	1.937608
0.642436	0.068728	0.015000	0.155827	0.617941
0.420606	0.194587	0.015000	0.151242	1.500224
0.598545	0.017503	0.015000	0.166491	1.070517
0.594563	0.206919	0.015000	0.148700	2.431541
0.855870	0.196784	0.015000	0.127189	0.884906
0.667458	0.151682	0.015000	0.191794	1.154881
0.674380	0.204948	0.015000	0.156935	2.014754
0.628620	0.130722	0.015000	0.129667	0.647919
0.522731	0.082412	0.015000	0.208096	0.401210
0.470266	0.127394	0.015000	0.119611	0.494531
0.690218	0.208342	0.015000	0.124299	1.062518
0.583351	0.315018	0.015000	0.188286	2.014639
0.502666	0.234461	0.015000	0.175040	1.232536
0.684215	0.051028	0.015000	0.125382	0.813701
0.433095	0.387734	0.015000	0.167607	1.911152
0.523211	0.121957	0.015000	0.124287	1.675458
0.622658	0.020912	0.015000	0.137169	0.546165
0.746828	0.142688	0.015000	0.123276	0.892209
-0.762196	-0.413298	0.015000	0.157767	0.509390
-0.912176	-0.519106	0.015000	0.162248	0.559444
-0.963025	-0.435274	0.015000	0.135996	0.661032
-0.889611	-0.450677	0.015000	0.139284	1.393251
-0.983749	-0.350742	0.015000	0.143865	0.619232
-0.891141	-0.475260	0.015000	0.120799	0.646986
-0.946965	-0.305604	0.015000	0.123137	2.512704
-0.918111	-0.466400	0.015000	0.142109	0.847290
-0.946281	-0.276311	0.015000	0.113976	0.079732
-0.961148	-0.488112	0.015000	0.122842	0.816476
-0.977719	-0.494518	0.015000	0.145462	1.395230
-0.919904	-0.426842	0.015000	0.161796	1.481012
-0.709084	-0.377577	0.015000	0.137114	0.859383
-0.781762	-0.500703	0.015000	0.142848	0.857513
-0.841191	-0.553274	0.015000	0.159527	0.422918
0.864498	-0.457023	0.015000	0.126142	1.732521
0.969449	-0.662457	0.015000	0.154567	1.129291
-0.971658	-0.290652	0.015000	0.140578	1.565193
-0.944366	-0.501792	0.015000	0.178133	0.292862
-0.820603	-0.490132	0.015000	0.154013	0.429215
-0.848418	-0.353493	0.015000	0.149021	0.825736
-0.894654	-0.396938	0.015000	0.145702	0.492727
-0.952921	-0.639200	0.015000	0.152513	1.349211
-0.720384	-0.338276	0.015000	0.187372	0.761319
-0.793470	-0.451464	0.015000	0.178697	0.718716
0.917095	-0.510674	0.015000	0.161433	0.053773
-0.864386	-0.485431	0.015000	0.157227	0.998764
-0.934853	-0.412979	0.015000	0.179497	1.275306
-0.999200	-0.500949	0.015000	0.104743	0.520983
-0.973735	-0.449717	0.015000	0.180893	1.487032
0.971564	-0.277218	0.015000	0.156419	0.945488
-0.906669	-0.576368	0.015000	0.150952	0.720987
0.952049	-0.272862	0.015000	0.144130	1.184354
-0.881649	-0.381080	0.015000	0.142547	0.586073
-0.740042	-0.501891	0.015000	0.169111	1.100933
-0.921567	-0.358035	0.015000	0.133793	0.097420
-0.741660	-0.337544	0.015000	0.160317	0.474127
0.941231	-0.310711	0.015000	0.162058	0.618067
-0.909657	-0.347865	0.015000	0.149705	1.008612
-0.967506	-0.566688	0.015000	0.183833	0.629351
-0.530168	-0.991375	0.015000	0.130939	0.394728
-0.384663	0.826182	0.015000	0.171194	1.023810
-0.351188	0.714903	0.015000	0.153810	1.025630
-0.406989	0.670858	0.015000	0.162723	1.092671
-0.581887	0.868430	0.015000	0.178797	0.987263
-0.548965	0.723202	0.015000	0.160826	1.479622
-0.508900	0.935586	0.015000	0.172389	0.654021
-0.383135	0.789314	0.015000	0.156642	0.059900
-0.526372	0.796423	0.015000	0.140695	0.816325
-0.666187	0.861869	0.015000	0.154928	0.914786
-0.501693	0.836144	0.015000	0.126430	0.951789
-0.338755	0.858557	0.015000	0.155136	1.008587
-0.602270	0.863686	0.015000	0.166922	0.944820
-0.483134	0.805401	0.015000	0.131005	0.997149
-0.430342	0.730956	0.015000	0.180606	1.397089
-0.630117	0.718520	0.015000	0.143794	1.439175
-0.257137	0.804675	0.015000	0.134244	1.277800
-0.673344	0.890909	0.015000	0.119328	2.347198
-0.528392	0.878776	0.015000	0.123289	0.650955
-0.417110	0.956350	0.015000	0.183685	0.735019
-0.547705	0.757036	0.015000	0.160385	1.225816
-0.600386	0.918819	0.015000	0.084597	0.331320
-0.472887	0.958609	0.015000	0.137670	1.652632
-0.577987	0.952281	0.015000	0.157402	0.467025
-0.571386	0.857234	0.015000	0.175602	0.597513
-0.565524	0.833340	0.015000	0.136656	0.656924
-0.435360	0.852763	0.015000	0.179553	1.214335
-0.513495	0.719156	0.015000	0.153869	0.222551
-0.466830	0.656647	0.015000	0.165010	0.974850
-0.546797	0.807182	0.015000	0.172493	0.551935
-0.523014	0.837570	0.015000	0.151650	0.849997
-0.473658	-0.987673	0.015000	0.167429	0.593397
-0.357737	0.831190	0.015000	0.117661	1.090427
-0.643691	0.894160	0.015000	0.129001	0.851375
-0.324817	0.764198	0.015000	0.161094	0.641038
-0.315437	0.796922	0.015000	0.137908	1.162276
-0.414983	0.759458	0.015000	0.128993	1.229544
-0.538035	0.837148	0.015000	0.206551	0.609430
-0.360926	0.781175	0.015000	0.143557	0.613558
-0.400728	0.733440	0.015000	0.151926	1.370237
0.610443	0.302725	0.015000	0.186829	1.746151
0.579274	-0.015129	0.015000	0.145296	0.803687
0.452731	-0.090448	0.015000	0.150574	1.573481
0.397453	-0.097951	0.015000	0.116820	0.901630
0.397490	-0.161039	0.015000	0.146729	0.556805
0.509436	-0.044765	0.015000	0.141735	0.781996
0.249537	-0.064301	0.015000	0.154763	2.352805
0.394715	-0.128098	0.015000	0.199383	1.220584
0.343076	-0.144713	0.015000	0.190124	2.022713
0.144328	0.118487	0.015000	0.144405	0.997130
0.250446	-0.100250	0.015000	0.167885	0.247039
0.424998	0.133878	0.015000	0.198843	1.803299
0.432065	-0.001482	0.015000	0.135262	0.492184
0.130250	-0.131651	0.015000	0.153835	1.207106
0.302301	-0.057792	0.015000	0.154745	1.454153
0.465745	-0.164094	0.015000	0.121088	0.792774
0.505974	0.015961	0.015000	0.134033	1.036471
0.232462	-0.178854	0.015000	0.150386	0.842545
0.308380	-0.142016	0.015000	0.151684	0.705179
0.419052	0.101532	0.015000	0.133092	1.155608
0.489003	-0.020643	0.015000	0.144603	0.580396
0.463033	-0.110340	0.015000	0.156340	1.572938
0.282472	0.127546	0.015000	0.144768	0.923351
0.420545	0.067069	0.015000	0.123291	2.384056
0.501113	-0.105206	0.015000	0.147564	0.991864
0.501783	-0.030970	0.015000	0.156932	0.580907
0.335884	-0.180175	0.015000	0.125724	2.126200
0.371111	-0.119530	0.015000	0.163769	1.655871
0.448301	-0.005536	0.015000	0.119061	0.571080
0.522552	-0.108506	0.015000	0.153339	0.981786
0.276464	-0.050827	0.015000	0.159860	1.842514
0.552364	0.035979	0.015000	0.120033	1.484474
0.439741	0.089390	0.015000	0.126825	0.994071
0.400667	-0.182026	0.015000	0.147235	1.589690
0.612442	-0.055136	0.015000	0.162855	0.687077
0.366018	-0.138609	0.015000	0.147786	2.255176
0.573812	-0.058886	0.015000	0.140005	0.559439
0.533994	-0.013759	0.015000	0.179548	1.009330
0.337118	-0.084987	0.015000	0.159419	0.258623
0.337050	-0.113006	0.015000	0.160577	0.535367
-0.963306	0.320815	0.015000	0.169525	1.365452
-0.850811	0.256703	0.015000	0.152734	0.927942
-0.981222	0.545134	0.015000	0.147432	0.774987
0.959177	0.457777	0.015000	0.173679	0.594189
-0.976341	0.409223	0.015000	0.169675	0.062272
-0.890346	0.348406	0.015000	0.177431	0.616686
0.923517	0.229028	0.015000	0.165676	1.138439
-0.918198	0.318139	0.015000	0.139615	0.870083
-0.971798	0.273455	0.015000	0.148136	0.822645
0.944015	0.367922	0.015000	0.168420	0.828707
0.914922	0.322577	0.015000	0.134162	1.154429
0.983673	0.078398	0.015000	0.142662	1.253503
-0.962628	0.355834	0.015000	0.121028	1.260051
-0.933081	0.222839	0.015000	0.162137	0.185992
-0.947559	0.103477	0.015000	0.153214	1.545780
0.976083	0.471678	0.015000	0.163526	1.206931
-0.849024	0.323872	0.015000	0.139970	0.465299
-0.968123	0.301602	0.015000	0.162805	1.416503
-0.820015	0.510044	0.015000	0.162346	1.259834
-0.988366	0.392658	0.015000	0.153422	1.835860
0.895546	0.112713	0.015000	0.127408	0.834233
-0.885767	0.289230	0.015000	0.165152	0.183890
0.987364	0.398159	0.015000	0.135668	0.730519
0.872178	0.497867	0.015000	0.138696	0.814721
0.991739	0.359405	0.015000	0.159756	0.645751
-0.943264	0.466213	0.015000	0.129622	0.942108
-0.922513	0.239791	0.015000	0.155553	0.239440
-0.892101	0.308110	0.015000	0.144971	0.360169
-0.885092	0.411191	0.015000	0.161881	1.031049
-0.928955	0.516908	0.015000	0.101475	1.022074
0.902388	0.246329	0.015000	0.169827	1.539527
0.912228	0.375557	0.015000	0.161682	1.068864
-0.998681	0.286438	0.015000	0.173999	1.177447
0.924032	0.398948	0.015000	0.159467	1.162841
0.945222	0.317641	0.015000	0.145827	1.722775
-0.936834	0.422073	0.015000	0.147870	0.634956
-0.969166	0.438071	0.015000	0.175059	0.839164
-0.918095	0.378882	0.015000	0.154367	1.138146
-0.993757	0.506618	0.015000	0.126313	0.360966
0.963056	0.517103	0.015000	0.156944	0.143355
-0.123666	-0.000218	0.015000	0.204786	0.991755
0.020801	0.029820	0.015000	0.113980	1.190043
-0.288256	0.150782	0.015000	0.191776	0.297538
-0.360425	-0.061972	0.015000	0.125465	0.244230
-0.084023	-0.148024	0.015000	0.114957	0.463698
-0.307719	0.013069	0.015000	0.155840	1.174259
0.010950	-0.192921	0.015000	0.148544	1.566197
-0.231685	-0.012376	0.015000	0.170291	1.446883
-0.159379	-0.004111	0.015000	0.172412	1.094722
-0.043869	-0.146868	0.015000	0.168242	0.117657
-0.174100	-0.246650	0.015000	0.185777	1.903211
-0.419087	-0.152111	0.015000	0.119199	1.310921
-0.102506	-0.028644	0.015000	0.155788	0.669241
-0.291108	-0.111573	0.015000	0.208069	2.141072
-0.254817	-0.033611	0.015000	0.127551	0.242604
0.026017	-0.051196	0.015000	0.180957	1.560083
-0.185527	-0.172289	0.015000	0.156683	1.008204
-0.116241	0.056146	0.015000	0.146628	0.458618
-0.193439	-0.109661	0.015000	0.148843	0.657451
0.060439	-0.181388	0.015000	0.153497	1.540519
-0.218599	-0.126432	0.015000	0.145652	1.885637
0.101810	0.025851	0.015000	0.176436	0.634494
-0.192483	-0.158570	0.015000	0.135982	0.704608
-0.092643	-0.128963	0.015000	0.154127	1.273163
0.069422	-0.068530	0.015000	0.148808	0.797828
-0.013527	-0.201442	0.015000	0.134542	0.933990
-0.083141	-0.251866	0.015000	0.156380	0.876238
-0.138199	-0.251198	0.015000	0.153130	0.799122
-0.197119	-0.000126	0.015000	0.133068	1.020854
-0.118069	-0.183566	0.015000	0.187058	0.879180
-0.295742	-0.051008	0.015000	0.148442	0.153993
0.001775	-0.180737	0.015000	0.133229	1.126397
-0.129892	-0.027705	0.015000	0.165017	0.298654
-0.251521	-0.167388	0.015000	0.174767	0.936345
0.027334	-0.086987	0.015000	0.170653	0.248353
-0.215094	-0.073176	0.015000	0.145542	1.019725
-0.174852	-0.122981	0.015000	0.158413	0.781319
-0.060967	-0.069989	0.015000	0.138688	0.550229
-0.130692	-0.059059	0.015000	0.155396	1.292960
-0.138809	-0.147082	0.015000	0.126717	1.424073
0.897057	-0.626890	0.015000	0.141762	1.669723
0.758609	-0.935671	0.015000	0.147395	1.067814
0.931128	-0.667960	0.015000	0.099182	0.265219
0.867775	-0.640225	0.015000	0.178729	0.969242
0.766680	-0.631623	0.015000	0.163994	1.391240
0.797125	-0.635662	0.015000	0.164283	0.873951
0.827527	-0.754790	0.015000	0.151143	0.983484
0.841919	-0.639764	0.015000	0.158062	0.780966
0.872423	-0.715113	0.015000	0.155345	0.805120
0.984824	-0.675632	0.015000	0.152186	1.448481
-0.950202	-0.783319	0.015000	0.180296	0.818131
0.869588	-0.483245	0.015000	0.157858	1.505718
0.783476	-0.619976	0.015000	0.154150	0.856001
0.769841	-0.704808	0.015000	0.167708	1.625159
0.875654	-0.597281	0.015000	0.164515	0.610327
0.838287	-0.930198	0.015000	0.166285	0.223259
0.908781	-0.741700	0.015000	0.170037	0.865282
0.929799	-0.763777	0.015000	0.102585	1.777128
0.758255	-0.800011	0.015000	0.172558	1.591718
0.859337	-0.704997	0.015000	0.163783	1.445841
0.746699	-0.700208	0.015000	0.148313	0.458883
0.784699	-0.823867	0.015000	0.167707	0.955162
0.858500	-0.661135	0.015000	0.140152	0.672436
0.649765	-0.704738	0.015000	0.131782	1.758164
0.749825	-0.543952	0.015000	0.119586	0.665424
0.955130	-0.695068	0.015000	0.186369	1.029047
0.784886	-0.725613	0.015000	0.143972	1.379326
0.825211	-0.573267	0.015000	0.160722	0.964259
0.822923	-0.695837	0.015000	0.112246	0.325964
0.778873	-0.853975	0.015000	0.135335	0.519253
0.888546	-0.670257	0.015000	0.139000	1.975233
0.611248	-0.750376	0.015000	0.128237	0.206863
0.809938	-0.558537	0.015000	0.125692	1.218763
0.849434	-0.589696	0.015000	0.133420	1.261850
0.756627	-0.727066	0.015000	0.151765	1.479040
0.977517	-0.597585	0.015000	0.166875	1.040022
0.944076	-0.629074	0.015000	0.162066	0.183232
0.801979	-0.673621	0.015000	0.171084	1.355073
0.940684	-0.737404	0.015000	0.144721	0.764269
0.652652	-0.623632	0.015000	0.170596	0.652044
0.087807	-0.184980	0.015000	0.133068	1.715382
0.072098	-0.027229	0.015000	0.125560	0.464817
-0.035360	-0.204216	0.015000	0.144191	0.771346
-0.010379	-0.300949	0.015000	0.126120	2.156846
-0.009992	0.025367	0.015000	0.148831	0.891583
-0.097954	0.003391	0.015000	0.167207	0.834397
0.077425	-0.049000	0.015000	0.169074	0.797438
-0.003138	-0.078404	0.015000	0.126822	0.577889
-0.069487	0.029244	0.015000	0.165374	0.909007
0.031145	-0.115939	0.015000	0.140122	0.376908
0.143172	-0.056494	0.015000	0.118966	0.704444
-0.165660	-0.032953	0.015000	0.144335	1.143370
0.062067	-0.161170	0.015000	0.159073	1.525693
-0.055190	-0.234603	0.015000	0.151892	1.098691
-0.148199	-0.082437	0.015000	0.151913	1.464819
-0.025318	-0.074351	0.015000	0.151746	1.280817
-0.206716	-0.053239	0.015000	0.131638	0.831794
-0.048136	-0.058881	0.015000	0.154166	1.442963
0.152775	-0.070073	0.015000	0.169337	1.339310
0.052471	-0.129969	0.015000	0.151201	0.528499
0.110168	-0.062084	0.015000	0.167942	1.582679
0.004597	-0.261880	0.015000	0.131310	1.099629
-0.088227	-0.102900	0.015000	0.130459	0.856818
0.034880	-0.220622	0.015000	0.148384	0.344380
-0.033811	-0.112134	0.015000	0.135409	1.748593
0.012308	-0.366830	0.015000	0.142113	0.966920
-0.006373	-0.218980	0.015000	0.136910	0.688433
-0.098404	-0.231865	0.015000	0.169408	0.850015
-0.132647	-0.078458	0.015000	0.144959	1.351870
0.296010	-0.133088	0.015000	0.135005	0.794641
0.147511	-0.117835	0.015000	0.124531	0.461967
-0.079946	0.004483	0.015000	0.155144	1.079242
0.102617	-0.240516	0.015000	0.165359	0.849536
-0.162086	-0.093420	0.015000	0.165846	0.669087
0.107773	-0.150124	0.015000	0.150941	1.451847
0.039712	-0.067341	0.015000	0.158425	0.769997
0.171027	-0.188783	0.015000	0.094370	0.458343
-0.160114	-0.173347	0.015000	0.135617	0.889914
0.241836	0.029042	0.015000	0.133416	2.403576
-0.077466	-0.020010	0.015000	0.155960	0.609856
0.782130	0.318767	0.015000	0.145175	1.674595
0.799455	0.537196	0.015000	0.156275	0.409751
0.941905	0.581219	0.015000	0.163992	1.130380
0.925398	0.502216	0.015000	0.151444	0.278154
0.842499	0.531188	0.015000	0.166873	0.164190
0.794336	0.483644	0.015000	0.152460	0.645006
0.688271	0.454080	0.015000	0.151340	0.378976
0.896233	0.422186	0.015000	0.157934	0.153902
0.741501	0.441859	0.015000	0.176155	1.090731
0.718958	0.435219	0.015000	0.131956	0.293361
0.860494	0.573337	0.015000	0.133751	0.356700
0.936592	0.513888	0.015000	0.132208	2.056896
0.732037	0.488535	0.015000	0.162687	0.978994
0.779913	0.387284	0.015000	0.139978	0.690099
0.882033	0.569448	0.015000	0.134258	0.750629
-0.927655	0.447828	0.015000	0.152957	0.319252
0.853439	0.647574	0.015000	0.157048	0.743856
0.955930	0.638993	0.015000	0.169178	0.121025
0.813793	0.499350	0.015000	0.155898	1.262052
0.957910	0.682422	0.015000	0.160538	1.183920
0.724597	0.571697	0.015000	0.144288	1.053637
0.959397	0.537468	0.015000	0.127991	1.211704
0.922267	0.265855	0.015000	0.156478	1.234833
0.902192	0.396812	0.015000	0.167922	0.766851
0.763115	0.496812	0.015000	0.165115	1.126735
0.816485	0.609730	0.015000	0.181761	0.604596
0.978290	0.383406	0.015000	0.116288	1.754797
0.979431	0.486821	0.015000	0.131515	0.917127
0.913383	0.468412	0.015000	0.178396	0.299810
0.940088	0.448339	0.015000	0.137225	0.921100
0.717000	0.628434	0.015000	0.145395	0.873829
0.793020	0.468491	0.015000	0.127695	0.337438
0.916772	0.338319	0.015000	0.141950	0.349052
0.640279	0.466505	0.015000	0.178816	0.126766
0.933395	0.414012	0.015000	0.109385	2.098290
0.834434	0.429029	0.015000	0.156132	1.287047
0.814359	0.483408	0.015000	0.148358	1.686001
0.828358	0.724570	0.015000	0.116276	0.383729
0.903196	0.598942	0.015000	0.138699	1.451777
0.994351	0.494761	0.015000	0.138507	0.693578
-0.709123	0.460957	0.015000	0.154847	2.040882
-0.839365	0.671451	0.015000	0.152114	0.777615
-0.654411	0.563784	0.015000	0.144275	1.319227
-0.728751	0.591495	0.015000	0.164809	0.879709
-0.538204	0.683013	0.015000	0.132279	0.730253
-0.621100	0.784744	0.015000	0.155558	0.464370
-0.717252	0.435139	0.015000	0.140030	1.281585
0.985057	0.815598	0.015000	0.146946	1.071937
-0.698332	0.686940	0.015000	0.131937	2.545462
-0.901853	0.570168	0.015000	0.155769	0.692726
-0.665236	0.775819	0.015000	0.165335	0.648312
-0.820498	0.687503	0.015000	0.180135	2.036018
-0.792605	0.602285	0.015000	0.161450	0.683925
-0.769906	0.656892	0.015000	0.197409	0.918043
-0.825253	0.707839	0.015000	0.146736	0.187373
-0.764051	0.608065	0.015000	0.146955	0.211690
-0.834542	0.585176	0.015000	0.161053	0.897588
-0.986188	0.663324	0.015000	0.150581	1.570099
-0.515777	0.637830	0.015000	0.177853	0.691042
-0.868003	0.640578	0.015000	0.188860	0.641144
-0.727251	0.667221	0.015000	0.158444	0.768900
-0.680701	0.643857	0.015000	0.129382	1.653513
-0.728203	0.378454	0.015000	0.186664	1.166613
-0.910921	0.680367	0.015000	0.180748	0.612955
-0.791281	0.529933	0.015000	0.146079	1.282198
-0.647425	0.651009	0.015000	0.127533	0.305785
-0.703922	0.648186	0.015000	0.130351	0.456976
-0.971980	0.598340	0.015000	0.137268	0.781543
-0.784633	0.436963	0.015000	0.135975	0.791264
-0.814061	0.590091	0.015000	0.136161	0.312629
-0.688911	0.593344	0.015000	0.139444	1.917585
-0.962210	0.514362	0.015000	0.150878	1.217078
-0.755793	0.490782	0.015000	0.099687	0.839441
-0.935209	0.592030	0.015000	0.133510	1.955692
-0.856268	0.704379	0.015000	0.145996	1.135663
-0.790827	0.813988	0.015000	0.163906	1.069650
-0.755931	0.712800	0.015000	0.126608	1.544930
-0.612149	0.752255	0.015000	0.150645	1.406651
-0.577313	0.622376	0.015000	0.163110	1.531217
-0.779664	0.487380	0.015000	0.143905	2.124132
0.502927	-0.236225	0.015000	0.177263	1.104231
0.462406	-0.475965	0.015000	0.142596	0.725799
0.480596	-0.291306	0.015000	0.174063	0.921344
0.562478	-0.089856	0.015000	0.142696	1.436394
0.571912	-0.393780	0.015000	0.162061	0.306292
0.593498	-0.287484	0.015000	0.156660	1.893538
0.404024	-0.411670	0.015000	0.149769	0.294008
0.452191	-0.347038	0.015000	0.166002	0.686542
0.350840	-0.125911	0.015000	0.142755	0.899813
0.411985	-0.497184	0.015000	0.162076	0.235998
0.450618	-0.302914	0.015000	0.106173	0.473805
0.473841	-0.197512	0.015000	0.127972	0.931833
0.402154	-0.364964	0.015000	0.154501	0.452052
0.477495	-0.175934	0.015000	0.152628	1.051450
0.435885	-0.259598	0.015000	0.154243	1.292318
0.348012	-0.456225	0.015000	0.154839	0.944544
0.289214	-0.442796	0.015000	0.154790	0.413342
0.385522	-0.402562	0.015000	0.160811	0.530314
0.532664	-0.284803	0.015000	0.119023	1.620389
0.352541	-0.362413	0.015000	0.116007	1.014954
0.215900	-0.198708	0.015000	0.177831	0.675739
0.471785	-0.412624	0.015000	0.152732	0.854662
0.493677	-0.269415	0.015000	0.213460	1.547272
0.382730	-0.260336	0.015000	0.144174	1.061526
0.434527	-0.150312	0.015000	0.153271	0.369574
0.311892	-0.406300	0.015000	0.123845	1.186626
0.406705	-0.220041	0.015000	0.161040	1.531459
0.536983	-0.473618	0.015000	0.140084	0.501600
0.434651	-0.403302	0.015000	0.125274	1.390807
0.161774	-0.406078	0.015000	0.145040	0.711367
0.468105	-0.236963	0.015000	0.176678	0.718138
0.712291	-0.257269	0.015000	0.210570	1.306307
0.258089	-0.411197	0.015000	0.133485	1.085777
0.362713	-0.211749	0.015000	0.172318	2.023057
0.470901	-0.142136	0.015000	0.153084	1.145090
0.390331	-0.219603	0.015000	0.102381	1.276087
0.395084	-0.200547	0.015000	0.154377	0.221302
0.421980	-0.326696	0.015000	0.136316	0.444139
0.365168	-0.252690	0.015000	0.176590	0.200770
0.533624	-0.242933	0.015000	0.124046	0.382202
0.663520	-0.420539	0.015000	0.130253	1.569594
0.990869	-0.652407	0.015000	0.125022	0.207865
0.982924	-0.613318	0.015000	0.130122	1.847709
0.829998	-0.545411	0.015000	0.154531	0.384092
0.983729	-0.415038	0.015000	0.157100	1.598770
0.569550	-0.483037	0.015000	0.136700	1.586199
0.684178	-0.572514	0.015000	0.176567	0.120722
0.736866	-0.590248	0.015000	0.129320	1.298141
0.693656	-0.502801	0.015000	0.146787	0.797903
0.813789	-0.514024	0.015000	0.140269	0.938563
0.801158	-0.590978	0.015000	0.180223	1.329333
0.914705	-0.576680	0.015000	0.121197	0.441956
0.847089	-0.487100	0.015000	0.165592	0.919378
0.909480	-0.486521	0.015000	0.139524	0.405501
0.926755	-0.475697	0.015000	0.132001	1.362989
0.766540	-0.532051	0.015000	0.122287	1.946642
0.771837	-0.374701	0.015000	0.151014	0.525707
0.897551	-0.508195	0.015000	0.163600	1.066233
0.746804	-0.610150	0.015000	0.179475	0.661145
0.656696	-0.470080	0.015000	0.130927	0.351067
0.923266	-0.550447	0.015000	0.111997	0.789124
0.946067	-0.513505	0.015000	0.186794	1.045351
0.892380	-0.457245	0.015000	0.144379	1.092659
0.736388	-0.415058	0.015000	0.139089	1.473590
0.766443	-0.562375	0.015000	0.160607	0.734658
0.866240	-0.678905	0.015000	0.140866	1.631541
0.878972	-0.519863	0.015000	0.171230	1.022113
0.803826	-0.446298	0.015000	0.141584	1.967821
0.917887	-0.455723	0.015000	0.134395	0.796674
0.938034	-0.407971	0.015000	0.136958	2.375778
0.858629	-0.503899	0.015000	0.148726	0.542845
0.857963	-0.528257	0.015000	0.149567	1.319490
0.707711	-0.558623	0.015000	0.158191	0.790398
0.784820	-0.405557	0.015000	0.119951	0.737235
0.687118	-0.457148	0.015000	0.152005	0.604012
0.957827	-0.572236	0.015000	0.138796	1.633345
0.580524	-0.451390	0.015000	0.152340	0.705021
0.662164	-0.522578	0.015000	0.162855	1.396184
0.631144	-0.469855	0.015000	0.171465	2.033798
0.882820	-0.440534	0.015000	0.173278	0.723478
0.054032	-0.725017	0.015000	0.113864	1.662639
-0.125649	-0.597057	0.015000	0.111700	0.733235
-0.093961	-0.547016	0.015000	0.140003	1.571602
-0.099144	-0.492240	0.015000	0.176203	0.630866
-0.108128	-0.702295	0.015000	0.144769	0.844228
0.010760	-0.600879	0.015000	0.112613	2.190720
0.021875	-0.561338	0.015000	0.148162	1.567884
0.050790	-0.286293	0.015000	0.159621	1.613917
0.105811	-0.713711	0.015000	0.192224	0.708410
0.006365	-0.663166	0.015000	0.175709	1.477934
-0.155003	-0.652260	0.015000	0.170111	1.612288
0.040731	-0.668580	0.015000	0.171239	1.062828
0.129644	-0.614950	0.015000	0.135795	1.149464
0.012472	-0.452843	0.015000	0.165400	0.592655
0.056902	-0.670264	0.015000	0.140894	0.582535
0.014525	-0.405268	0.015000	0.166921	1.035453
0.056664	-0.795366	0.015000	0.140282	0.498431
0.046323	-0.449621	0.015000	0.164794	0.757421
-0.044600	-0.689464	0.015000	0.145709	0.879712
-0.039142	-0.596169	0.015000	0.183548	0.445794
0.131536	-0.952151	0.015000	0.145654	0.483400
-0.102555	-0.452361	0.015000	0.123634	1.388278
-0.065070	-0.501469	0.015000	0.158884	0.667677
0.034234	-0.756516	0.015000	0.146575	1.143606
-0.061264	-0.552156	0.015000	0.152598	0.926375
0.048101	-0.530799	0.015000	0.165542	1.089436
0.025874	-0.618573	0.015000	0.146700	0.551631
0.004749	-0.639474	0.015000	0.169447	0.467518
-0.029758	-0.647879	0.015000	0.113118	0.283578
-0.069919	-0.583043	0.015000	0.155977	0.442125
-0.139855	-0.625593	0.015000	0.153307	1.227420
0.012693	-0.512241	0.015000	0.162553	0.644131
0.070001	-0.585559	0.015000	0.177149	1.000148
0.095952	-0.608726	0.015000	0.154162	1.930217
-0.195911	-0.813615	0.015000	0.100819	0.888902
0.107928	-0.479264	0.015000	0.126679	1.058495
0.007271	-0.583225	0.015000	0.134508	0.669563
-0.023958	-0.566333	0.015000	0.178043	0.628973
-0.051449	-0.617058	0.015000	0.124986	1.114467
-0.104384	-0.680097	0.015000	0.172555	1.441100
