# alpha	mean_degree	std_degree
1.000000000000000021e-03 2.634999999999999787e+00 1.070000000000033147e-01
2.000000000000000042e-03 4.913999999999999702e+00 4.400000000004723744e-02
3.000000000000000062e-03 7.312999999999999723e+00 5.099999999998550138e-02
4.000000000000000083e-03 9.460999999999998522e+00 3.700000000034144032e-02
5.000000000000000104e-03 1.155499999999999972e+01 1.309999999999516274e-01
6.000000000000000125e-03 1.343400000000000105e+01 1.999999997475242729e-03
7.000000000000000146e-03 1.519699999999999918e+01 1.300000000107935996e-02
8.000000000000000167e-03 1.695599999999999952e+01 6.400000000003200351e-02
9.000000000000001055e-03 1.871300000000000097e+01 5.699999999934800277e-02
1.000000000000000194e-02 2.038899999999999935e+01 7.299999999973023901e-02
1.099999999999999936e-02 2.214199999999999946e+01 2.760000000000583653e-01
1.200000000000000025e-02 2.317999999999999972e+01 3.419999999999108198e-01
1.300000000000000114e-02 2.480300000000000082e+01 2.650000000000950484e-01
1.400000000000000203e-02 2.585600000000000165e+01 3.239999999997706936e-01
1.499999999999999944e-02 2.717399999999999949e+01 1.180000000003737226e-01
1.600000000000000033e-02 2.872500000000000142e+01 2.999999977265057662e-03
1.700000000000000122e-02 2.929700000000000060e+01 1.370000000000738682e-01
1.800000000000000211e-02 3.068599999999999994e+01 7.599999999979550891e-02
1.900000000000000300e-02 3.188599999999999923e+01 6.400000000003200351e-02
2.000000000000000042e-02 3.275199999999999534e+01 1.320000000013124841e-01
2.100000000000000130e-02 3.350700000000000500e+01 1.729999999994535076e-01
2.200000000000000219e-02 3.482600000000000051e+01 4.539999999998217128e-01
2.299999999999999961e-02 3.556499999999999773e+01 8.100000000090760988e-02
2.400000000000000050e-02 3.623900000000000432e+01 4.499999999751000401e-02
2.500000000000000139e-02 3.754699999999999704e+01 8.500000000170343517e-02
2.600000000000000228e-02 3.864600000000000080e+01 2.500000000000000000e-01
2.700000000000000316e-02 3.877599999999999625e+01 1.700000000007318712e-01
2.800000000000000058e-02 3.925400000000000489e+01 7.119999999996636797e-01
2.900000000000000147e-02 4.029900000000000659e+01 4.099999999954019592e-02
3.000000000000000236e-02 4.151300000000000523e+01 2.089999999991656587e-01
3.099999999999999978e-02 4.155700000000000216e+01 1.590000000005575564e-01
3.200000000000000067e-02 4.278100000000000591e+01 2.549999999993144972e-01
3.300000000000000155e-02 4.274000000000000199e+01 5.400000000000154676e-01
3.400000000000000244e-02 4.364799999999999613e+01 8.800000000130561717e-02
3.500000000000000333e-02 4.338299999999999557e+01 2.430000000003835758e-01
3.600000000000000422e-02 4.465399999999999636e+01 3.660000000004822729e-01
3.700000000000000511e-02 4.521800000000000352e+01 3.339999999994152646e-01
3.799999999999999906e-02 4.562999999999999545e+01 2.520000000003841945e-01
3.899999999999999994e-02 4.694599999999999795e+01 5.199999999994486810e-02
4.000000000000000083e-02 4.697299999999999898e+01 6.310000000000577369e-01
4.100000000000000172e-02 4.808800000000000097e+01 1.519999999995910178e-01
4.200000000000000261e-02 4.799300000000000210e+01 1.589999999991275337e-01
4.300000000000000350e-02 4.775900000000000034e+01 3.169999999998817097e-01
4.400000000000000439e-02 4.954999999999999716e+01 0.000000000000000000e+00
4.499999999999999833e-02 4.935699999999999932e+01 2.900000000847373013e-02
4.599999999999999922e-02 4.979500000000000171e+01 1.789999999998200808e-01
4.700000000000000011e-02 5.046500000000000341e+01 2.869999999995542228e-01
4.800000000000000100e-02 5.042900000000000205e+01 3.930000000001441229e-01
4.900000000000000189e-02 5.095900000000000318e+01 1.969999999980176220e-01
5.000000000000000278e-02 5.145600000000000307e+01 4.459999999992956266e-01
5.100000000000000366e-02 5.122500000000000142e+01 3.109999999998208642e-01
5.200000000000000455e-02 5.253199999999999648e+01 2.200000000323316940e-02
5.300000000000000544e-02 5.302200000000000557e+01 3.819999999993035633e-01
5.399999999999999939e-02 5.330199999999999960e+01 2.319999999991857187e-01
5.500000000000000028e-02 5.251200000000000045e+01 4.660000000001707221e-01
5.600000000000000117e-02 5.365999999999999659e+01 5.600000000239119258e-02
5.700000000000000205e-02 5.428099999999999881e+01 1.290000000006330527e-01
5.800000000000000294e-02 5.438100000000000023e+01 5.289999999996014557e-01
5.900000000000000383e-02 5.441800000000000637e+01 4.679999999999897020e-01
6.000000000000000472e-02 5.520900000000000318e+01 6.369999999996146522e-01
6.099999999999999867e-02 5.524399999999999977e+01 2.799999999713535109e-02
6.199999999999999956e-02 5.526699999999999591e+01 3.150000000013373769e-01
6.300000000000000044e-02 5.522700000000000387e+01 2.899999998495231615e-02
6.400000000000000133e-02 5.541799999999999926e+01 3.139999999997067359e-01
6.500000000000000222e-02 5.618999999999999773e+01 7.400000000490773722e-02
6.600000000000000311e-02 5.660299999999999443e+01 3.500000001266016791e-02
6.700000000000000400e-02 5.700600000000000023e+01 9.439999999998586189e-01
6.800000000000000488e-02 5.631700000000000017e+01 3.830000000001975158e-01
6.900000000000000577e-02 5.711200000000000188e+01 3.500000000005716871e-01
7.000000000000000666e-02 5.751399999999999579e+01 3.300000000002668021e-01
7.100000000000000755e-02 5.748399999999999466e+01 7.200000000384776389e-02
7.200000000000000844e-02 5.792399999999999949e+01 3.359999999994595643e-01
7.300000000000000933e-02 5.754999999999999716e+01 8.060000000000623332e-01
7.399999999999999634e-02 5.857800000000000296e+01 1.119999999986920208e-01
7.499999999999999722e-02 5.877100000000000080e+01 4.589999999995289515e-01
7.599999999999999811e-02 5.849800000000000466e+01 2.179999999991100723e-01
7.699999999999999900e-02 5.866799999999999926e+01 2.440000000004250436e-01
7.799999999999999989e-02 5.876899999999999835e+01 6.669999999999066675e-01
7.900000000000000078e-02 5.899899999999999523e+01 7.830000000002554916e-01
8.000000000000000167e-02 6.024900000000000233e+01 2.930000000000902993e-01
8.100000000000000255e-02 5.983200000000000074e+01 1.139999999996932634e-01
8.200000000000000344e-02 5.954800000000000182e+01 3.619999999996506013e-01
8.300000000000000433e-02 6.014199999999999591e+01 3.640000000002387437e-01
8.400000000000000522e-02 5.987900000000000489e+01 2.269999999986587746e-01
8.500000000000000611e-02 6.067000000000000171e+01 8.559999999996944497e-01
8.600000000000000699e-02 6.065699999999999648e+01 3.350000000004593748e-01
8.700000000000000788e-02 6.061599999999999966e+01 1.620000000004116758e-01
8.800000000000000877e-02 6.076399999999999579e+01 3.920000000004973395e-01
8.899999999999999578e-02 6.099000000000000199e+01 9.999999999881765966e-02
8.999999999999999667e-02 6.128399999999999892e+01 5.920000000000860130e-01
9.099999999999999756e-02 6.128399999999999892e+01 6.200000000241350645e-02
9.199999999999999845e-02 6.132899999999999352e+01 4.700000000718709825e-02
9.299999999999999933e-02 6.214900000000000091e+01 3.729999999995768367e-01
9.400000000000000022e-02 6.224000000000000199e+01 3.019999999997254880e-01
9.500000000000000111e-02 6.207000000000000028e+01 7.659999999998012843e-01
9.600000000000000200e-02 6.148000000000000398e+01 6.899999999995692912e-01
9.700000000000000289e-02 6.216799999999999926e+01 5.860000000001805986e-01
9.800000000000000377e-02 6.136500000000000199e+01 1.309999999990837938e-01
9.900000000000000466e-02 6.220799999999999841e+01 3.220000000002446461e-01
1.000000000000000056e-01 6.350099999999999767e+01 1.370000000009037044e-01
1.010000000000000064e-01 6.209600000000000364e+01 3.999999938107065729e-03
1.020000000000000073e-01 6.242099999999999937e+01 1.290000000006330527e-01
1.030000000000000082e-01 6.180199999999999960e+01 6.599999999936434492e-02
1.040000000000000091e-01 6.282300000000000040e+01 4.170000000001735652e-01
1.050000000000000100e-01 6.318999999999999773e+01 3.079999999994943449e-01
1.059999999999999970e-01 6.369000000000000483e+01 9.719999999998969464e-01
1.069999999999999979e-01 6.354399999999999693e+01 1.500000000031529168e-01
1.079999999999999988e-01 6.374299999999999500e+01 1.030000000040813130e-01
1.089999999999999997e-01 6.406600000000000250e+01 2.839999999985571844e-01
1.100000000000000006e-01 6.328000000000000114e+01 2.680000000001978022e-01
1.110000000000000014e-01 6.431999999999999318e+01 4.240000000010101244e-01
1.120000000000000023e-01 6.392400000000000659e+01 4.339999999996057567e-01
1.130000000000000032e-01 6.307999999999999829e+01 5.040000000003171943e-01
1.140000000000000041e-01 6.377199999999999847e+01 1.059999999991800140e-01
1.150000000000000050e-01 6.406399999999999295e+01 9.980000000007258620e-01
1.160000000000000059e-01 6.506100000000000705e+01 1.729999999955106060e-01
1.170000000000000068e-01 6.378399999999999892e+01 3.259999999999690923e-01
1.180000000000000077e-01 6.469800000000000750e+01 2.599999999988498178e-01
1.190000000000000085e-01 6.497200000000000841e+01 8.119999999992500994e-01
1.200000000000000094e-01 6.501999999999999602e+01 5.539999999995905977e-01
1.209999999999999964e-01 6.546600000000000819e+01 7.539999999989744905e-01
1.219999999999999973e-01 6.421899999999999409e+01 7.300000000985304438e-02
1.229999999999999982e-01 6.601200000000000045e+01 1.499999999970896281e-01
1.239999999999999991e-01 6.496500000000000341e+01 2.999999901473831068e-03
1.250000000000000000e-01 6.538400000000000034e+01 4.340000000006535852e-01
1.260000000000000009e-01 6.585099999999999909e+01 2.050000000015829715e-01
1.270000000000000018e-01 6.472300000000001319e+01 5.489999999989114698e-01
1.280000000000000027e-01 6.605100000000000193e+01 5.269999999994816609e-01
1.290000000000000036e-01 6.543600000000000705e+01 7.359999999995378017e-01
1.300000000000000044e-01 6.553999999999999204e+01 2.760000000008822063e-01
1.310000000000000053e-01 6.562600000000000477e+01 2.500000000000000000e-01
1.320000000000000062e-01 6.586899999999999977e+01 5.689999999996918634e-01
1.330000000000000071e-01 6.640800000000000125e+01 2.799999999989631894e-01
1.340000000000000080e-01 6.569200000000000728e+01 8.759999999993585140e-01
1.350000000000000089e-01 6.650600000000000023e+01 3.139999999982585055e-01
1.360000000000000098e-01 6.688100000000000023e+01 3.229999999996588378e-01
1.370000000000000107e-01 6.531000000000000227e+01 1.098000000000307841e+00
1.380000000000000115e-01 6.584299999999998931e+01 4.390000000014310788e-01
1.390000000000000124e-01 6.633899999999999864e+01 7.289999999994353219e-01
1.400000000000000133e-01 6.568500000000000227e+01 1.489999999992218105e-01
1.410000000000000142e-01 6.678600000000000136e+01 3.959999999996311471e-01
1.420000000000000151e-01 6.709000000000000341e+01 4.459999999992956266e-01
1.430000000000000160e-01 6.704500000000000171e+01 6.730000000000297966e-01
1.440000000000000169e-01 6.690399999999999636e+01 3.000000000002425379e-02
1.450000000000000178e-01 6.731300000000000239e+01 3.869999999995490936e-01
1.459999999999999909e-01 6.747299999999999898e+01 4.769999999997659446e-01
1.469999999999999918e-01 6.734600000000000364e+01 2.699999999985340238e-01
1.479999999999999927e-01 6.734900000000000375e+01 1.370000000009037044e-01
1.489999999999999936e-01 6.657399999999999807e+01 9.380000000000257021e-01
1.499999999999999944e-01 6.702400000000000091e+01 1.019999999999932960e+00
1.509999999999999953e-01 6.827600000000001046e+01 2.159999999968061357e-01
1.519999999999999962e-01 6.726099999999999568e+01 5.700000000283839130e-02
1.529999999999999971e-01 6.695799999999999841e+01 1.940000000000526581e-01
1.539999999999999980e-01 6.737999999999999545e+01 2.680000000010462347e-01
1.549999999999999989e-01 6.783199999999999363e+01 3.140000000011549663e-01
1.559999999999999998e-01 6.726099999999999568e+01 9.700000000588647475e-02
1.570000000000000007e-01 6.728100000000000591e+01 3.669999999993536210e-01
1.580000000000000016e-01 6.781799999999999784e+01 1.700000000007318712e-01
1.590000000000000024e-01 6.723699999999999477e+01 5.570000000001010809e-01
1.600000000000000033e-01 6.713900000000001000e+01 4.099999997458454726e-02
1.610000000000000042e-01 6.711099999999999000e+01 4.190000000011044889e-01
1.620000000000000051e-01 6.752000000000001023e+01 9.159999999993946318e-01
1.630000000000000060e-01 6.764000000000000057e+01 4.399999999613117552e-02
1.640000000000000069e-01 6.802899999999999636e+01 4.330000000009510130e-01
1.650000000000000078e-01 6.809000000000000341e+01 4.819999999995929763e-01
1.660000000000000087e-01 6.742099999999999227e+01 6.430000000004529870e-01
1.670000000000000095e-01 6.829800000000000182e+01 5.680000000003169180e-01
1.680000000000000104e-01 6.830400000000000205e+01 2.560000000001280140e-01
1.690000000000000113e-01 6.841599999999999682e+01 4.000000108637321444e-03
1.700000000000000122e-01 6.773600000000000421e+01 2.199999999992591770e-01
1.710000000000000131e-01 6.835200000000000387e+01 1.359999999988467656e-01
1.720000000000000140e-01 6.876999999999999602e+01 3.039999999991820356e-01
1.730000000000000149e-01 6.925399999999999068e+01 2.640000000009024572e-01
1.740000000000000158e-01 6.885900000000000887e+01 9.149999999996214495e-01
1.750000000000000167e-01 6.846299999999999386e+01 7.100000000884633400e-02
1.760000000000000175e-01 6.786199999999999477e+01 3.040000000006778946e-01
1.769999999999999907e-01 6.860099999999999909e+01 5.250000000002078560e-01
1.779999999999999916e-01 6.850499999999999545e+01 2.510000000008772991e-01
1.789999999999999925e-01 6.870900000000000318e+01 2.669999999974055904e-01
1.799999999999999933e-01 6.842000000000000171e+01 3.639999999989894652e-01
1.809999999999999942e-01 6.906700000000000728e+01 9.249999999995870414e-01
1.819999999999999951e-01 6.920099999999999341e+01 4.070000000017132691e-01
1.829999999999999960e-01 6.968000000000000682e+01 7.999999998995917239e-02
1.839999999999999969e-01 6.860300000000000864e+01 3.549999999968354580e-01
1.849999999999999978e-01 6.942400000000000659e+01 3.279999999990944048e-01
1.859999999999999987e-01 6.937000000000000455e+01 3.119999999996692086e-01
1.869999999999999996e-01 6.749500000000000455e+01 7.329999999992932169e-01
1.880000000000000004e-01 6.819999999999998863e+01 2.400000000020887925e-01
1.890000000000000013e-01 6.831999999999999318e+01 5.120000000011442065e-01
1.900000000000000022e-01 6.865100000000001046e+01 5.969999999992258166e-01
1.910000000000000031e-01 6.911099999999999000e+01 6.230000000014079831e-01
1.920000000000000040e-01 6.894400000000000261e+01 6.480000000002431593e-01
1.930000000000000049e-01 6.918000000000000682e+01 1.239999999938250635e-01
1.940000000000000058e-01 6.874399999999999977e+01 2.779999999999339666e-01
1.950000000000000067e-01 6.933500000000000796e+01 6.269999999993102202e-01
1.960000000000000075e-01 6.955199999999999250e+01 1.360000000055342217e-01
1.970000000000000084e-01 6.912800000000000011e+01 3.199999999996270827e-01
1.980000000000000093e-01 6.937999999999999545e+01 4.560000000007675691e-01
1.990000000000000102e-01 6.894300000000001205e+01 1.042999999999784766e+00
2.000000000000000111e-01 7.025100000000000477e+01 1.949999999972426012e-01
2.010000000000000120e-01 6.836099999999999000e+01 3.310000000016948829e-01
2.020000000000000129e-01 6.904099999999999682e+01 2.470000000018668929e-01
2.030000000000000138e-01 6.900800000000000978e+01 2.159999999989114239e-01
2.040000000000000147e-01 6.891700000000000159e+01 1.269999999985709227e-01
2.050000000000000155e-01 6.954099999999999682e+01 6.490000000000848424e-01
2.060000000000000164e-01 6.881600000000000250e+01 1.519999999995910178e-01
2.070000000000000173e-01 6.946199999999998909e+01 3.700000000018012769e-01
2.080000000000000182e-01 6.992000000000000171e+01 2.179999999991100723e-01
2.090000000000000191e-01 6.963499999999999091e+01 4.570000000016022357e-01
2.099999999999999922e-01 6.948699999999999477e+01 7.900000000604401329e-02
2.109999999999999931e-01 7.000000000000000000e+01 2.860000000006905352e-01
2.119999999999999940e-01 6.932599999999999341e+01 3.440000000019819426e-01
2.129999999999999949e-01 6.937299999999999045e+01 2.130000000030544127e-01
2.139999999999999958e-01 6.974699999999999989e+01 2.010000000005018606e-01
2.149999999999999967e-01 6.941700000000000159e+01 2.209999999995727882e-01
2.159999999999999976e-01 6.965100000000001046e+01 1.589999999976975109e-01
2.169999999999999984e-01 7.094499999999999318e+01 7.650000000004698597e-01
2.179999999999999993e-01 7.034899999999998954e+01 3.490000000016358350e-01
2.190000000000000002e-01 6.992000000000000171e+01 7.500000000000000000e-01
2.200000000000000011e-01 7.116499999999999204e+01 5.000000027794157705e-03
2.210000000000000020e-01 7.046899999999999409e+01 9.700000000588647475e-02
2.220000000000000029e-01 7.041499999999999204e+01 3.010000000013092758e-01
2.230000000000000038e-01 6.970900000000000318e+01 3.929999999995655857e-01
2.240000000000000047e-01 6.946800000000000352e+01 4.559999999997703113e-01
2.250000000000000056e-01 7.017500000000001137e+01 4.329999999999007976e-01
2.260000000000000064e-01 7.017699999999999250e+01 1.890000000029197769e-01
2.270000000000000073e-01 6.970400000000000773e+01 4.399999999995518607e-01
2.280000000000000082e-01 7.074599999999999511e+01 2.800000000005872791e-01
2.290000000000000091e-01 7.020199999999999818e+01 5.119999999993678497e-01
2.300000000000000100e-01 7.015600000000000591e+01 7.599999999979550891e-02
2.310000000000000109e-01 7.015999999999999659e+01 6.000000000012429835e-01
2.320000000000000118e-01 7.090800000000000125e+01 1.719999999996690287e-01
2.330000000000000127e-01 7.028100000000000591e+01 5.849999999987238741e-01
2.340000000000000135e-01 7.102299999999999613e+01 4.229999999996431614e-01
2.350000000000000144e-01 6.973900000000000432e+01 1.150999999999892331e+00
2.360000000000000153e-01 7.068700000000001182e+01 7.009999999995107922e-01
2.370000000000000162e-01 7.080500000000000682e+01 5.449999999990267074e-01
2.380000000000000171e-01 7.118500000000000227e+01 9.699999999182212784e-02
2.390000000000000180e-01 7.092199999999999704e+01 1.819999999988700656e-01
2.400000000000000189e-01 7.066800000000000637e+01 1.233999999999752850e+00
2.409999999999999920e-01 7.001599999999999113e+01 5.520000000001167306e-01
2.419999999999999929e-01 7.052500000000000568e+01 7.429999999993187609e-01
2.429999999999999938e-01 7.088100000000000023e+01 9.509999999998841602e-01
2.439999999999999947e-01 7.024000000000000909e+01 2.419999999979824679e-01
2.449999999999999956e-01 7.009800000000001319e+01 3.259999999978766549e-01
2.459999999999999964e-01 7.085800000000000409e+01 3.039999999991820356e-01
2.469999999999999973e-01 7.125400000000000489e+01 2.200000000013262180e-01
2.479999999999999982e-01 7.166300000000001091e+01 2.869999999979697125e-01
2.489999999999999991e-01 6.971899999999999409e+01 7.230000000001757243e-01
2.500000000000000000e-01 7.036499999999999488e+01 4.230000000007182459e-01
2.510000000000000009e-01 7.033700000000000330e+01 2.949999999996818500e-01
2.520000000000000018e-01 7.046399999999999864e+01 1.539999999990089574e-01
2.530000000000000027e-01 7.033899999999999864e+01 5.700000000283839130e-02
2.540000000000000036e-01 7.113599999999999568e+01 2.300000000032615399e-01
2.550000000000000044e-01 7.136899999999999977e+01 4.650000000001314193e-01
2.560000000000000053e-01 7.100000000000000000e+01 1.260000000015455146e-01
2.570000000000000062e-01 7.070199999999999818e+01 9.199999999754800151e-02
2.580000000000000071e-01 6.993600000000000705e+01 5.519999999992929451e-01
2.590000000000000080e-01 7.161500000000000909e+01 1.899999998499008261e-02
2.600000000000000089e-01 7.022599999999999909e+01 9.599999999723543564e-02
2.610000000000000098e-01 7.050300000000000011e+01 6.029999999999973159e-01
2.620000000000000107e-01 7.155100000000000193e+01 4.529999999997137428e-01
2.630000000000000115e-01 7.109900000000000375e+01 2.350000000020713298e-01
2.640000000000000124e-01 7.117699999999999250e+01 8.700000001235373703e-02
2.650000000000000133e-01 7.134600000000000364e+01 1.499999999970896281e-01
2.660000000000000142e-01 7.146600000000000819e+01 5.439999999987307211e-01
2.670000000000000151e-01 7.099399999999999977e+01 7.440000000002346958e-01
2.680000000000000160e-01 7.007800000000000296e+01 5.039999999989638324e-01
2.690000000000000169e-01 7.009799999999999898e+01 1.359999999988467656e-01
2.700000000000000178e-01 7.141399999999998727e+01 5.640000000007784342e-01
2.710000000000000187e-01 7.054400000000001114e+01 1.259999999979364016e-01
2.720000000000000195e-01 7.165299999999999159e+01 1.870000000055957179e-01
2.730000000000000204e-01 7.081499999999999773e+01 1.590000000034176020e-01
2.740000000000000213e-01 7.160999999999999943e+01 1.140000000016877651e-01
2.750000000000000222e-01 7.059300000000000352e+01 5.409999999999096643e-01
2.760000000000000231e-01 7.113900000000001000e+01 6.589999999991794644e-01
2.770000000000000240e-01 7.084600000000000364e+01 9.140000000002193037e-01
2.780000000000000249e-01 7.128300000000000125e+01 7.500000000460810279e-02
2.790000000000000258e-01 7.171199999999998909e+01 1.400000003104963017e-02
2.800000000000000266e-01 7.187000000000000455e+01 3.839999999995998836e-01
2.810000000000000275e-01 7.173900000000000432e+01 5.789999999990150803e-01
2.820000000000000284e-01 7.113400000000000034e+01 5.959999999999392450e-01
2.830000000000000293e-01 7.092900000000000205e+01 1.053000000000138714e+00
2.840000000000000302e-01 7.103499999999999659e+01 3.210000000004720189e-01
2.850000000000000311e-01 7.112999999999999545e+01 5.460000000007745324e-01
2.860000000000000320e-01 7.098099999999999454e+01 7.630000000001632143e-01
2.870000000000000329e-01 7.134100000000000819e+01 3.309999999989471364e-01
2.880000000000000338e-01 7.111099999999999000e+01 5.669999999999371099e-01
2.890000000000000346e-01 7.167400000000000659e+01 7.219999999990021067e-01
2.899999999999999800e-01 7.093500000000000227e+01 1.330000000009243233e-01
2.909999999999999809e-01 7.249199999999999022e+01 2.580000000030286955e-01
2.919999999999999818e-01 7.117400000000000659e+01 1.299999999950523510e-01
2.929999999999999827e-01 7.095600000000000307e+01 8.840000000003488401e-01
2.939999999999999836e-01 7.081499999999999773e+01 3.449999999986312904e-01
2.949999999999999845e-01 7.190799999999998704e+01 5.200000001306258335e-02
2.959999999999999853e-01 7.099000000000000909e+01 1.619999999962010440e-01
2.969999999999999862e-01 7.172899999999999920e+01 5.629999999995711768e-01
2.979999999999999871e-01 7.128200000000001069e+01 9.999999999654392291e-02
2.989999999999999880e-01 7.051300000000000523e+01 1.069000000000029926e+00
2.999999999999999889e-01 7.151699999999999591e+01 2.630000000023547391e-01
3.009999999999999898e-01 7.144599999999999795e+01 9.000000000007275791e-02
3.019999999999999907e-01 7.106899999999998840e+01 4.690000000017096604e-01
3.029999999999999916e-01 7.196299999999999386e+01 5.410000000007502141e-01
3.039999999999999925e-01 7.141499999999999204e+01 3.230000000024746409e-01
3.049999999999999933e-01 7.133100000000000307e+01 4.100000000785874316e-02
3.059999999999999942e-01 7.131799999999999784e+01 1.879999999997219728e-01
3.069999999999999951e-01 7.125399999999999068e+01 1.620000000046223076e-01
3.079999999999999960e-01 7.032399999999999807e+01 6.280000000008617578e-01
3.089999999999999969e-01 7.196299999999999386e+01 2.210000000016304755e-01
3.099999999999999978e-01 7.123400000000000887e+01 1.599999995138023240e-02
3.109999999999999987e-01 7.062999999999999545e+01 3.280000000004808514e-01
3.119999999999999996e-01 7.102599999999999625e+01 5.499999999998015365e-01
3.130000000000000004e-01 7.183000000000001251e+01 4.239999999988650625e-01
3.140000000000000013e-01 7.165000000000000568e+01 1.799999999976191478e-01
3.150000000000000022e-01 7.135499999999998977e+01 1.390000000024206317e-01
3.160000000000000031e-01 7.249800000000000466e+01 3.659999999995504072e-01
3.170000000000000040e-01 7.079500000000000171e+01 7.649999999998754463e-01
3.180000000000000049e-01 7.181600000000000250e+01 2.140000000007868941e-01
3.190000000000000058e-01 7.168100000000001160e+01 1.649999999939323059e-01
3.200000000000000067e-01 7.202899999999999636e+01 7.000000080488721736e-03
3.210000000000000075e-01 7.157999999999999829e+01 1.599999999998135414e-01
3.220000000000000084e-01 7.233299999999999841e+01 9.930000000000471783e-01
3.230000000000000093e-01 7.155199999999999250e+01 2.280000000013810146e-01
3.240000000000000102e-01 7.174899999999999523e+01 8.530000000002838645e-01
3.250000000000000111e-01 7.263200000000000500e+01 3.199999998802559309e-02
3.260000000000000120e-01 7.218500000000000227e+01 4.299999998141009611e-02
3.270000000000000129e-01 7.149899999999999523e+01 1.609999999983569852e-01
3.280000000000000138e-01 7.217600000000000193e+01 6.199999999874619000e-02
3.290000000000000147e-01 7.269999999999998863e+01 2.400000000020887925e-01
3.300000000000000155e-01 7.198099999999999454e+01 3.990000000004935155e-01
3.310000000000000164e-01 7.197100000000000364e+01 8.349999999993891198e-01
3.320000000000000173e-01 7.231799999999999784e+01 3.520000000000548801e-01
3.330000000000000182e-01 7.192500000000001137e+01 6.999999950560907569e-03
3.340000000000000191e-01 7.156399999999999295e+01 1.720000000049567990e-01
3.350000000000000200e-01 7.180600000000001160e+01 7.100000000000757927e-01
3.360000000000000209e-01 7.126800000000000068e+01 2.799999999989631894e-01
3.370000000000000218e-01 7.209300000000000352e+01 1.730000000033964092e-01
3.380000000000000226e-01 7.147800000000000864e+01 6.699999999995612798e-01
3.390000000000000235e-01 7.224000000000000909e+01 8.219999999993368167e-01
3.400000000000000244e-01 7.132499999999998863e+01 2.570000000035795318e-01
3.410000000000000253e-01 7.154699999999999704e+01 1.790000000010903425e-01
3.420000000000000262e-01 7.228600000000000136e+01 6.199999999874619000e-02
3.430000000000000271e-01 7.194199999999999307e+01 7.500000000000000000e-01
3.440000000000000280e-01 7.168699999999999761e+01 6.550000000002788036e-01
3.450000000000000289e-01 7.144700000000000273e+01 4.649999999991534794e-01
3.460000000000000298e-01 7.176900000000000546e+01 3.709999999991218655e-01
3.470000000000000306e-01 7.223400000000000887e+01 2.159999999968061357e-01
3.480000000000000315e-01 7.228399999999999181e+01 3.980000000008803718e-01
3.490000000000000324e-01 7.091200000000000614e+01 3.259999999978766549e-01
3.500000000000000333e-01 7.177199999999999136e+01 1.120000000047823852e-01
3.510000000000000342e-01 7.085900000000000887e+01 1.689999999975504430e-01
3.520000000000000351e-01 7.207200000000000273e+01 2.740000000018074089e-01
3.529999999999999805e-01 7.240999999999999659e+01 7.960000000006181020e-01
3.539999999999999813e-01 7.186799999999999500e+01 4.180000000015950956e-01
3.549999999999999822e-01 7.090399999999999636e+01 1.660000000000124432e-01
3.559999999999999831e-01 7.215800000000000125e+01 5.239999999998065094e-01
3.569999999999999840e-01 7.219800000000000750e+01 2.879999999964432678e-01
3.579999999999999849e-01 7.206000000000000227e+01 3.460000000002212972e-01
3.589999999999999858e-01 7.215099999999999625e+01 9.529999999996119353e-01
3.599999999999999867e-01 7.154200000000000159e+01 5.120000000002560281e-01
3.609999999999999876e-01 7.207400000000001228e+01 1.599999995138023240e-02
3.619999999999999885e-01 7.124399999999999977e+01 2.560000000001280140e-01
3.629999999999999893e-01 7.202799999999999159e+01 1.740000000037995598e-01
3.639999999999999902e-01 7.290299999999999159e+01 1.250999999999975465e+00
3.649999999999999911e-01 7.194200000000000728e+01 3.839999999984156642e-01
3.659999999999999920e-01 7.296199999999998909e+01 1.380000000020887296e-01
3.669999999999999929e-01 7.222899999999999920e+01 1.500000002274949444e-02
3.679999999999999938e-01 7.219499999999999318e+01 4.570000000016022357e-01
3.689999999999999947e-01 7.186199999999999477e+01 2.480000000023193929e-01
3.699999999999999956e-01 7.250000000000000000e+01 1.600000000822365126e-02
3.709999999999999964e-01 7.272499999999999432e+01 9.810000000003991083e-01
3.719999999999999973e-01 7.205500000000000682e+01 3.969999999986855155e-01
3.729999999999999982e-01 7.258100000000000307e+01 1.056999999999953532e+00
3.739999999999999991e-01 7.198499999999999943e+01 6.009999999997586162e-01
3.750000000000000000e-01 7.142199999999999704e+01 2.900000000016282886e-01
3.760000000000000009e-01 7.184799999999999898e+01 2.619999999999032547e-01
3.770000000000000018e-01 7.344100000000000250e+01 4.230000000007182459e-01
3.780000000000000027e-01 7.246699999999999875e+01 9.829999999999800009e-01
3.790000000000000036e-01 7.321399999999999864e+01 1.379999999987934489e-01
3.800000000000000044e-01 7.155100000000000193e+01 3.189999999984126089e-01
3.810000000000000053e-01 7.214300000000000068e+01 1.629999999989383275e-01
3.820000000000000062e-01 7.204599999999999227e+01 1.380000000053840103e-01
3.830000000000000071e-01 7.170799999999999841e+01 3.380000000018279493e-01
3.840000000000000080e-01 7.276300000000000523e+01 8.949999999993545341e-01
3.850000000000000089e-01 7.263300000000000978e+01 5.989999999995014868e-01
3.860000000000000098e-01 7.162000000000000455e+01 9.239999999994673585e-01
3.870000000000000107e-01 7.159999999999999432e+01 9.240000000004516822e-01
3.880000000000000115e-01 7.289000000000000057e+01 6.199999999874619000e-02
3.890000000000000124e-01 7.286299999999999955e+01 2.100000000326517416e-02
3.900000000000000133e-01 7.250600000000000023e+01 4.079999999998840110e-01
3.910000000000000142e-01 7.222599999999999909e+01 6.280000000001375593e-01
3.920000000000000151e-01 7.236100000000000421e+01 4.290000000005058101e-01
3.930000000000000160e-01 7.228199999999999648e+01 1.660000000000124432e-01
3.940000000000000169e-01 7.202700000000000102e+01 9.900000000076904227e-02
3.950000000000000178e-01 7.291299999999999670e+01 9.850000000000140865e-01
3.960000000000000187e-01 7.218299999999999272e+01 4.130000000009639294e-01
3.970000000000000195e-01 7.252899999999999636e+01 4.070000000028305975e-01
3.980000000000000204e-01 7.258899999999999864e+01 9.649999999996674571e-01
3.990000000000000213e-01 7.264500000000001023e+01 2.329999999993534743e-01
4.000000000000000222e-01 7.280500000000000682e+01 2.489999999968226518e-01
4.010000000000000231e-01 7.192199999999999704e+01 8.180000000000064997e-01
4.020000000000000240e-01 7.274099999999999966e+01 8.389999999996153868e-01
4.030000000000000249e-01 7.328100000000000591e+01 2.829999999984701420e-01
4.040000000000000258e-01 7.226400000000001000e+01 2.199999998256283590e-02
4.050000000000000266e-01 7.252299999999999613e+01 5.370000000007305596e-01
4.060000000000000275e-01 7.225600000000000023e+01 3.999999994950485457e-03
4.070000000000000284e-01 7.306700000000000728e+01 2.699999997223171203e-02
4.080000000000000293e-01 7.204900000000000659e+01 1.849999999959844599e-01
4.090000000000000302e-01 7.274600000000000932e+01 5.079999999996547277e-01
4.100000000000000311e-01 7.308400000000000318e+01 5.359999999995471720e-01
4.110000000000000320e-01 7.227299999999999613e+01 2.790000000020999571e-01
4.120000000000000329e-01 7.228499999999999659e+01 5.170000000003348584e-01
4.130000000000000338e-01 7.231100000000000705e+01 2.589999999967660949e-01
4.140000000000000346e-01 7.225800000000000978e+01 9.419999999996029327e-01
4.150000000000000355e-01 7.208899999999999864e+01 1.109999999966074374e-01
4.160000000000000364e-01 7.255899999999999750e+01 7.970000000000199147e-01
4.170000000000000373e-01 7.215900000000000603e+01 1.026999999999755220e+00
4.179999999999999827e-01 7.232699999999999818e+01 3.429999999997101479e-01
4.189999999999999836e-01 7.271500000000000341e+01 2.309999999985134500e-01
4.199999999999999845e-01 7.257699999999999818e+01 7.300000000985304438e-02
4.209999999999999853e-01 7.232099999999999795e+01 1.510000000002391929e-01
4.219999999999999862e-01 7.268999999999999773e+01 2.319999999991857187e-01
4.229999999999999871e-01 7.265899999999999181e+01 7.630000000007591821e-01
4.239999999999999880e-01 7.277899999999999636e+01 7.130000000007288286e-01
4.249999999999999889e-01 7.280699999999998795e+01 5.500000000808293044e-02
4.259999999999999898e-01 7.283299999999999841e+01 9.009999999999068754e-01
4.269999999999999907e-01 7.256299999999998818e+01 4.150000000003050693e-01
4.279999999999999916e-01 7.287600000000000477e+01 3.999999999986812438e-01
4.289999999999999925e-01 7.277600000000001046e+01 1.559999999954620464e-01
4.299999999999999933e-01 7.280299999999999727e+01 4.690000000007400471e-01
4.309999999999999942e-01 7.213200000000000500e+01 4.539999999993208912e-01
4.319999999999999951e-01 7.356600000000000250e+01 9.999999919164110143e-03
4.329999999999999960e-01 7.319599999999999795e+01 5.079999999996547277e-01
4.339999999999999969e-01 7.192099999999999227e+01 8.590000000005385550e-01
4.349999999999999978e-01 7.326400000000001000e+01 8.319999999996644524e-01
4.359999999999999987e-01 7.237000000000000455e+01 1.179999999917027004e-01
4.369999999999999996e-01 7.250900000000000034e+01 2.829999999984701420e-01
4.380000000000000004e-01 7.310699999999999932e+01 5.969999999999875406e-01
4.390000000000000013e-01 7.226699999999999591e+01 4.990000000001350577e-01
4.400000000000000022e-01 7.337500000000000000e+01 9.629999999999994120e-01
4.410000000000000031e-01 7.276599999999999113e+01 1.980000000015380845e-01
4.420000000000000040e-01 7.322200000000000841e+01 1.879999999997219728e-01
4.430000000000000049e-01 7.246000000000000796e+01 1.999999995201505801e-02
4.440000000000000058e-01 7.229900000000000659e+01 8.109999999997429265e-01
4.450000000000000067e-01 7.172799999999999443e+01 2.199999999992591770e-01
4.460000000000000075e-01 7.316400000000000148e+01 4.580000000001937521e-01
4.470000000000000084e-01 7.228300000000000125e+01 2.900000000063325881e-02
4.480000000000000093e-01 7.329399999999999693e+01 1.719999999996690287e-01
4.490000000000000102e-01 7.287899999999999068e+01 2.510000000008772991e-01
4.500000000000000111e-01 7.317400000000000659e+01 1.179999999955564927e-01
4.510000000000000120e-01 7.238200000000000500e+01 4.799999999984932431e-01
4.520000000000000129e-01 7.189400000000000546e+01 2.679999999993494253e-01
4.530000000000000138e-01 7.266300000000001091e+01 1.229999999976962993e-01
4.540000000000000147e-01 7.307500000000000284e+01 1.749999999983369303e-01
4.550000000000000155e-01 7.230100000000000193e+01 5.409999999999096643e-01
4.560000000000000164e-01 7.287199999999999989e+01 5.619999999989618855e-01
4.570000000000000173e-01 7.283100000000000307e+01 2.950000000012233392e-01
4.580000000000000182e-01 7.291400000000000148e+01 3.919999999993372675e-01
4.590000000000000191e-01 7.348300000000000409e+01 1.010000000002567455e-01
4.600000000000000200e-01 7.294400000000000261e+01 2.939999999993096469e-01
4.610000000000000209e-01 7.239400000000000546e+01 6.580000000004090355e-01
4.620000000000000218e-01 7.251500000000000057e+01 7.049999999997637046e-01
4.630000000000000226e-01 7.330199999999999250e+01 3.340000000011171810e-01
4.640000000000000235e-01 7.236499999999999488e+01 1.010000000002567455e-01
4.650000000000000244e-01 7.275100000000000477e+01 8.229999999989555670e-01
4.660000000000000253e-01 7.271899999999999409e+01 1.210000000027494638e-01
4.670000000000000262e-01 7.352799999999999159e+01 1.228000000000309733e+00
4.680000000000000271e-01 7.348599999999999000e+01 1.174000000000544608e+00
4.690000000000000280e-01 7.228399999999999181e+01 1.600000003664536069e-02
4.700000000000000289e-01 7.219899999999999807e+01 1.250999999999975465e+00
4.710000000000000298e-01 7.246600000000000819e+01 9.419999999996029327e-01
4.720000000000000306e-01 7.272199999999999420e+01 6.519999999999381846e-01
4.730000000000000315e-01 7.323399999999999466e+01 4.699999999993049182e-01
4.740000000000000324e-01 7.348600000000000421e+01 4.339999999996057567e-01
4.750000000000000333e-01 7.219700000000000273e+01 5.009999999987257979e-01
4.760000000000000342e-01 7.326900000000000546e+01 2.069999999965425608e-01
4.770000000000000351e-01 7.238800000000000523e+01 4.479999999998433569e-01
4.780000000000000360e-01 7.345499999999999829e+01 8.370000000003234852e-01
4.790000000000000369e-01 7.273099999999999454e+01 3.770000000022012410e-01
4.800000000000000377e-01 7.284100000000000819e+01 4.069999999994786122e-01
4.809999999999999831e-01 7.299599999999999511e+01 2.199999999992591770e-01
4.819999999999999840e-01 7.370300000000000296e+01 4.850000000003660272e-01
4.829999999999999849e-01 7.233799999999999386e+01 2.220000000034569321e-01
4.839999999999999858e-01 7.309499999999999886e+01 2.429999999989800596e-01
4.849999999999999867e-01 7.222599999999999909e+01 9.399999999986098642e-02
4.859999999999999876e-01 7.288599999999999568e+01 4.160000000017452515e-01
4.869999999999999885e-01 7.304300000000000637e+01 3.109999999983587005e-01
4.879999999999999893e-01 7.343999999999999773e+01 2.200000002390350637e-02
4.889999999999999902e-01 7.376999999999999602e+01 4.399999999613117552e-02
4.899999999999999911e-01 7.224799999999999045e+01 6.140000000007103109e-01
4.909999999999999920e-01 7.304900000000000659e+01 2.609999999969876971e-01
4.919999999999999929e-01 7.277299999999999613e+01 6.900000000104436482e-02
4.929999999999999938e-01 7.315999999999999659e+01 7.280000000004774874e-01
4.939999999999999947e-01 7.383099999999998886e+01 3.590000000007617098e-01
4.949999999999999956e-01 7.351399999999999579e+01 5.619999999997710161e-01
4.959999999999999964e-01 7.347700000000000387e+01 5.069999999989299733e-01
4.969999999999999973e-01 7.326200000000000045e+01 2.859999999991005293e-01
4.979999999999999982e-01 7.225300000000000011e+01 1.969999999991718098e-01
4.989999999999999991e-01 7.259100000000000819e+01 7.389999999989804724e-01
5.000000000000000000e-01 7.331399999999999295e+01 2.120000000026500964e-01
5.010000000000000009e-01 7.343899999999999295e+01 1.490000000053258167e-01
5.020000000000000018e-01 7.291900000000001114e+01 8.289999999992286872e-01
5.030000000000000027e-01 7.321899999999999409e+01 5.290000000004611014e-01
5.040000000000000036e-01 7.360900000000000887e+01 2.429999999989800596e-01
5.050000000000000044e-01 7.266800000000000637e+01 2.399999999982992405e-01
5.060000000000000053e-01 7.358599999999999852e+01 8.479999999998751870e-01
5.070000000000000062e-01 7.405699999999998795e+01 4.030000000017237571e-01
5.080000000000000071e-01 7.409399999999999409e+01 1.000000000010913964e-01
5.090000000000000080e-01 7.316899999999999693e+01 5.890000000002488800e-01
5.100000000000000089e-01 7.298600000000000421e+01 1.959999999985085894e-01
5.110000000000000098e-01 7.350100000000000477e+01 8.750000000005196954e-01
5.120000000000000107e-01 7.313599999999999568e+01 2.920000000004783214e-01
5.130000000000000115e-01 7.323099999999999454e+01 4.370000000012956298e-01
5.140000000000000124e-01 7.433499999999999375e+01 6.250000000000000000e-01
5.150000000000000133e-01 7.369800000000000750e+01 4.839999999987835699e-01
5.160000000000000142e-01 7.289400000000000546e+01 6.499999999997481126e-01
5.170000000000000151e-01 7.367799999999999727e+01 2.340000000009665182e-01
5.180000000000000160e-01 7.270099999999999341e+01 5.310000000005576926e-01
5.190000000000000169e-01 7.301200000000000045e+01 2.179999999991100723e-01
5.200000000000000178e-01 7.317600000000000193e+01 6.200000000608082290e-02
5.210000000000000187e-01 7.342900000000000205e+01 5.249999999984754639e-01
5.220000000000000195e-01 7.340299999999999159e+01 1.690000000029320826e-01
5.230000000000000204e-01 7.305699999999998795e+01 3.470000000001567386e-01
5.240000000000000213e-01 7.313400000000000034e+01 3.859999999998670051e-01
5.250000000000000222e-01 7.379800000000000182e+01 1.999999999748979310e-02
5.260000000000000231e-01 7.300800000000000978e+01 1.119999999966618948e-01
5.270000000000000240e-01 7.278499999999999659e+01 4.549999999996737765e-01
5.280000000000000249e-01 7.237699999999999534e+01 3.010000000013092758e-01
5.290000000000000258e-01 7.281700000000000728e+01 4.699999999267388817e-02
5.300000000000000266e-01 7.303799999999999670e+01 3.360000000008129817e-01
5.310000000000000275e-01 7.249299999999999500e+01 3.009999999997984843e-01
5.320000000000000284e-01 7.320900000000000318e+01 5.090000000001484448e-01
5.330000000000000293e-01 7.367099999999999227e+01 5.500000000808293044e-02
5.340000000000000302e-01 7.326699999999999591e+01 9.650000000001387468e-01
5.350000000000000311e-01 7.367799999999999727e+01 2.840000000017596782e-01
5.360000000000000320e-01 7.327199999999999136e+01 1.364000000000421098e+00
5.370000000000000329e-01 7.266100000000000136e+01 5.609999999981433172e-01
5.380000000000000338e-01 7.327600000000001046e+01 9.399999999502324510e-02
5.390000000000000346e-01 7.341100000000000136e+01 4.370000000002550178e-01
5.400000000000000355e-01 7.317500000000001137e+01 5.009999999996335163e-01
5.410000000000000364e-01 7.334799999999999898e+01 1.999999999748979310e-02
5.420000000000000373e-01 7.406600000000000250e+01 1.059999999970349799e-01
5.430000000000000382e-01 7.313400000000000034e+01 4.379999999999388272e-01
5.440000000000000391e-01 7.199099999999999966e+01 4.489999999997271729e-01
5.450000000000000400e-01 7.360599999999999454e+01 3.760000000018627886e-01
5.460000000000000409e-01 7.347899999999999920e+01 5.949999999996955502e-01
5.470000000000000417e-01 7.343100000000001160e+01 1.899999996105601260e-02
5.480000000000000426e-01 7.341299999999999670e+01 4.249999999999571898e-01
5.490000000000000435e-01 7.345300000000000296e+01 5.449999999998611511e-01
5.500000000000000444e-01 7.318000000000000682e+01 2.440000000013569093e-01
5.510000000000000453e-01 7.313599999999999568e+01 1.480000000036702235e-01
5.520000000000000462e-01 7.374299999999999500e+01 9.070000000008530128e-01
5.530000000000000471e-01 7.403899999999998727e+01 5.850000000010558976e-01
5.540000000000000480e-01 7.310399999999999920e+01 1.339999999988262802e-01
5.550000000000000488e-01 7.322100000000000364e+01 8.429999999992520143e-01
5.560000000000000497e-01 7.284299999999998931e+01 7.510000000004288800e-01
5.570000000000000506e-01 7.343600000000000705e+01 4.339999999985579282e-01
5.580000000000000515e-01 7.376400000000001000e+01 2.719999999976935312e-01
5.590000000000000524e-01 7.323199999999999932e+01 9.999999964638845232e-03
5.600000000000000533e-01 7.374899999999999523e+01 8.900000000197383354e-02
5.610000000000000542e-01 7.341599999999999682e+01 3.600000000508184889e-02
5.620000000000000551e-01 7.368600000000000705e+01 4.879999999989863557e-01
5.630000000000000560e-01 7.323199999999999932e+01 4.059999999999051035e-01
5.640000000000000568e-01 7.254800000000000182e+01 5.279999999983597814e-01
5.650000000000000577e-01 7.257999999999999829e+01 9.620000000002210117e-01
5.660000000000000586e-01 7.327200000000000557e+01 2.799999999989631894e-01
5.670000000000000595e-01 7.388100000000000023e+01 1.790000000010903425e-01
5.680000000000000604e-01 7.358899999999999864e+01 5.299999999637245579e-02
5.690000000000000613e-01 7.218999999999999773e+01 6.419999999995273932e-01
5.700000000000000622e-01 7.328399999999999181e+01 3.400000000014637425e-01
5.710000000000000631e-01 7.312500000000000000e+01 1.029999999996662891e-01
5.720000000000000639e-01 7.280500000000000682e+01 7.299999999116479898e-02
5.730000000000000648e-01 7.361099999999999000e+01 7.250000000007778000e-01
5.740000000000000657e-01 7.265600000000000591e+01 1.063999999999273971e+00
5.750000000000000666e-01 7.326200000000000045e+01 8.539999999999567937e-01
5.760000000000000675e-01 7.222899999999999920e+01 2.100000002491980711e-02
5.770000000000000684e-01 7.366800000000000637e+01 7.019999999996606732e-01
5.779999999999999583e-01 7.304300000000000637e+01 3.349999999970657005e-01
5.789999999999999591e-01 7.341100000000000136e+01 3.210000000004720189e-01
5.799999999999999600e-01 7.378799999999999670e+01 4.280000000005113048e-01
5.809999999999999609e-01 7.388800000000000523e+01 3.439999999980161149e-01
5.819999999999999618e-01 7.397599999999999909e+01 2.139999999986618995e-01
5.829999999999999627e-01 7.348900000000000432e+01 1.370000000009037044e-01
5.839999999999999636e-01 7.378399999999999181e+01 1.880000000021408435e-01
5.849999999999999645e-01 7.424099999999999966e+01 5.510000000004775522e-01
5.859999999999999654e-01 7.367799999999999727e+01 6.599999999998445999e-01
5.869999999999999662e-01 7.353900000000000148e+01 8.029999999996518811e-01
5.879999999999999671e-01 7.324000000000000909e+01 1.063999999999701407e+00
5.889999999999999680e-01 7.307599999999999341e+01 1.840000000025103499e-01
5.899999999999999689e-01 7.386400000000000432e+01 8.219999999998900408e-01
5.909999999999999698e-01 7.302699999999998681e+01 7.010000000008081988e-01
5.919999999999999707e-01 7.425300000000000011e+01 5.499999999981479426e-02
5.929999999999999716e-01 7.372100000000000364e+01 8.629999999999453664e-01
5.939999999999999725e-01 7.295499999999999829e+01 7.470000000002081642e-01
5.949999999999999734e-01 7.312399999999999523e+01 7.800000000356110963e-02
5.959999999999999742e-01 7.331900000000000261e+01 7.499999999854481403e-02
5.969999999999999751e-01 7.370599999999998886e+01 2.220000000034569321e-01
5.979999999999999760e-01 7.334800000000001319e+01 6.860000000000832099e-01
5.989999999999999769e-01 7.385399999999999920e+01 3.680000000000778204e-01
5.999999999999999778e-01 7.428499999999999659e+01 4.770000000016726416e-01
6.009999999999999787e-01 7.384999999999999432e+01 3.800000000588127369e-02
6.019999999999999796e-01 7.279300000000000637e+01 4.850000000003660272e-01
6.029999999999999805e-01 7.349399999999999977e+01 4.799999999624924435e-02
6.039999999999999813e-01 7.385999999999999943e+01 2.539999999989321910e-01
6.049999999999999822e-01 7.387700000000000955e+01 1.109999999925106173e-01
6.059999999999999831e-01 7.273699999999999477e+01 8.530000000008169936e-01
6.069999999999999840e-01 7.358099999999998886e+01 4.890000000014647630e-01
6.079999999999999849e-01 7.366900000000001114e+01 4.089999999977795841e-01
6.089999999999999858e-01 7.373199999999999932e+01 1.660000000000124432e-01
6.099999999999999867e-01 7.389699999999999136e+01 3.710000000015733490e-01
6.109999999999999876e-01 7.342900000000000205e+01 4.499999999751000401e-02
6.119999999999999885e-01 7.294899999999999807e+01 9.910000000005131371e-01
6.129999999999999893e-01 7.290399999999999636e+01 3.099999999995986522e-01
6.139999999999999902e-01 7.300399999999999068e+01 9.000000000512550780e-02
6.149999999999999911e-01 7.354200000000000159e+01 2.179999999991100723e-01
6.159999999999999920e-01 7.357300000000000750e+01 1.899999996105601260e-02
6.169999999999999929e-01 7.325499999999999545e+01 3.269999999993604134e-01
6.179999999999999938e-01 7.249299999999999500e+01 2.050000000015829715e-01
6.189999999999999947e-01 7.378999999999999204e+01 4.320000000009808216e-01
6.199999999999999956e-01 7.334999999999999432e+01 1.480000000036702235e-01
6.209999999999999964e-01 7.304200000000000159e+01 5.639999999991659463e-01
6.219999999999999973e-01 7.356399999999999295e+01 2.440000000032206129e-01
6.229999999999999982e-01 7.342199999999999704e+01 4.800000000003880607e-01
6.239999999999999991e-01 7.385599999999999454e+01 6.080000000006078320e-01
6.250000000000000000e-01 7.284799999999999898e+01 5.780000000000651283e-01
6.260000000000000009e-01 7.350600000000000023e+01 5.399999999995944711e-01
6.270000000000000018e-01 7.385299999999999443e+01 6.369999999999715889e-01
6.280000000000000027e-01 7.419599999999999795e+01 5.179999999996774962e-01
6.290000000000000036e-01 7.468000000000000682e+01 1.359999999988467656e-01
6.300000000000000044e-01 7.273300000000000409e+01 2.410000000002682219e-01
6.310000000000000053e-01 7.408499999999999375e+01 3.750000000000000000e-01
6.320000000000000062e-01 7.368299999999999272e+01 1.550000000019997048e-01
6.330000000000000071e-01 7.261299999999999955e+01 8.500000000170343517e-02
6.340000000000000080e-01 7.362899999999999068e+01 2.850000000014271118e-01
6.350000000000000089e-01 7.350900000000000034e+01 6.489999999993840696e-01
6.360000000000000098e-01 7.416400000000000148e+01 5.220000000000735163e-01
6.370000000000000107e-01 7.292100000000000648e+01 4.910000000001242260e-01
6.380000000000000115e-01 7.436699999999999022e+01 1.530000000041361607e-01
6.390000000000000124e-01 7.327299999999999613e+01 2.999999901473831068e-03
6.400000000000000133e-01 7.415600000000000591e+01 2.059999999971250662e-01
6.410000000000000142e-01 7.334900000000000375e+01 4.489999999997271729e-01
6.420000000000000151e-01 7.373199999999999932e+01 2.660000000001390696e-01
6.430000000000000160e-01 7.427100000000000080e+01 1.190000000002448127e-01
6.440000000000000169e-01 7.373900000000000432e+01 4.189999999989338364e-01
6.450000000000000178e-01 7.318299999999999272e+01 4.270000000002446283e-01
6.460000000000000187e-01 7.409600000000000364e+01 1.659999999972729956e-01
6.470000000000000195e-01 7.278600000000000136e+01 3.379999999977917335e-01
6.480000000000000204e-01 7.319200000000000728e+01 4.239999999988650625e-01
6.490000000000000213e-01 7.393699999999999761e+01 8.450000000001299805e-01
6.500000000000000222e-01 7.379800000000000182e+01 5.719999999997911200e-01
6.510000000000000231e-01 7.343899999999999295e+01 3.490000000016358350e-01
6.520000000000000240e-01 7.258799999999999386e+01 2.360000000026743483e-01
6.530000000000000249e-01 7.242600000000000193e+01 3.739999999990324397e-01
6.540000000000000258e-01 7.379499999999998749e+01 5.500000000808293044e-02
6.550000000000000266e-01 7.231100000000000705e+01 2.009999999959770078e-01
6.560000000000000275e-01 7.378899999999998727e+01 3.290000000012411885e-01
6.570000000000000284e-01 7.449099999999999966e+01 2.750000000007276069e-01
6.580000000000000293e-01 7.450499999999999545e+01 2.870000000011386776e-01
6.590000000000000302e-01 7.352500000000000568e+01 5.829999999998776161e-01
6.600000000000000311e-01 7.352199999999999136e+01 4.320000000009808216e-01
6.610000000000000320e-01 7.275800000000000978e+01 4.279999999983862824e-01
6.620000000000000329e-01 7.357200000000000273e+01 5.559999999998679332e-01
6.630000000000000338e-01 7.240600000000000591e+01 3.399999999987887711e-01
6.640000000000000346e-01 7.400100000000000477e+01 1.169999999936814777e-01
6.650000000000000355e-01 7.366100000000000136e+01 9.029999999993955084e-01
6.660000000000000364e-01 7.376099999999999568e+01 2.490000000023015470e-01
6.670000000000000373e-01 7.376099999999999568e+01 3.910000000011366605e-01
6.680000000000000382e-01 7.363900000000001000e+01 2.329999999974017577e-01
6.690000000000000391e-01 7.339900000000000091e+01 4.009999999999902531e-01
6.700000000000000400e-01 7.300300000000000011e+01 3.710000000003476073e-01
6.710000000000000409e-01 7.431000000000000227e+01 6.599999999591929511e-02
6.720000000000000417e-01 7.372999999999998977e+01 1.600000000026557123e-01
6.730000000000000426e-01 7.363899999999999579e+01 6.009999999997586162e-01
6.740000000000000435e-01 7.347399999999998954e+01 7.220000000008915952e-01
6.750000000000000444e-01 7.410099999999999909e+01 4.270000000013096098e-01
6.760000000000000453e-01 7.269999999999998863e+01 4.720000000014948904e-01
6.770000000000000462e-01 7.281600000000000250e+01 1.139999999976987616e-01
6.780000000000000471e-01 7.400700000000000500e+01 1.038999999999835833e+00
6.790000000000000480e-01 7.388500000000000512e+01 6.069999999996708029e-01
6.800000000000000488e-01 7.396699999999999875e+01 3.430000000010359207e-01
6.810000000000000497e-01 7.352200000000000557e+01 6.000000030321341049e-03
6.820000000000000506e-01 7.438899999999999579e+01 2.230000000006674421e-01
6.830000000000000515e-01 7.388400000000000034e+01 8.619999999998997353e-01
6.840000000000000524e-01 7.368100000000001160e+01 3.349999999997806399e-01
6.850000000000000533e-01 7.387800000000000011e+01 7.180000000002567662e-01
6.860000000000000542e-01 7.342000000000000171e+01 2.660000000001390696e-01
6.870000000000000551e-01 7.417499999999999716e+01 3.569999999994606377e-01
6.880000000000000560e-01 7.340299999999999159e+01 4.370000000012956298e-01
6.890000000000000568e-01 7.299799999999999045e+01 1.440000000045375816e-01
6.900000000000000577e-01 7.378199999999999648e+01 1.200000002274706837e-02
6.910000000000000586e-01 7.376399999999999579e+01 7.019999999996606732e-01
6.920000000000000595e-01 7.417000000000000171e+01 4.199999999570303011e-02
6.930000000000000604e-01 7.439499999999999602e+01 3.149999999998937539e-01
6.940000000000000613e-01 7.303600000000000136e+01 1.400000003104963017e-02
6.950000000000000622e-01 7.461700000000000443e+01 1.250000000000000000e-01
6.960000000000000631e-01 7.348000000000000398e+01 1.280000000018403639e-01
6.970000000000000639e-01 7.356899999999998840e+01 9.700000000119836374e-02
6.980000000000000648e-01 7.345400000000000773e+01 1.799999999976191478e-01
6.990000000000000657e-01 7.413400000000000034e+01 1.039999999998897362e-01
7.000000000000000666e-01 7.390399999999999636e+01 7.739999999996857172e-01
7.010000000000000675e-01 7.255100000000000193e+01 3.950000000002873435e-01
7.020000000000000684e-01 7.325799999999999557e+01 1.579999999976972880e-01
7.030000000000000693e-01 7.410599999999999454e+01 4.019999999998725149e-01
7.040000000000000702e-01 7.317400000000000659e+01 8.999999999992117639e-01
7.049999999999999600e-01 7.316800000000000637e+01 3.959999999996311471e-01
7.059999999999999609e-01 7.323300000000000409e+01 4.299999999198561573e-02
7.069999999999999618e-01 7.392400000000000659e+01 5.479999999994656923e-01
7.079999999999999627e-01 7.432999999999999829e+01 5.040000000007683889e-01
7.089999999999999636e-01 7.401800000000000068e+01 7.199999999999504574e-01
7.099999999999999645e-01 7.367400000000000659e+01 1.719999999970251436e-01
7.109999999999999654e-01 7.432099999999999795e+01 6.749999999997036149e-01
7.119999999999999662e-01 7.304599999999999227e+01 2.840000000017596782e-01
7.129999999999999671e-01 7.316599999999999682e+01 5.880000000001660565e-01
7.139999999999999680e-01 7.302799999999999159e+01 8.740000000005100356e-01
7.149999999999999689e-01 7.322399999999998954e+01 2.160000000010167398e-01
7.159999999999999698e-01 7.387199999999999989e+01 5.159999999998883258e-01
7.169999999999999707e-01 7.447499999999999432e+01 1.069999999982684524e-01
7.179999999999999716e-01 7.356100000000000705e+01 1.910000000002470000e-01
7.189999999999999725e-01 7.326399999999999579e+01 5.719999999997911200e-01
7.199999999999999734e-01 7.303799999999999670e+01 2.979999999999696225e-01
7.209999999999999742e-01 7.340999999999999659e+01 5.200000000431743985e-02
7.219999999999999751e-01 7.343000000000000682e+01 4.979999999991241988e-01
7.229999999999999760e-01 7.281700000000000728e+01 3.529999999980166780e-01
7.239999999999999769e-01 7.336199999999999477e+01 4.340000000017013582e-01
7.249999999999999778e-01 7.406200000000001182e+01 4.179999999983313175e-01
7.259999999999999787e-01 7.274599999999999511e+01 5.679999999995162252e-01
7.269999999999999796e-01 7.464300000000000068e+01 1.090999999999647807e+00
7.279999999999999805e-01 7.307800000000000296e+01 5.219999999983312433e-01
7.289999999999999813e-01 7.413599999999999568e+01 9.060000000004312382e-01
7.299999999999999822e-01 7.383199999999999363e+01 2.780000000015697137e-01
7.309999999999999831e-01 7.311700000000000443e+01 7.099999999603655298e-02
7.319999999999999840e-01 7.390600000000000591e+01 8.339999999992565582e-01
7.329999999999999849e-01 7.359199999999999875e+01 5.179999999996774962e-01
7.339999999999999858e-01 7.427699999999998681e+01 3.350000000024955238e-01
7.349999999999999867e-01 7.365699999999999648e+01 7.049999999997637046e-01
7.359999999999999876e-01 7.345600000000000307e+01 3.460000000002212972e-01
7.369999999999999885e-01 7.377400000000000091e+01 8.359999999999263576e-01
7.379999999999999893e-01 7.445400000000000773e+01 6.759999999989469988e-01
7.389999999999999902e-01 7.343500000000000227e+01 1.469999999981080607e-01
7.399999999999999911e-01 7.317900000000000205e+01 1.209999999989912339e-01
7.409999999999999920e-01 7.438100000000000023e+01 1.749999999983369303e-01
7.419999999999999929e-01 7.329099999999999682e+01 2.300000001792289889e-02
7.429999999999999938e-01 7.296500000000000341e+01 3.449999999999494027e-01
7.439999999999999947e-01 7.351800000000000068e+01 3.359999999994595643e-01
7.449999999999999956e-01 7.327500000000000568e+01 9.989999999990550883e-01
7.459999999999999964e-01 7.288599999999999568e+01 7.619999999997805196e-01
7.469999999999999973e-01 7.281799999999999784e+01 1.900000000006854817e-01
7.479999999999999982e-01 7.355100000000000193e+01 1.270000000021516140e-01
7.489999999999999991e-01 7.335399999999999920e+01 4.500000000003637757e-01
7.500000000000000000e-01 7.378999999999999204e+01 7.140000000001950342e-01
7.510000000000000009e-01 7.422499999999999432e+01 4.690000000007400471e-01
7.520000000000000018e-01 7.398799999999999955e+01 1.719999999996690287e-01
7.530000000000000027e-01 7.388899999999999579e+01 2.769999999989744555e-01
7.540000000000000036e-01 7.350799999999999557e+01 2.680000000010462347e-01
7.550000000000000044e-01 7.413500000000000512e+01 4.489999999997271729e-01
7.560000000000000053e-01 7.406199999999999761e+01 9.799999999925429472e-02
7.570000000000000062e-01 7.311500000000000909e+01 1.899999996105601260e-02
7.580000000000000071e-01 7.435999999999999943e+01 2.959999999996589248e-01
7.590000000000000080e-01 7.290500000000000114e+01 3.589999999994950008e-01
7.600000000000000089e-01 7.388700000000000045e+01 2.410000000002682219e-01
7.610000000000000098e-01 7.438300000000000978e+01 1.146999999999303910e+00
7.620000000000000107e-01 7.369200000000000728e+01 1.399999999954213425e-01
7.630000000000000115e-01 7.360599999999999454e+01 2.400000000759852647e-02
7.640000000000000124e-01 7.390200000000000102e+01 7.460000000003728093e-01
7.650000000000000133e-01 7.322700000000000387e+01 4.999999936844687527e-03
7.660000000000000142e-01 7.392400000000000659e+01 4.479999999988283355e-01
7.670000000000000151e-01 7.319200000000000728e+01 1.339999999988262802e-01
7.680000000000000160e-01 7.456499999999999773e+01 3.989999999993538160e-01
7.690000000000000169e-01 7.295199999999999818e+01 6.039999999994509761e-01
7.700000000000000178e-01 7.369700000000000273e+01 5.009999999987257979e-01
7.710000000000000187e-01 7.453600000000000136e+01 6.440000000004892922e-01
7.720000000000000195e-01 7.462199999999999989e+01 9.000000000007275791e-02
7.730000000000000204e-01 7.335200000000000387e+01 9.999999999654392291e-02
7.740000000000000213e-01 7.335599999999999454e+01 1.260000000051545999e-01
7.750000000000000222e-01 7.377400000000000091e+01 1.019999999982991318e-01
7.760000000000000231e-01 7.264400000000000546e+01 9.039999999991993329e-01
7.770000000000000240e-01 7.454099999999999682e+01 1.550000000019997048e-01
7.780000000000000249e-01 7.308100000000000307e+01 6.010000000005153442e-01
7.790000000000000258e-01 7.363900000000001000e+01 3.699999998248185151e-02
7.800000000000000266e-01 7.374299999999999500e+01 5.330000000006347438e-01
7.810000000000000275e-01 7.372899999999999920e+01 2.389999999996329783e-01
7.820000000000000284e-01 7.374600000000000932e+01 3.979999999985951997e-01
7.830000000000000293e-01 7.453499999999999659e+01 2.870000000027231879e-01
7.840000000000000302e-01 7.373099999999999454e+01 5.310000000005576926e-01
7.850000000000000311e-01 7.284399999999999409e+01 6.100000000004103251e-01
7.860000000000000320e-01 7.322799999999999443e+01 3.419999999997446194e-01
7.870000000000000329e-01 7.415899999999999181e+01 3.350000000024955238e-01
7.880000000000000338e-01 7.395199999999999818e+01 6.400000001157832297e-02
7.890000000000000346e-01 7.396699999999999875e+01 2.570000000018101138e-01
7.900000000000000355e-01 7.373199999999999932e+01 3.400000000389135496e-02
7.910000000000000364e-01 7.319200000000000728e+01 2.919999999989209560e-01
7.920000000000000373e-01 7.487999999999999545e+01 1.154000000000652726e+00
7.930000000000000382e-01 7.403800000000001091e+01 5.199999999985741583e-01
7.940000000000000391e-01 7.356499999999999773e+01 9.709999999995543307e-01
7.950000000000000400e-01 7.335800000000000409e+01 2.939999999977628842e-01
7.960000000000000409e-01 7.441700000000000159e+01 5.899999999777824633e-02
7.970000000000000417e-01 7.295999999999999375e+01 4.940000000000516200e-01
7.980000000000000426e-01 7.310599999999999454e+01 2.420000000017406838e-01
7.990000000000000435e-01 7.438100000000000023e+01 2.069999999987393868e-01
8.000000000000000444e-01 7.366300000000001091e+01 1.829999999960477686e-01
8.010000000000000453e-01 7.385699999999999932e+01 7.249999999995232480e-01
8.020000000000000462e-01 7.334300000000000352e+01 2.150000000001150713e-01
8.030000000000000471e-01 7.421399999999999864e+01 3.159999999997117892e-01
8.040000000000000480e-01 7.322899999999999920e+01 6.730000000000297966e-01
8.050000000000000488e-01 7.307699999999999818e+01 9.989999999995102797e-01
8.060000000000000497e-01 7.440399999999999636e+01 6.000000030321341049e-03
8.070000000000000506e-01 7.356499999999999773e+01 3.300000000484975410e-02
8.080000000000000515e-01 7.321099999999999852e+01 3.270000000007510788e-01
8.090000000000000524e-01 7.381799999999999784e+01 1.099999999996295885e-01
8.100000000000000533e-01 7.386899999999999977e+01 2.170000000013745933e-01
8.110000000000000542e-01 7.342199999999999704e+01 4.600000001607416900e-02
8.120000000000000551e-01 7.385399999999999920e+01 3.999999999497958619e-02
8.130000000000000560e-01 7.413599999999999568e+01 8.000000103587808636e-03
8.140000000000000568e-01 7.337999999999999545e+01 2.280000000013810146e-01
8.150000000000000577e-01 7.325000000000000000e+01 2.600000000005988632e-01
8.160000000000000586e-01 7.316400000000000148e+01 2.380000000004896255e-01
8.170000000000000595e-01 7.346999999999999886e+01 5.739999999999007008e-01
8.180000000000000604e-01 7.323699999999999477e+01 1.000000624015034111e-03
8.190000000000000613e-01 7.409600000000000364e+01 5.199999999985741583e-01
8.200000000000000622e-01 7.383699999999998909e+01 4.930000000006188876e-01
8.210000000000000631e-01 7.461599999999999966e+01 2.859999999991005293e-01
8.220000000000000639e-01 7.340700000000001069e+01 5.609999999981433172e-01
8.230000000000000648e-01 7.398999999999999488e+01 1.006000000000491834e+00
8.240000000000000657e-01 7.394200000000000728e+01 1.239999999974923800e-01
8.250000000000000666e-01 7.310999999999999943e+01 1.319999999952836400e-01
8.260000000000000675e-01 7.434399999999999409e+01 5.979999999998413251e-01
8.270000000000000684e-01 7.460800000000000409e+01 3.079999999980179148e-01
8.280000000000000693e-01 7.373699999999999477e+01 7.000000080488721736e-03
8.290000000000000702e-01 7.426500000000000057e+01 7.850000000004254685e-01
8.300000000000000711e-01 7.449099999999999966e+01 1.410000000005977583e-01
8.310000000000000719e-01 7.322599999999999909e+01 2.840000000001584590e-01
8.320000000000000728e-01 7.364600000000000080e+01 6.399999999999647082e-01
8.330000000000000737e-01 7.342400000000000659e+01 9.999999999199644940e-02
8.339999999999999636e-01 7.404399999999999693e+01 1.760000000000274401e-01
8.349999999999999645e-01 7.329800000000000182e+01 6.000000000004850759e-02
8.359999999999999654e-01 7.467900000000000205e+01 3.869999999995490936e-01
8.369999999999999662e-01 7.409100000000000819e+01 6.469999999988166328e-01
8.379999999999999671e-01 7.380599999999999739e+01 3.960000000007795062e-01
8.389999999999999680e-01 7.434300000000000352e+01 3.269999999993604134e-01
8.399999999999999689e-01 7.388499999999999091e+01 4.370000000012956298e-01
8.409999999999999698e-01 7.422200000000000841e+01 9.239999999994673585e-01
8.419999999999999707e-01 7.298300000000000409e+01 4.489999999997271729e-01
8.429999999999999716e-01 7.408899999999999864e+01 1.230000000013934391e-01
8.439999999999999725e-01 7.394399999999998840e+01 6.060000000007901289e-01
8.449999999999999734e-01 7.402199999999999136e+01 7.900000000011503376e-01
8.459999999999999742e-01 7.342400000000000659e+01 7.019999999990128581e-01
8.469999999999999751e-01 7.480199999999999250e+01 8.960000000001943077e-01
8.479999999999999760e-01 7.422599999999999909e+01 5.400000000004365752e-01
8.489999999999999769e-01 7.393399999999999750e+01 1.039999999998897362e-01
8.499999999999999778e-01 7.281600000000000250e+01 1.239999999974923800e-01
8.509999999999999787e-01 7.426200000000000045e+01 4.780000000002173066e-01
8.519999999999999796e-01 7.413499999999999091e+01 1.790000000036308381e-01
8.529999999999999805e-01 7.330199999999999250e+01 7.080000000003154881e-01
8.539999999999999813e-01 7.321999999999999886e+01 1.780000000013929051e-01
8.549999999999999822e-01 7.417700000000000671e+01 8.750000000000000000e-01
8.559999999999999831e-01 7.387700000000000955e+01 3.189999999984126089e-01
8.569999999999999840e-01 7.366299999999999670e+01 6.490000000000848424e-01
8.579999999999999849e-01 7.382699999999999818e+01 5.469999999998094165e-01
8.589999999999999858e-01 7.338299999999999557e+01 4.290000000005058101e-01
8.599999999999999867e-01 7.321000000000000796e+01 1.559999999983770758e-01
8.609999999999999876e-01 7.388599999999999568e+01 1.480000000067428489e-01
8.619999999999999885e-01 7.375499999999999545e+01 7.690000000010389636e-01
8.629999999999999893e-01 7.351500000000000057e+01 2.500000001164153288e-02
8.639999999999999902e-01 7.411100000000000421e+01 6.299999999535908779e-02
8.649999999999999911e-01 7.363700000000000045e+01 8.299999999589706412e-02
8.659999999999999920e-01 7.402599999999999625e+01 4.879999999999182214e-01
8.669999999999999929e-01 7.401200000000000045e+01 5.920000000000860130e-01
8.679999999999999938e-01 7.329599999999999227e+01 3.680000000013135542e-01
8.689999999999999947e-01 7.380100000000000193e+01 3.310000000003210374e-01
8.699999999999999956e-01 7.423300000000000409e+01 7.709999999995321707e-01
8.709999999999999964e-01 7.441400000000000148e+01 8.399999999995964028e-01
8.719999999999999973e-01 7.299299999999999500e+01 7.070000000011540386e-01
8.729999999999999982e-01 7.477199999999999136e+01 5.140000000000812808e-01
8.739999999999999991e-01 7.468800000000000239e+01 3.800000000001742539e-01
8.750000000000000000e-01 7.422700000000000387e+01 4.549999999996737765e-01
8.760000000000000009e-01 7.386400000000000432e+01 1.619999999962010440e-01
8.770000000000000018e-01 7.367000000000000171e+01 4.200000000003395462e-01
8.780000000000000027e-01 7.466200000000000614e+01 4.599999999630254716e-02
8.790000000000000036e-01 7.390600000000000591e+01 1.137999999999383727e+00
8.800000000000000044e-01 7.406399999999999295e+01 1.058000000000922203e+00
8.810000000000000053e-01 7.420699999999999363e+01 1.010000000092616396e-01
8.820000000000000062e-01 7.335300000000000864e+01 6.569999999993890727e-01
8.830000000000000071e-01 7.309399999999999409e+01 8.000000046744389776e-03
8.840000000000000080e-01 7.277100000000000080e+01 2.329999999993534743e-01
8.850000000000000089e-01 7.363499999999999091e+01 1.700000004207044210e-02
8.860000000000000098e-01 7.354999999999999716e+01 3.099999999995986522e-01
8.870000000000000107e-01 7.370600000000000307e+01 5.619999999997710161e-01
8.880000000000000115e-01 7.449599999999999511e+01 2.679999999993494253e-01
8.890000000000000124e-01 7.391599999999999682e+01 3.860000000010451182e-01
8.900000000000000133e-01 7.445900000000000318e+01 1.569999999998533680e-01
8.910000000000000142e-01 7.337500000000000000e+01 7.700000000541028233e-02
8.920000000000000151e-01 7.347599999999999909e+01 1.840000000000389102e-01
8.930000000000000160e-01 7.507800000000000296e+01 8.399999999681971585e-02
8.940000000000000169e-01 7.408199999999999363e+01 4.640000000003315361e-01
8.950000000000000178e-01 7.331799999999999784e+01 3.599999999244998111e-02
8.960000000000000187e-01 7.469700000000000273e+01 1.289999999935827202e-01
8.970000000000000195e-01 7.394100000000000250e+01 8.469999999988444550e-01
8.980000000000000204e-01 7.392199999999999704e+01 1.320000000021737396e-01
8.990000000000000213e-01 7.389099999999999113e+01 3.010000000013092758e-01
9.000000000000000222e-01 7.342400000000000659e+01 4.719999999986045358e-01
9.010000000000000231e-01 7.346799999999998931e+01 1.980000000015380845e-01
9.020000000000000240e-01 7.276500000000000057e+01 5.949999999996955502e-01
9.030000000000000249e-01 7.502299999999999613e+01 3.100000002504431709e-02
9.040000000000000258e-01 7.370600000000000307e+01 1.840000000000389102e-01
9.050000000000000266e-01 7.361299999999999955e+01 9.900000000076904227e-02
9.060000000000000275e-01 7.330299999999999727e+01 1.069999999982684524e-01
9.070000000000000284e-01 7.332999999999999829e+01 1.099999999996295885e-01
9.080000000000000293e-01 7.399299999999999500e+01 2.670000000008119767e-01
9.090000000000000302e-01 7.479200000000000159e+01 7.799999999773102322e-02
9.100000000000000311e-01 7.473799999999999955e+01 2.179999999991100723e-01
9.110000000000000320e-01 7.397599999999999909e+01 2.480000000004857208e-01
9.120000000000000329e-01 7.332099999999999795e+01 1.900000003285822608e-02
9.130000000000000338e-01 7.342199999999999704e+01 3.600000000002910316e-01
9.140000000000000346e-01 7.369999999999998863e+01 5.400000000004365752e-01
9.150000000000000355e-01 7.393199999999998795e+01 1.000000010106305050e-02
9.160000000000000364e-01 7.378199999999999648e+01 2.560000000001280140e-01
9.170000000000000373e-01 7.384499999999999886e+01 7.409999999994637543e-01
9.180000000000000382e-01 7.377599999999999625e+01 1.999999999999090561e-01
9.190000000000000391e-01 7.455699999999998795e+01 6.100000000779410431e-02
9.200000000000000400e-01 7.405400000000000205e+01 9.999999999199644940e-02
9.210000000000000409e-01 7.357399999999999807e+01 4.339999999996057567e-01
9.220000000000000417e-01 7.386799999999999500e+01 5.640000000007784342e-01
9.230000000000000426e-01 7.396999999999999886e+01 7.799999999773102322e-02
9.240000000000000435e-01 7.342699999999999250e+01 6.700000000620041918e-02
9.250000000000000444e-01 7.349699999999999989e+01 1.650000000022004143e-01
9.260000000000000453e-01 7.409600000000000364e+01 3.179999999996850901e-01
9.270000000000000462e-01 7.438800000000000523e+01 2.799999998089437378e-02
9.280000000000000471e-01 7.354399999999999693e+01 2.619999999999032547e-01
9.290000000000000480e-01 7.471099999999999852e+01 1.349999999992670119e-01
9.300000000000000488e-01 7.397899999999999920e+01 4.969999999997053997e-01
9.310000000000000497e-01 7.359499999999999886e+01 7.470000000002081642e-01
9.320000000000000506e-01 7.488200000000000500e+01 6.619999999992681738e-01
9.330000000000000515e-01 7.427299999999999613e+01 8.910000000007968213e-01
9.340000000000000524e-01 7.442400000000000659e+01 5.659999999985472208e-01
9.350000000000000533e-01 7.467799999999999727e+01 7.200000000384776389e-02
9.360000000000000542e-01 7.329200000000000159e+01 6.480000000002431593e-01
9.370000000000000551e-01 7.358899999999999864e+01 1.109999999966074374e-01
9.380000000000000560e-01 7.400100000000000477e+01 1.296999999999846720e+00
9.390000000000000568e-01 7.377100000000000080e+01 1.749999999983369303e-01
9.400000000000000577e-01 7.296799999999998931e+01 3.560000000002310205e-01
9.410000000000000586e-01 7.428000000000000114e+01 8.799999999742993961e-02
9.420000000000000595e-01 7.397999999999998977e+01 7.000000001232754843e-02
9.430000000000000604e-01 7.329200000000000159e+01 2.839999999985571844e-01
9.440000000000000613e-01 7.370599999999998886e+01 3.500000000018709811e-01
9.450000000000000622e-01 7.369400000000000261e+01 4.379999999999388272e-01
9.460000000000000631e-01 7.385999999999999943e+01 3.479999999997586135e-01
9.470000000000000639e-01 7.373699999999999477e+01 3.130000000006001315e-01
9.480000000000000648e-01 7.370699999999999363e+01 8.210000000006852927e-01
9.490000000000000657e-01 7.472199999999999420e+01 7.739999999996857172e-01
9.500000000000000666e-01 7.438800000000000523e+01 7.659999999992076480e-01
9.510000000000000675e-01 7.395499999999999829e+01 9.789999999998805214e-01
9.520000000000000684e-01 7.328999999999999204e+01 7.780000000001353611e-01
9.530000000000000693e-01 7.320600000000000307e+01 5.239999999998065094e-01
9.540000000000000702e-01 7.342699999999999250e+01 5.430000000007321193e-01
9.550000000000000711e-01 7.414199999999999591e+01 3.620000000021630360e-01
9.560000000000000719e-01 7.368299999999999272e+01 1.750000000035340231e-01
9.570000000000000728e-01 7.371399999999999864e+01 9.000000000007275791e-02
9.580000000000000737e-01 7.430700000000000216e+01 3.769999999997887818e-01
9.590000000000000746e-01 7.391299999999999670e+01 3.030000000007702643e-01
9.600000000000000755e-01 7.336199999999999477e+01 4.040000000010269821e-01
9.609999999999999654e-01 7.478899999999998727e+01 4.090000000000032498e-01
9.619999999999999662e-01 7.380199999999999250e+01 6.400000001157832297e-02
9.629999999999999671e-01 7.403400000000000603e+01 4.879999999989863557e-01
9.639999999999999680e-01 7.406900000000000261e+01 1.110000000007042575e-01
9.649999999999999689e-01 7.400900000000000034e+01 7.749999999994366950e-01
9.659999999999999698e-01 7.376399999999999579e+01 3.360000000008129817e-01
9.669999999999999707e-01 7.396399999999999864e+01 2.299999999993072031e-01
9.679999999999999716e-01 7.367699999999999250e+01 9.610000000007953291e-01
9.689999999999999725e-01 7.412399999999999523e+01 4.000000000009549805e-01
9.699999999999999734e-01 7.379500000000000171e+01 3.009999999997984843e-01
9.709999999999999742e-01 7.434700000000000841e+01 6.729999999986784331e-01
9.719999999999999751e-01 7.372599999999999909e+01 1.519999999995910178e-01
9.729999999999999760e-01 7.350700000000000500e+01 5.669999999991350847e-01
9.739999999999999769e-01 7.395099999999999341e+01 8.300000000685482660e-02
9.749999999999999778e-01 7.438499999999999091e+01 4.830000000016614892e-01
9.759999999999999787e-01 7.354900000000000659e+01 9.409999999996518927e-01
9.769999999999999796e-01 7.494800000000000750e+01 1.879999999973031022e-01
9.779999999999999805e-01 7.484900000000000375e+01 4.370000000002550178e-01
9.789999999999999813e-01 7.420199999999999818e+01 4.379999999999388272e-01
9.799999999999999822e-01 7.274600000000000932e+01 4.499999999983427257e-01
9.809999999999999831e-01 7.320300000000000296e+01 4.309999999996860787e-01
9.819999999999999840e-01 7.460800000000000409e+01 5.680000000003169180e-01
9.829999999999999849e-01 7.349299999999999500e+01 9.630000000009437677e-01
9.839999999999999858e-01 7.443200000000000216e+01 8.599999999983451437e-02
9.849999999999999867e-01 7.411400000000000432e+01 1.439999999950636600e-01
9.859999999999999876e-01 7.396099999999999852e+01 1.309999999956124317e-01
9.869999999999999885e-01 7.467300000000000182e+01 4.329999999988505821e-01
9.879999999999999893e-01 7.327400000000000091e+01 1.000000000010913964e-01
9.889999999999999902e-01 7.384000000000000341e+01 2.120000000005050622e-01
9.899999999999999911e-01 7.376900000000000546e+01 8.999999957058914604e-03
9.909999999999999920e-01 7.462999999999999545e+01 3.500000000018709811e-01
9.919999999999999929e-01 7.332099999999999795e+01 1.010999999999985244e+00
9.929999999999999938e-01 7.349299999999999500e+01 1.510000000062623471e-01
9.939999999999999947e-01 7.373499999999999943e+01 6.930000000001337312e-01
9.949999999999999956e-01 7.371099999999999852e+01 6.090000000006043912e-01
9.959999999999999964e-01 7.434600000000000364e+01 4.999999999599822470e-02
9.969999999999999973e-01 7.391100000000000136e+01 3.310000000003210374e-01
9.979999999999999982e-01 7.353499999999999659e+01 8.899999999686430963e-02
9.989999999999999991e-01 7.432599999999999341e+01 6.200000001341545580e-02
