# alpha	mean_degree	std_degree
1.000000000000000021e-03 2.456099999999999284e+00 5.273509268034987096e-02
2.000000000000000042e-03 4.772999999999998799e+00 1.141201121626187198e-01
3.000000000000000062e-03 6.916999999999998927e+00 1.170170927685806606e-01
4.000000000000000083e-03 8.946699999999998099e+00 1.591644118514176920e-01
5.000000000000000104e-03 1.094740000000000002e+01 1.155198684210479582e-01
6.000000000000000125e-03 1.275960000000000072e+01 1.158302205816886254e-01
7.000000000000000146e-03 1.446630000000000749e+01 1.535347191998782113e-01
8.000000000000000167e-03 1.617859999999999943e+01 1.525478285655553767e-01
9.000000000000001055e-03 1.764970000000000283e+01 2.122416311659031940e-01
1.000000000000000194e-02 1.921440000000000126e+01 2.118287987974054598e-01
1.099999999999999936e-02 2.072519999999999740e+01 2.299568655207818446e-01
1.200000000000000025e-02 2.215649999999999764e+01 2.549398948774396767e-01
1.300000000000000114e-02 2.344839999999999947e+01 1.864903214647161966e-01
1.400000000000000203e-02 2.469800000000000040e+01 2.402074103769034352e-01
1.499999999999999944e-02 2.591079999999999472e+01 2.847956460346655616e-01
1.600000000000000033e-02 2.708480000000000132e+01 2.854101609961527952e-01
1.700000000000000122e-02 2.816100000000000136e+01 2.170995163512911552e-01
1.800000000000000211e-02 2.918819999999999482e+01 2.639809841638767196e-01
1.900000000000000300e-02 3.026659999999999329e+01 2.919836296786389451e-01
2.000000000000000042e-02 3.117079999999999629e+01 3.399496433300212561e-01
2.100000000000000130e-02 3.201600000000000534e+01 2.535578829369704579e-01
2.200000000000000219e-02 3.300730000000000075e+01 2.935924215643792023e-01
2.299999999999999961e-02 3.406560000000000343e+01 3.505832853971760366e-01
2.400000000000000050e-02 3.476979999999999649e+01 3.146642019681146207e-01
2.500000000000000139e-02 3.549020000000000152e+01 3.238048177529912475e-01
2.600000000000000228e-02 3.634259999999999735e+01 2.824380286011913266e-01
2.700000000000000316e-02 3.711589999999999634e+01 3.577672287961453090e-01
2.800000000000000058e-02 3.781850000000000023e+01 3.329083207129702182e-01
2.900000000000000147e-02 3.853449999999999420e+01 2.741451258003513303e-01
3.000000000000000236e-02 3.914540000000000930e+01 3.356844351456691466e-01
3.099999999999999978e-02 3.974729999999999563e+01 3.105551641819582209e-01
3.200000000000000067e-02 4.044639999999999702e+01 2.894778748028131732e-01
3.300000000000000155e-02 4.120730000000000359e+01 4.046273717873870024e-01
3.400000000000000244e-02 4.161679999999999779e+01 4.044613207711832970e-01
3.500000000000000333e-02 4.223169999999999646e+01 3.652387027690433552e-01
3.600000000000000422e-02 4.288690000000000424e+01 4.219926421157851326e-01
3.700000000000000511e-02 4.316159999999999997e+01 3.662652590675591346e-01
3.799999999999999906e-02 4.372649999999999437e+01 2.357548514879969637e-01
3.899999999999999994e-02 4.428199999999999648e+01 3.919698968037125808e-01
4.000000000000000083e-02 4.494039999999999679e+01 3.691972914309228360e-01
4.100000000000000172e-02 4.527540000000000475e+01 4.557512918243137867e-01
4.200000000000000261e-02 4.581649999999999778e+01 3.849212257080275035e-01
4.300000000000000350e-02 4.631869999999999266e+01 3.399860438311361754e-01
4.400000000000000439e-02 4.670459999999999212e+01 4.855479790919216554e-01
4.499999999999999833e-02 4.701330000000000098e+01 3.267147226557194362e-01
4.599999999999999922e-02 4.766910000000000025e+01 4.047381746267876834e-01
4.700000000000000011e-02 4.779539999999998656e+01 5.236575598625833328e-01
4.800000000000000100e-02 4.812870000000000203e+01 3.967564870299544189e-01
4.900000000000000189e-02 4.864440000000000452e+01 4.736811585859376783e-01
5.000000000000000278e-02 4.898859999999999815e+01 5.135305638424385588e-01
5.100000000000000366e-02 4.943389999999999418e+01 4.953707601388376291e-01
5.200000000000000455e-02 4.978970000000000340e+01 4.684627092950435778e-01
5.300000000000000544e-02 5.015240000000000009e+01 3.986138984033217314e-01
5.399999999999999939e-02 5.060790000000000788e+01 4.176445737695146376e-01
5.500000000000000028e-02 5.083690000000000708e+01 4.315444241320562924e-01
5.600000000000000117e-02 5.089869999999999095e+01 4.927231575644175909e-01
5.700000000000000205e-02 5.124500000000000455e+01 6.235548091384508496e-01
5.800000000000000294e-02 5.150209999999999866e+01 4.627329575465835010e-01
5.900000000000000383e-02 5.183160000000000167e+01 5.161281236284229745e-01
6.000000000000000472e-02 5.218829999999999103e+01 5.352196838695036929e-01
6.099999999999999867e-02 5.256119999999999948e+01 3.818666783055046365e-01
6.199999999999999956e-02 5.267600000000000193e+01 5.400736986744977264e-01
6.300000000000000044e-02 5.311169999999999902e+01 5.135216743239566783e-01
6.400000000000000133e-02 5.334589999999999321e+01 3.363738842425930131e-01
6.500000000000000222e-02 5.357050000000000267e+01 4.836990283221723197e-01
6.600000000000000311e-02 5.377559999999999718e+01 4.449627400138894129e-01
6.700000000000000400e-02 5.414210000000000633e+01 4.393592948811121945e-01
6.800000000000000488e-02 5.441670000000000584e+01 5.639568334537683469e-01
6.900000000000000577e-02 5.449530000000000030e+01 4.667904347781381968e-01
7.000000000000000666e-02 5.487409999999999854e+01 4.755882567940122874e-01
7.100000000000000755e-02 5.495979999999999421e+01 5.111958137544551084e-01
7.200000000000000844e-02 5.516600000000001103e+01 4.774327177714366988e-01
7.300000000000000933e-02 5.545139999999999958e+01 5.136158486653698008e-01
7.399999999999999634e-02 5.564199999999999591e+01 5.192248068039913012e-01
7.499999999999999722e-02 5.580330000000000013e+01 4.617208139126408595e-01
7.599999999999999811e-02 5.603889999999999816e+01 4.892502324988641793e-01
7.699999999999999900e-02 5.612630000000000052e+01 5.233053697411098604e-01
7.799999999999999989e-02 5.656930000000001257e+01 3.090995147162364787e-01
7.900000000000000078e-02 5.669309999999999405e+01 5.648321786158730928e-01
8.000000000000000167e-02 5.683849999999999625e+01 3.888526070387699485e-01
8.100000000000000255e-02 5.699899999999998812e+01 5.178480472119431077e-01
8.200000000000000344e-02 5.729660000000001219e+01 4.741633052003323412e-01
8.300000000000000433e-02 5.738510000000000133e+01 3.990952142037131889e-01
8.400000000000000522e-02 5.754080000000001149e+01 4.316963747812485042e-01
8.500000000000000611e-02 5.764430000000000121e+01 5.038635827285492530e-01
8.600000000000000699e-02 5.786989999999999412e+01 6.076237240269926065e-01
8.700000000000000788e-02 5.803450000000000131e+01 4.630839556703482129e-01
8.800000000000000877e-02 5.790130000000000621e+01 5.784144794166934389e-01
8.899999999999999578e-02 5.823880000000000479e+01 5.644219698065074953e-01
8.999999999999999667e-02 5.866740000000000066e+01 5.133248873769838960e-01
9.099999999999999756e-02 5.863309999999999889e+01 5.633576040131791363e-01
9.199999999999999845e-02 5.860220000000000340e+01 3.623119650243790124e-01
9.299999999999999933e-02 5.862389999999999191e+01 5.315842266289292350e-01
9.400000000000000022e-02 5.896939999999999316e+01 5.055927610245071202e-01
9.500000000000000111e-02 5.902400000000000091e+01 4.914623078123807609e-01
9.600000000000000200e-02 5.952709999999998303e+01 4.751435467329163664e-01
9.700000000000000289e-02 5.930940000000000367e+01 4.078259923061831604e-01
9.800000000000000377e-02 5.920189999999998776e+01 3.916219988733256607e-01
9.900000000000000466e-02 5.951859999999997797e+01 5.218663047209055605e-01
1.000000000000000056e-01 5.979309999999999548e+01 3.948247585968311379e-01
1.010000000000000064e-01 5.994110000000000582e+01 5.552104015589414132e-01
1.020000000000000073e-01 6.026169999999999760e+01 4.544831240003961437e-01
1.030000000000000082e-01 6.009960000000000946e+01 4.528273843297679901e-01
1.040000000000000091e-01 6.028490000000000748e+01 4.282973149552504188e-01
1.050000000000000100e-01 6.040040000000001186e+01 4.989535449310719684e-01
1.059999999999999970e-01 6.050409999999999400e+01 4.423783335568942099e-01
1.069999999999999979e-01 6.064819999999999567e+01 4.857896252494511846e-01
1.079999999999999988e-01 6.058530000000001792e+01 6.018974248139109529e-01
1.089999999999999997e-01 6.076310000000000855e+01 4.996356572534101370e-01
1.100000000000000006e-01 6.091679999999998785e+01 5.048181454757663111e-01
1.110000000000000014e-01 6.087100000000000222e+01 3.653439475339330111e-01
1.120000000000000023e-01 6.120349999999999824e+01 5.164629221927639069e-01
1.130000000000000032e-01 6.135489999999998645e+01 5.907268319639138454e-01
1.140000000000000041e-01 6.144630000000002212e+01 5.526294508958812246e-01
1.150000000000000050e-01 6.146779999999999688e+01 4.766801443322647436e-01
1.160000000000000059e-01 6.155940000000000367e+01 5.617238111385455257e-01
1.170000000000000068e-01 6.167459999999998388e+01 4.848641459240904950e-01
1.180000000000000077e-01 6.171810000000000684e+01 4.767277944482490315e-01
1.190000000000000085e-01 6.160999999999999233e+01 5.073618038454267287e-01
1.200000000000000094e-01 6.185679999999999978e+01 3.006156349887728063e-01
1.209999999999999964e-01 6.188290000000000646e+01 4.886960098042598122e-01
1.219999999999999973e-01 6.221499999999999631e+01 5.267931282769134915e-01
1.229999999999999982e-01 6.219169999999999021e+01 4.695432993889279705e-01
1.239999999999999991e-01 6.210329999999999018e+01 5.575974444000162400e-01
1.250000000000000000e-01 6.232310000000001082e+01 5.293231432666474223e-01
1.260000000000000009e-01 6.251990000000000691e+01 6.136645582063045001e-01
1.270000000000000018e-01 6.262160000000001503e+01 5.384602492276534536e-01
1.280000000000000027e-01 6.265090000000001424e+01 4.911107716175350801e-01
1.290000000000000036e-01 6.284279999999998978e+01 4.133368602023917426e-01
1.300000000000000044e-01 6.262999999999999545e+01 4.204730669151228728e-01
1.310000000000000053e-01 6.274579999999997426e+01 5.227201545784861958e-01
1.320000000000000062e-01 6.273570000000000846e+01 5.624977422169105123e-01
1.330000000000000071e-01 6.324560000000000315e+01 6.763725600576917518e-01
1.340000000000000080e-01 6.318470000000000653e+01 5.174631484462505204e-01
1.350000000000000089e-01 6.318099999999999739e+01 5.074258566530660541e-01
1.360000000000000098e-01 6.335750000000000171e+01 6.163128669758870526e-01
1.370000000000000107e-01 6.337390000000000612e+01 5.197932184995708305e-01
1.380000000000000115e-01 6.318550000000000466e+01 5.148739166043706517e-01
1.390000000000000124e-01 6.321979999999997801e+01 4.596054394835185075e-01
1.400000000000000133e-01 6.342870000000001340e+01 4.925420895698974788e-01
1.410000000000000142e-01 6.350540000000000873e+01 4.846376378265657148e-01
1.420000000000000151e-01 6.344330000000000069e+01 4.533604636502681084e-01
1.430000000000000160e-01 6.361640000000001294e+01 3.944614556569666641e-01
1.440000000000000169e-01 6.376530000000000342e+01 5.789021592632013213e-01
1.450000000000000178e-01 6.384660000000000224e+01 5.125992976974125259e-01
1.459999999999999909e-01 6.398059999999999548e+01 4.527264516240490089e-01
1.469999999999999918e-01 6.405060000000000286e+01 4.840801999668356559e-01
1.479999999999999927e-01 6.412890000000000157e+01 5.966266755681377543e-01
1.489999999999999936e-01 6.399179999999999069e+01 5.569477174755324000e-01
1.499999999999999944e-01 6.386919999999999220e+01 4.642100386696912939e-01
1.509999999999999953e-01 6.389580000000000837e+01 4.846858363922456059e-01
1.519999999999999962e-01 6.415829999999999700e+01 5.666502536848528893e-01
1.529999999999999971e-01 6.414619999999999322e+01 3.710099190069572894e-01
1.539999999999999980e-01 6.424890000000000612e+01 5.849268244822763974e-01
1.549999999999999989e-01 6.432869999999999777e+01 5.953698934281992372e-01
1.559999999999999998e-01 6.441500000000000625e+01 7.005701963393283771e-01
1.570000000000000007e-01 6.432880000000000109e+01 5.968776759095494322e-01
1.580000000000000016e-01 6.448019999999999641e+01 5.428660608281814515e-01
1.590000000000000024e-01 6.461350000000001614e+01 4.861291495046742295e-01
1.600000000000000033e-01 6.476920000000001210e+01 5.993764760128605928e-01
1.610000000000000042e-01 6.459040000000001669e+01 4.168196732368590895e-01
1.620000000000000051e-01 6.479970000000000141e+01 6.187468868598160476e-01
1.630000000000000060e-01 6.472820000000001528e+01 4.368047160890587977e-01
1.640000000000000069e-01 6.478500000000001080e+01 5.064276848653769258e-01
1.650000000000000078e-01 6.473629999999999995e+01 5.337940707798862761e-01
1.660000000000000087e-01 6.483259999999999934e+01 3.902615020723445571e-01
1.670000000000000095e-01 6.513280000000000314e+01 4.347391861781566558e-01
1.680000000000000104e-01 6.504569999999998231e+01 5.708878261124100684e-01
1.690000000000000113e-01 6.491589999999999350e+01 5.752086491012792235e-01
1.700000000000000122e-01 6.506490000000000862e+01 6.475249724901421811e-01
1.710000000000000131e-01 6.497729999999999961e+01 4.427456493284614991e-01
1.720000000000000140e-01 6.509799999999999898e+01 6.411299400281733618e-01
1.730000000000000149e-01 6.527100000000000080e+01 5.378008925240852500e-01
1.740000000000000158e-01 6.538479999999999848e+01 5.592850436051517438e-01
1.750000000000000167e-01 6.531220000000000425e+01 6.190922063791121088e-01
1.760000000000000175e-01 6.536540000000002237e+01 6.334673156498417113e-01
1.769999999999999907e-01 6.531829999999999359e+01 5.976866319398809191e-01
1.779999999999999916e-01 6.543429999999999325e+01 5.682528574496162888e-01
1.789999999999999925e-01 6.575549999999998363e+01 5.207751434166203452e-01
1.799999999999999933e-01 6.574809999999999377e+01 5.687598702451754917e-01
1.809999999999999942e-01 6.553700000000000614e+01 4.014984433331993396e-01
1.819999999999999951e-01 6.569169999999999732e+01 6.122689850058646854e-01
1.829999999999999960e-01 6.564809999999999945e+01 5.608152904478370671e-01
1.839999999999999969e-01 6.583079999999998222e+01 5.734692319571342844e-01
1.849999999999999978e-01 6.552389999999999759e+01 5.050403845239674894e-01
1.859999999999999987e-01 6.567149999999999466e+01 5.149616976063956519e-01
1.869999999999999996e-01 6.582460000000000377e+01 6.956505157035951514e-01
1.880000000000000004e-01 6.585139999999998395e+01 3.966802742815781491e-01
1.890000000000000013e-01 6.586110000000000753e+01 5.824717933069357700e-01
1.900000000000000022e-01 6.582829999999999870e+01 5.026538669895783684e-01
1.910000000000000031e-01 6.597110000000000696e+01 4.664737827570509809e-01
1.920000000000000040e-01 6.590170000000000528e+01 5.182243819042607891e-01
1.930000000000000049e-01 6.563559999999999661e+01 4.738905358847969596e-01
1.940000000000000058e-01 6.594649999999998613e+01 4.937950485797820699e-01
1.950000000000000067e-01 6.613840000000001851e+01 4.893422524128493989e-01
1.960000000000000075e-01 6.608400000000003160e+01 4.908054604386526409e-01
1.970000000000000084e-01 6.625280000000000769e+01 5.406371796308303557e-01
1.980000000000000093e-01 6.612829999999999586e+01 4.557895457345758072e-01
1.990000000000000102e-01 6.618370000000001596e+01 7.516912331522952462e-01
2.000000000000000111e-01 6.633290000000000930e+01 5.396248604328436338e-01
2.010000000000000120e-01 6.634730000000000416e+01 5.043551427307296775e-01
2.020000000000000129e-01 6.629470000000000596e+01 3.943142274866670016e-01
2.030000000000000138e-01 6.636129999999999995e+01 5.267520384390127486e-01
2.040000000000000147e-01 6.619429999999999836e+01 6.369823466937816203e-01
2.050000000000000155e-01 6.649620000000001596e+01 5.637921248111519290e-01
2.060000000000000164e-01 6.641500000000000625e+01 5.997211018452229814e-01
2.070000000000000173e-01 6.647259999999999991e+01 4.866436478577870206e-01
2.080000000000000182e-01 6.672810000000001196e+01 5.028170542043809421e-01
2.090000000000000191e-01 6.658320000000000505e+01 6.225211321708461476e-01
2.099999999999999922e-01 6.651130000000001985e+01 6.079467986577389294e-01
2.109999999999999931e-01 6.650000000000000000e+01 4.085574622975682857e-01
2.119999999999999940e-01 6.654499999999998749e+01 5.506438050156454711e-01
2.129999999999999949e-01 6.684679999999998756e+01 3.949624792316552280e-01
2.139999999999999958e-01 6.680780000000000030e+01 3.922264142023071942e-01
2.149999999999999967e-01 6.659779999999999234e+01 5.251445134450736241e-01
2.159999999999999976e-01 6.666139999999998622e+01 6.297669727779954263e-01
2.169999999999999984e-01 6.683109999999999218e+01 5.783000864613783154e-01
2.179999999999999993e-01 6.666259999999999764e+01 6.974333229784258625e-01
2.190000000000000002e-01 6.673660000000000991e+01 6.813078892820906285e-01
2.200000000000000011e-01 6.683570000000000277e+01 4.464339928811172364e-01
2.210000000000000020e-01 6.697409999999999286e+01 4.119643067071399045e-01
2.220000000000000029e-01 6.680960000000001742e+01 4.404800108943154879e-01
2.230000000000000038e-01 6.682920000000001437e+01 6.816927166985395914e-01
2.240000000000000047e-01 6.686850000000001160e+01 5.420682152629000550e-01
2.250000000000000056e-01 6.696400000000001285e+01 4.891641851140793862e-01
2.260000000000000064e-01 6.699530000000000030e+01 5.278925174681363686e-01
2.270000000000000073e-01 6.709350000000000591e+01 3.581099691435952193e-01
2.280000000000000082e-01 6.694509999999999650e+01 6.583505069487558536e-01
2.290000000000000091e-01 6.718379999999999086e+01 6.019537856026041522e-01
2.300000000000000100e-01 6.708599999999999852e+01 4.851548206499731730e-01
2.310000000000000109e-01 6.710029999999999006e+01 5.553493585129072319e-01
2.320000000000000118e-01 6.728010000000000446e+01 4.983883927212586773e-01
2.330000000000000127e-01 6.712309999999999377e+01 4.415850880655334265e-01
2.340000000000000135e-01 6.713079999999999359e+01 4.511170136463349967e-01
2.350000000000000144e-01 6.727380000000000848e+01 5.703605526321212649e-01
2.360000000000000153e-01 6.723290000000000077e+01 5.131679939350937136e-01
2.370000000000000162e-01 6.715949999999999420e+01 6.337986667709235578e-01
2.380000000000000171e-01 6.708110000000002060e+01 5.658117973295481162e-01
2.390000000000000180e-01 6.738210000000000832e+01 3.802722577315941765e-01
2.400000000000000189e-01 6.721760000000000446e+01 5.523099130014625935e-01
2.409999999999999920e-01 6.730709999999999127e+01 3.581605645550609007e-01
2.419999999999999929e-01 6.718120000000000402e+01 5.193381942428956233e-01
2.429999999999999938e-01 6.769449999999997658e+01 5.456265664378174840e-01
2.439999999999999947e-01 6.740919999999999845e+01 6.056023117538599232e-01
2.449999999999999956e-01 6.736510000000001241e+01 8.137762530311077880e-01
2.459999999999999964e-01 6.753919999999999391e+01 5.931473341438320279e-01
2.469999999999999973e-01 6.748170000000001778e+01 5.457348348770040269e-01
2.479999999999999982e-01 6.764939999999999998e+01 4.877024092612521899e-01
2.489999999999999991e-01 6.732779999999999632e+01 7.219146486962315645e-01
2.500000000000000000e-01 6.733579999999999188e+01 3.416201984671973779e-01
2.510000000000000009e-01 6.765530000000001110e+01 5.788340954015982476e-01
2.520000000000000018e-01 6.779840000000000089e+01 4.479248151207898543e-01
2.530000000000000027e-01 6.773229999999999507e+01 5.790306641274344246e-01
2.540000000000000036e-01 6.779569999999999652e+01 4.088575668855424228e-01
2.550000000000000044e-01 6.756300000000000239e+01 5.410913046797759529e-01
2.560000000000000053e-01 6.769770000000002597e+01 4.925343744317285388e-01
2.570000000000000062e-01 6.800340000000001339e+01 5.520945933424286078e-01
2.580000000000000071e-01 6.766360000000001662e+01 5.258001901847403348e-01
2.590000000000000080e-01 6.755970000000000653e+01 5.557745136292444599e-01
2.600000000000000089e-01 6.781599999999998829e+01 4.408274038681473939e-01
2.610000000000000098e-01 6.793149999999999977e+01 4.638378488209554118e-01
2.620000000000000107e-01 6.785729999999998086e+01 5.967073906031404862e-01
2.630000000000000115e-01 6.774020000000000152e+01 5.475804598420778158e-01
2.640000000000000124e-01 6.786519999999998731e+01 5.435054369564680243e-01
2.650000000000000133e-01 6.763469999999999516e+01 4.648734343879448727e-01
2.660000000000000142e-01 6.801939999999999031e+01 5.815964580368740977e-01
2.670000000000000151e-01 6.780429999999999779e+01 4.344478219538259745e-01
2.680000000000000160e-01 6.783369999999999322e+01 5.857993769207454626e-01
2.690000000000000169e-01 6.771479999999999677e+01 6.825646929049136169e-01
2.700000000000000178e-01 6.770289999999998543e+01 6.319751498303689541e-01
2.710000000000000187e-01 6.801730000000000587e+01 5.448200712161135328e-01
2.720000000000000195e-01 6.776259999999999195e+01 6.718515014494319537e-01
2.730000000000000204e-01 6.798139999999999361e+01 5.433893999709434874e-01
2.740000000000000213e-01 6.786879999999999313e+01 4.317496496827790131e-01
2.750000000000000222e-01 6.795680000000001542e+01 6.112630857480177982e-01
2.760000000000000231e-01 6.795820000000000505e+01 6.503669425788729530e-01
2.770000000000000240e-01 6.795730000000001780e+01 5.857447481602009454e-01
2.780000000000000249e-01 6.799039999999999395e+01 5.374847346674999082e-01
2.790000000000000258e-01 6.821469999999999345e+01 5.724523648312039859e-01
2.800000000000000266e-01 6.810220000000001050e+01 4.601634057585568538e-01
2.810000000000000275e-01 6.811600000000001387e+01 5.119574201020113957e-01
2.820000000000000284e-01 6.805020000000000380e+01 5.845637347631875702e-01
2.830000000000000293e-01 6.813369999999999038e+01 5.689478974387927046e-01
2.840000000000000302e-01 6.810689999999998179e+01 5.276064726689521089e-01
2.850000000000000311e-01 6.788130000000001019e+01 6.652906958596642717e-01
2.860000000000000320e-01 6.804669999999998709e+01 5.304421834661250390e-01
2.870000000000000329e-01 6.819250000000000966e+01 5.270054553784730977e-01
2.880000000000000338e-01 6.835539999999998884e+01 5.728675588662909268e-01
2.890000000000000346e-01 6.812190000000001078e+01 5.603629091934397843e-01
2.899999999999999800e-01 6.829780000000000939e+01 4.826227926634225063e-01
2.909999999999999809e-01 6.812390000000000612e+01 5.700580584450342103e-01
2.919999999999999818e-01 6.823859999999999104e+01 4.298642111177527481e-01
2.929999999999999827e-01 6.800169999999999959e+01 5.175999517009464146e-01
2.939999999999999836e-01 6.837049999999999272e+01 4.313587254253600234e-01
2.949999999999999845e-01 6.836459999999999582e+01 4.486232718001918474e-01
2.959999999999999853e-01 6.833979999999999677e+01 5.553020439362925664e-01
2.969999999999999862e-01 6.836110000000000753e+01 7.153221581912021509e-01
2.979999999999999871e-01 6.832240000000000180e+01 4.682745348619429260e-01
2.989999999999999880e-01 6.805889999999999418e+01 4.869297587961931018e-01
2.999999999999999889e-01 6.831730000000000302e+01 7.450557764351001255e-01
3.009999999999999898e-01 6.848350000000000648e+01 5.501381190209662098e-01
3.019999999999999907e-01 6.833660000000000423e+01 7.118261304562153446e-01
3.029999999999999916e-01 6.839209999999999923e+01 4.574846336220150245e-01
3.039999999999999925e-01 6.843889999999998963e+01 5.788614601109495217e-01
3.049999999999999933e-01 6.823090000000001965e+01 6.985532120002913015e-01
3.059999999999999942e-01 6.853150000000000830e+01 5.148490555489831921e-01
3.069999999999999951e-01 6.855769999999998277e+01 4.762924626782993887e-01
3.079999999999999960e-01 6.860869999999999891e+01 5.775109609363772156e-01
3.089999999999999969e-01 6.842640000000000100e+01 7.127365852824336656e-01
3.099999999999999978e-01 6.863659999999998718e+01 6.079260152367886860e-01
3.109999999999999987e-01 6.838620000000000232e+01 4.922576154807661863e-01
3.119999999999999996e-01 6.855060000000000286e+01 6.357188372212597693e-01
3.130000000000000004e-01 6.857610000000002515e+01 5.466280179402916994e-01
3.140000000000000013e-01 6.858159999999999457e+01 6.386453162758007895e-01
3.150000000000000022e-01 6.848169999999998936e+01 5.726734759019387333e-01
3.160000000000000031e-01 6.872170000000001266e+01 4.119112889905739983e-01
3.170000000000000040e-01 6.855949999999998568e+01 5.094918546964511963e-01
3.180000000000000049e-01 6.861430000000001428e+01 4.732742439621874797e-01
3.190000000000000058e-01 6.865430000000002053e+01 4.471439477354554048e-01
3.200000000000000067e-01 6.880040000000001044e+01 4.273596143750932330e-01
3.210000000000000075e-01 6.862919999999998311e+01 4.183598451126754880e-01
3.220000000000000084e-01 6.851829999999998222e+01 6.065915512122813658e-01
3.230000000000000093e-01 6.875189999999999202e+01 4.665089388223292444e-01
3.240000000000000102e-01 6.876079999999998904e+01 6.266301620588944354e-01
3.250000000000000111e-01 6.865719999999998890e+01 6.661373431977222204e-01
3.260000000000000120e-01 6.856750000000000966e+01 5.776133222139610002e-01
3.270000000000000129e-01 6.884239999999999782e+01 5.931103101438433001e-01
3.280000000000000138e-01 6.869679999999998188e+01 4.081462483016751186e-01
3.290000000000000147e-01 6.861979999999999791e+01 5.112392394953961805e-01
3.300000000000000155e-01 6.848799999999999955e+01 5.190136799743026996e-01
3.310000000000000164e-01 6.881109999999999616e+01 5.354319657997873572e-01
3.320000000000000173e-01 6.873839999999999861e+01 5.334677497284282532e-01
3.330000000000000182e-01 6.875749999999999318e+01 5.548801221896932923e-01
3.340000000000000191e-01 6.889300000000000068e+01 4.073143748995838864e-01
3.350000000000000200e-01 6.875929999999999609e+01 6.112493026580415600e-01
3.360000000000000209e-01 6.900039999999999907e+01 4.677818294888373418e-01
3.370000000000000218e-01 6.867010000000000502e+01 5.562281815944253305e-01
3.380000000000000226e-01 6.895489999999999498e+01 6.654266225519257505e-01
3.390000000000000235e-01 6.863750000000001705e+01 5.132308934552971547e-01
3.400000000000000244e-01 6.879189999999999827e+01 4.856424507808054791e-01
3.410000000000000253e-01 6.891229999999998768e+01 5.187563108060185835e-01
3.420000000000000262e-01 6.887989999999999213e+01 5.977914268378191620e-01
3.430000000000000271e-01 6.887290000000000134e+01 5.761515338866206593e-01
3.440000000000000280e-01 6.877610000000001378e+01 5.122579330752192739e-01
3.450000000000000289e-01 6.888949999999999818e+01 4.719690138140468783e-01
3.460000000000000298e-01 6.872119999999999607e+01 5.652020523678299435e-01
3.470000000000000306e-01 6.896770000000002199e+01 5.042916913805524093e-01
3.480000000000000315e-01 6.901539999999999964e+01 4.874603983927207063e-01
3.490000000000000324e-01 6.876159999999998718e+01 7.599533143571689520e-01
3.500000000000000333e-01 6.897549999999999670e+01 5.601831396971145294e-01
3.510000000000000342e-01 6.911000000000001364e+01 5.492922719249893060e-01
3.520000000000000351e-01 6.901219999999999288e+01 6.567623314416746183e-01
3.529999999999999805e-01 6.903649999999998954e+01 4.850112885303590748e-01
3.539999999999999813e-01 6.896939999999999316e+01 4.597012508154782462e-01
3.549999999999999822e-01 6.895019999999999527e+01 4.274346265816981183e-01
3.559999999999999831e-01 6.922090000000000032e+01 4.394125510265139423e-01
3.569999999999999840e-01 6.907569999999999766e+01 5.977067090141180428e-01
3.579999999999999849e-01 6.921989999999998133e+01 5.013032914340469492e-01
3.589999999999999858e-01 6.883570000000000277e+01 6.085784337283898227e-01
3.599999999999999867e-01 6.875739999999998986e+01 5.586809823161632549e-01
3.609999999999999876e-01 6.904489999999999839e+01 6.584486236597378861e-01
3.619999999999999885e-01 6.917879999999999541e+01 4.157414581214387006e-01
3.629999999999999893e-01 6.897570000000000334e+01 5.422819469597333075e-01
3.639999999999999902e-01 6.877309999999998524e+01 4.933759114529286394e-01
3.649999999999999911e-01 6.900010000000000332e+01 5.729008552961489809e-01
3.659999999999999920e-01 6.876140000000000896e+01 4.910087982906116144e-01
3.669999999999999929e-01 6.894489999999998986e+01 5.471491478582707346e-01
3.679999999999999938e-01 6.909950000000000614e+01 4.475336300204265094e-01
3.689999999999999947e-01 6.902770000000001005e+01 7.459657565859136863e-01
3.699999999999999956e-01 6.911410000000002185e+01 5.131177155375292731e-01
3.709999999999999964e-01 6.911590000000001055e+01 4.698989146605084266e-01
3.719999999999999973e-01 6.924399999999999977e+01 6.569709278196953495e-01
3.729999999999999982e-01 6.913719999999999288e+01 4.673779626816499944e-01
3.739999999999999991e-01 6.925849999999999795e+01 5.914081078254049828e-01
3.750000000000000000e-01 6.912170000000000414e+01 5.118395354002471809e-01
3.760000000000000009e-01 6.895800000000001262e+01 5.904015582616842783e-01
3.770000000000000018e-01 6.926550000000001717e+01 5.456742159920129343e-01
3.780000000000000027e-01 6.928979999999999961e+01 5.192182200195002428e-01
3.790000000000000036e-01 6.908509999999998286e+01 5.198101480372950833e-01
3.800000000000000044e-01 6.925380000000001246e+01 5.723945841805111456e-01
3.810000000000000053e-01 6.926050000000000750e+01 4.923863828321717873e-01
3.820000000000000062e-01 6.904810000000000514e+01 6.930002813850070220e-01
3.830000000000000071e-01 6.919530000000000314e+01 5.471914747148185487e-01
3.840000000000000080e-01 6.925120000000001141e+01 4.414622973686708751e-01
3.850000000000000089e-01 6.936920000000000641e+01 5.646603935110718897e-01
3.860000000000000098e-01 6.921370000000000289e+01 6.333799096900134540e-01
3.870000000000000107e-01 6.915919999999999845e+01 5.751655066169274466e-01
3.880000000000000115e-01 6.949069999999998970e+01 4.752642528121397980e-01
3.890000000000000124e-01 6.918489999999999895e+01 3.574534794910617097e-01
3.900000000000000133e-01 6.925960000000000605e+01 7.032969785221510062e-01
3.910000000000000142e-01 6.952539999999999054e+01 4.201152698976364785e-01
3.920000000000000151e-01 6.949089999999999634e+01 5.522483046609001356e-01
3.930000000000000160e-01 6.909420000000001494e+01 5.261037540241715327e-01
3.940000000000000169e-01 6.932480000000001041e+01 4.460674388473136465e-01
3.950000000000000178e-01 6.945760000000002776e+01 4.374282112481570617e-01
3.960000000000000187e-01 6.925639999999999930e+01 4.321581192111311753e-01
3.970000000000000195e-01 6.928780000000001849e+01 6.545028342160644774e-01
3.980000000000000204e-01 6.935009999999999764e+01 7.701063497991670337e-01
3.990000000000000213e-01 6.934289999999998599e+01 5.586646489646993619e-01
4.000000000000000222e-01 6.944410000000000593e+01 5.849531519692808823e-01
4.010000000000000231e-01 6.935970000000000368e+01 5.669071440714797960e-01
4.020000000000000240e-01 6.938800000000000523e+01 5.610718314072142832e-01
4.030000000000000249e-01 6.942109999999999559e+01 6.642458806794343529e-01
4.040000000000000258e-01 6.926080000000000325e+01 6.375087136659213227e-01
4.050000000000000266e-01 6.908669999999999334e+01 6.174056284172573239e-01
4.060000000000000275e-01 6.945709999999999695e+01 6.528315173150730510e-01
4.070000000000000284e-01 6.935580000000000211e+01 4.698633418343843293e-01
4.080000000000000293e-01 6.934700000000000841e+01 5.699250827948505460e-01
4.090000000000000302e-01 6.942499999999998295e+01 6.504283204187069067e-01
4.100000000000000311e-01 6.935679999999999268e+01 5.858567743064534428e-01
4.110000000000000320e-01 6.938689999999999714e+01 4.861952179937454877e-01
4.120000000000000329e-01 6.937469999999999004e+01 6.043976422875388943e-01
4.130000000000000338e-01 6.930920000000000414e+01 4.878747380203715678e-01
4.140000000000000346e-01 6.929229999999999734e+01 4.098210707131645925e-01
4.150000000000000355e-01 6.949199999999999022e+01 5.806799462710726667e-01
4.160000000000000364e-01 6.936980000000001212e+01 5.171734331913515614e-01
4.170000000000000373e-01 6.933149999999997704e+01 6.346800375019383544e-01
4.179999999999999827e-01 6.951790000000001157e+01 4.049817156358012094e-01
4.189999999999999836e-01 6.933119999999999550e+01 7.214844142468751498e-01
4.199999999999999845e-01 6.979059999999999775e+01 5.116178652094387491e-01
4.209999999999999853e-01 6.925949999999998852e+01 5.343421656590925384e-01
4.219999999999999862e-01 6.968780000000000996e+01 4.536866319375542633e-01
4.229999999999999871e-01 6.930240000000000578e+01 5.284647954210833776e-01
4.239999999999999880e-01 6.966780000000002815e+01 4.848892244586074374e-01
4.249999999999999889e-01 6.938910000000001332e+01 7.170769763413087361e-01
4.259999999999999898e-01 6.954500000000000171e+01 7.358362589601686876e-01
4.269999999999999907e-01 6.943729999999999336e+01 4.597892017001901088e-01
4.279999999999999916e-01 6.951000000000001933e+01 5.402703027165758343e-01
4.289999999999999925e-01 6.938939999999999486e+01 4.894078462801455531e-01
4.299999999999999933e-01 6.927009999999998513e+01 6.057222053069297729e-01
4.309999999999999942e-01 6.939489999999999270e+01 6.818567224874766408e-01
4.319999999999999951e-01 6.930199999999999250e+01 5.038686336756383888e-01
4.329999999999999960e-01 6.939240000000000919e+01 5.104694310127170231e-01
4.339999999999999969e-01 6.959599999999998943e+01 6.577762537532390041e-01
4.349999999999999978e-01 6.952459999999999241e+01 4.981895623165326636e-01
4.359999999999999987e-01 6.977429999999999666e+01 4.769042985759628928e-01
4.369999999999999996e-01 6.975199999999998113e+01 5.875906738557667985e-01
4.380000000000000004e-01 6.987189999999998236e+01 6.559598996897774148e-01
4.390000000000000013e-01 6.955839999999999179e+01 5.388775742236573407e-01
4.400000000000000022e-01 6.952889999999999304e+01 6.041104120946181322e-01
4.410000000000000031e-01 6.988279999999998893e+01 5.131395131932140474e-01
4.420000000000000040e-01 6.947360000000000468e+01 6.480572814182260499e-01
4.430000000000000049e-01 6.938699999999998624e+01 6.112323617114920893e-01
4.440000000000000058e-01 6.987419999999998765e+01 6.669212547232145072e-01
4.450000000000000067e-01 6.967739999999999156e+01 4.623639691853662081e-01
4.460000000000000075e-01 6.953409999999999513e+01 5.754519875716928023e-01
4.470000000000000084e-01 6.970499999999999829e+01 5.148271554616919987e-01
4.480000000000000093e-01 6.945570000000000732e+01 5.736616685808196836e-01
4.490000000000000102e-01 6.970799999999999841e+01 6.554290198018568603e-01
4.500000000000000111e-01 6.949200000000000443e+01 5.473244010630340384e-01
4.510000000000000120e-01 6.983169999999998367e+01 5.118004591650640034e-01
4.520000000000000129e-01 6.968099999999999739e+01 4.913440749598307344e-01
4.530000000000000138e-01 6.931879999999999598e+01 4.898282964470486167e-01
4.540000000000000147e-01 6.951309999999999434e+01 5.576609991749590378e-01
4.550000000000000155e-01 6.942859999999998877e+01 6.207328249741786985e-01
4.560000000000000164e-01 6.954110000000000014e+01 7.009571955547828637e-01
4.570000000000000173e-01 6.967659999999997922e+01 5.587146319940938799e-01
4.580000000000000182e-01 6.989919999999999334e+01 7.013733385310491064e-01
4.590000000000000191e-01 6.985719999999999175e+01 5.723919636061404193e-01
4.600000000000000200e-01 6.965959999999999752e+01 6.247343755556196143e-01
4.610000000000000209e-01 6.968820000000000903e+01 5.431268360144979601e-01
4.620000000000000218e-01 6.962430000000003361e+01 6.063715939883889128e-01
4.630000000000000226e-01 6.962640000000001805e+01 6.453968081720962147e-01
4.640000000000000235e-01 6.977419999999997913e+01 4.448064298121219839e-01
4.650000000000000244e-01 6.973990000000000578e+01 6.265404935036406053e-01
4.660000000000000253e-01 6.998449999999999704e+01 5.231408510140765911e-01
4.670000000000000262e-01 6.960800000000000409e+01 7.040474415822958187e-01
4.680000000000000271e-01 6.965960000000001173e+01 7.058939297078412611e-01
4.690000000000000280e-01 6.975910000000000366e+01 6.381183197494645354e-01
4.700000000000000289e-01 6.968250000000001876e+01 5.418626671003407003e-01
4.710000000000000298e-01 6.977240000000000464e+01 5.062965929154925604e-01
4.720000000000000306e-01 6.968000000000000682e+01 5.203986933095949841e-01
4.730000000000000315e-01 6.977689999999998349e+01 5.573610948056307857e-01
4.740000000000000324e-01 6.993519999999999470e+01 4.848655071264776906e-01
4.750000000000000333e-01 6.967819999999998970e+01 5.599185297899602620e-01
4.760000000000000342e-01 6.985699999999999932e+01 5.076689866437422705e-01
4.770000000000000351e-01 6.989429999999998699e+01 6.307827756065821356e-01
4.780000000000000360e-01 6.975050000000001660e+01 5.199268698547556689e-01
4.790000000000000369e-01 6.979929999999998813e+01 6.836327303469232897e-01
4.800000000000000377e-01 6.995689999999999031e+01 4.984963289734978820e-01
4.809999999999999831e-01 6.971450000000001523e+01 5.279666182603295344e-01
4.819999999999999840e-01 6.977129999999998233e+01 3.975028427610654558e-01
4.829999999999999849e-01 6.983020000000000493e+01 5.903693420216077348e-01
4.839999999999999858e-01 6.978690000000000282e+01 5.790220980240511350e-01
4.849999999999999867e-01 6.962850000000000250e+01 7.106931475677081833e-01
4.859999999999999876e-01 6.974250000000000682e+01 4.913442276044193147e-01
4.869999999999999885e-01 6.973529999999998097e+01 5.621598616069101162e-01
4.879999999999999893e-01 6.970349999999999113e+01 5.733145297316297739e-01
4.889999999999999902e-01 6.959590000000000032e+01 4.966916447862753659e-01
4.899999999999999911e-01 6.969370000000000687e+01 7.747464811134705531e-01
4.909999999999999920e-01 6.992930000000001201e+01 4.470920598699417714e-01
4.919999999999999929e-01 6.990659999999999741e+01 4.045763710350770981e-01
4.929999999999999938e-01 6.990729999999999222e+01 4.942688640814834056e-01
4.939999999999999947e-01 6.986249999999998295e+01 5.116986906390380563e-01
4.949999999999999956e-01 6.974750000000001648e+01 7.174691282540257564e-01
4.959999999999999964e-01 6.988059999999998695e+01 7.627941006596355988e-01
4.969999999999999973e-01 6.992659999999999343e+01 3.640187357835369397e-01
4.979999999999999982e-01 6.977539999999999054e+01 6.376202945345625928e-01
4.989999999999999991e-01 6.974120000000000630e+01 5.431782028028956377e-01
5.000000000000000000e-01 6.973100000000002296e+01 4.106899073468336936e-01
5.010000000000000009e-01 6.983170000000001210e+01 5.854363415428129880e-01
5.020000000000000018e-01 6.977709999999999013e+01 6.996560512147043109e-01
5.030000000000000027e-01 6.993569999999998288e+01 4.169950958968415833e-01
5.040000000000000036e-01 6.963129999999998176e+01 5.072412739536866777e-01
5.050000000000000044e-01 6.991339999999999577e+01 6.329973459668131186e-01
5.060000000000000053e-01 6.980909999999998661e+01 6.354297679540660271e-01
5.070000000000000062e-01 6.968009999999999593e+01 6.675203292792268872e-01
5.080000000000000071e-01 6.977849999999999397e+01 6.285506741713258183e-01
5.090000000000000080e-01 6.984480000000002065e+01 6.100535714155522760e-01
5.100000000000000089e-01 6.986490000000000578e+01 5.931183608681195318e-01
5.110000000000000098e-01 6.994429999999999836e+01 5.303814759201579410e-01
5.120000000000000107e-01 7.005590000000000828e+01 3.177939426723124794e-01
5.130000000000000115e-01 6.999130000000000962e+01 5.189552100126524348e-01
5.140000000000000124e-01 6.989630000000001075e+01 5.761167503189994488e-01
5.150000000000000133e-01 7.000629999999998176e+01 4.833583660211982491e-01
5.160000000000000142e-01 6.983809999999998297e+01 6.091260871138559629e-01
5.170000000000000151e-01 6.983590000000000941e+01 5.761761796523595658e-01
5.180000000000000160e-01 6.997619999999999152e+01 5.449036245072198525e-01
5.190000000000000169e-01 6.977230000000000132e+01 5.330471930315960893e-01
5.200000000000000178e-01 6.997270000000000323e+01 5.216409780681586783e-01
5.210000000000000187e-01 6.998800000000001376e+01 5.768511073041410198e-01
5.220000000000000195e-01 7.010619999999998697e+01 4.285187977223650635e-01
5.230000000000000204e-01 7.019209999999999638e+01 6.753148821109279387e-01
5.240000000000000213e-01 7.005210000000001003e+01 6.092590499937378112e-01
5.250000000000000222e-01 6.988439999999999941e+01 7.635272359265345976e-01
5.260000000000000231e-01 6.994849999999999568e+01 6.864179120629958497e-01
5.270000000000000240e-01 6.988359999999998706e+01 5.154980504347860260e-01
5.280000000000000249e-01 7.004769999999999186e+01 5.663247389990235803e-01
5.290000000000000258e-01 7.016150000000000375e+01 5.029273804432231598e-01
5.300000000000000266e-01 6.972729999999999961e+01 6.385985515170528037e-01
5.310000000000000275e-01 7.004789999999999850e+01 5.981439542448292457e-01
5.320000000000000284e-01 6.996920000000000073e+01 6.546413980182863579e-01
5.330000000000000293e-01 6.986539999999999395e+01 5.367197033854307353e-01
5.340000000000000302e-01 6.992350000000000421e+01 5.899413106398401219e-01
5.350000000000000311e-01 6.987259999999999138e+01 6.646776963324261267e-01
5.360000000000000320e-01 6.990319999999999823e+01 5.111275379009061481e-01
5.370000000000000329e-01 6.998519999999999186e+01 8.207248990987985326e-01
5.380000000000000338e-01 7.014039999999999964e+01 5.310761150725966662e-01
5.390000000000000346e-01 6.991270000000000095e+01 4.754047854204386248e-01
5.400000000000000355e-01 6.984969999999998436e+01 5.001904737223007436e-01
5.410000000000000364e-01 7.000800000000000978e+01 5.122636040145628344e-01
5.420000000000000373e-01 6.980789999999998940e+01 7.106060723077550767e-01
5.430000000000000382e-01 6.994790000000000418e+01 4.797092765412242499e-01
5.440000000000000391e-01 7.008270000000000266e+01 5.508964603264158155e-01
5.450000000000000400e-01 7.009069999999999823e+01 5.889673250698095330e-01
5.460000000000000409e-01 6.994859999999999900e+01 6.771531879856134140e-01
5.470000000000000417e-01 6.971410000000000196e+01 6.005768810064342489e-01
5.480000000000000426e-01 6.994700000000000273e+01 5.185234806635621307e-01
5.490000000000000435e-01 7.003549999999998477e+01 4.486891462952365961e-01
5.500000000000000444e-01 6.989759999999999707e+01 7.143950167795823925e-01
5.510000000000000453e-01 7.018449999999998568e+01 6.474213079616915056e-01
5.520000000000000462e-01 7.011920000000000641e+01 5.084192757935848128e-01
5.530000000000000471e-01 7.026180000000000803e+01 3.699826482402626127e-01
5.540000000000000480e-01 7.021799999999998931e+01 6.713657721413657242e-01
5.550000000000000488e-01 6.994989999999999952e+01 5.849134893299923199e-01
5.560000000000000497e-01 7.000789999999999225e+01 7.755069245343066964e-01
5.570000000000000506e-01 7.012959999999999638e+01 4.333412512120954352e-01
5.580000000000000515e-01 7.025450000000000728e+01 7.788722295725770683e-01
5.590000000000000524e-01 7.013530000000000086e+01 5.312461858685511018e-01
5.600000000000000533e-01 7.015759999999997376e+01 6.210386783476965489e-01
5.610000000000000542e-01 7.017929999999999779e+01 5.706306248374394263e-01
5.620000000000000551e-01 7.028799999999999670e+01 4.748515557533907194e-01
5.630000000000000560e-01 7.010290000000000532e+01 6.700986419911875158e-01
5.640000000000000568e-01 7.013819999999998345e+01 5.382177626236087642e-01
5.650000000000000577e-01 6.993810000000000571e+01 7.046376302748020848e-01
5.660000000000000586e-01 7.014170000000001437e+01 7.720150970017621850e-01
5.670000000000000595e-01 6.996139999999999759e+01 5.938444577491918119e-01
5.680000000000000604e-01 6.992849999999999966e+01 6.894841187450183595e-01
5.690000000000000613e-01 7.021479999999999677e+01 7.433837232552176211e-01
5.700000000000000622e-01 7.014110000000000866e+01 6.025178752513751235e-01
5.710000000000000631e-01 6.989389999999998793e+01 6.106299943522622842e-01
5.720000000000000639e-01 7.003970000000001050e+01 6.189944345445457241e-01
5.730000000000000648e-01 7.013169999999999504e+01 6.436633514509796372e-01
5.740000000000000657e-01 7.000620000000000687e+01 5.695784054879582392e-01
5.750000000000000666e-01 7.018800000000000239e+01 6.302304340477373756e-01
5.760000000000000675e-01 7.036020000000000607e+01 5.359947387784919082e-01
5.770000000000000684e-01 7.024869999999999948e+01 6.082211028893922400e-01
5.779999999999999583e-01 7.000570000000000448e+01 5.110347444144355267e-01
5.789999999999999591e-01 7.016199999999999193e+01 5.740285707179040298e-01
5.799999999999999600e-01 6.995919999999999561e+01 6.408689101529558840e-01
5.809999999999999609e-01 6.995419999999998595e+01 4.703691741625392053e-01
5.819999999999999618e-01 7.000210000000001287e+01 6.307600098273118405e-01
5.829999999999999627e-01 7.013130000000001019e+01 5.248158819994721558e-01
5.839999999999999636e-01 6.978820000000000334e+01 6.157044420821092823e-01
5.849999999999999645e-01 7.003839999999999577e+01 5.448146840900702781e-01
5.859999999999999654e-01 7.013340000000000884e+01 5.119156571132520428e-01
5.869999999999999662e-01 7.030679999999999552e+01 4.580700383150613786e-01
5.879999999999999671e-01 7.018809999999999150e+01 6.847491438483990223e-01
5.889999999999999680e-01 7.005260000000001241e+01 6.015064754415286874e-01
5.899999999999999689e-01 7.010679999999999268e+01 6.314742750117909864e-01
5.909999999999999698e-01 7.025019999999997822e+01 6.543616431311042314e-01
5.919999999999999707e-01 7.019270000000001630e+01 4.701256321423065154e-01
5.929999999999999716e-01 7.041569999999998686e+01 6.514940598363917479e-01
5.939999999999999725e-01 7.005639999999998224e+01 4.270201868793985223e-01
5.949999999999999734e-01 7.018189999999997042e+01 6.110952380809108186e-01
5.959999999999999742e-01 7.006419999999999959e+01 4.802132442993012340e-01
5.969999999999999751e-01 7.031719999999999970e+01 6.510177877751420761e-01
5.979999999999999760e-01 7.024609999999998422e+01 5.607122167397075030e-01
5.989999999999999769e-01 7.011740000000000350e+01 5.373442472005224291e-01
5.999999999999999778e-01 7.007940000000000680e+01 6.556709845636061740e-01
6.009999999999999787e-01 7.032309999999999661e+01 6.736255562253624651e-01
6.019999999999999796e-01 7.011510000000001241e+01 5.463396288017363656e-01
6.029999999999999805e-01 6.994419999999999504e+01 6.274882947125127730e-01
6.039999999999999813e-01 7.011819999999998743e+01 5.889009763963148902e-01
6.049999999999999822e-01 7.021810000000002105e+01 5.256323715279105357e-01
6.059999999999999831e-01 7.020919999999999561e+01 5.202151093551582450e-01
6.069999999999999840e-01 7.027060000000000173e+01 3.799558395385316811e-01
6.079999999999999849e-01 7.016850000000002296e+01 6.326233871718337509e-01
6.089999999999999858e-01 7.020360000000000866e+01 3.992911719519890434e-01
6.099999999999999867e-01 7.040440000000002385e+01 5.470870497431579160e-01
6.109999999999999876e-01 7.011089999999998668e+01 4.982924743578395765e-01
6.119999999999999885e-01 7.022189999999997667e+01 6.265312362550780056e-01
6.129999999999999893e-01 7.006719999999999970e+01 4.295720661302768750e-01
6.139999999999999902e-01 7.006069999999999709e+01 5.876122105616021773e-01
6.149999999999999911e-01 7.036129999999999995e+01 6.511572083596324223e-01
6.159999999999999920e-01 7.021430000000000859e+01 4.866835830387646333e-01
6.169999999999999929e-01 6.998510000000000275e+01 6.628588009523372904e-01
6.179999999999999938e-01 7.044839999999999236e+01 6.142486792832745346e-01
6.189999999999999947e-01 7.024459999999999127e+01 5.516999546869960636e-01
6.199999999999999956e-01 7.022839999999999350e+01 5.909858204733794418e-01
6.209999999999999964e-01 7.028849999999999909e+01 5.112630927411874193e-01
6.219999999999999973e-01 7.026439999999999486e+01 7.405469870306704561e-01
6.229999999999999982e-01 7.030729999999999791e+01 5.392900054708018587e-01
6.239999999999999991e-01 7.018370000000001596e+01 4.788249262492003111e-01
6.250000000000000000e-01 7.015719999999998890e+01 5.151517834589157685e-01
6.260000000000000009e-01 7.030599999999999739e+01 6.132480737842267438e-01
6.270000000000000018e-01 7.033109999999999218e+01 4.913330744021752738e-01
6.280000000000000027e-01 7.029679999999999040e+01 6.124862120908621810e-01
6.290000000000000036e-01 7.020810000000000173e+01 7.841756117092543166e-01
6.300000000000000044e-01 7.037539999999999907e+01 5.440217275086135507e-01
6.310000000000000053e-01 7.019509999999999650e+01 5.444488864900381975e-01
6.320000000000000062e-01 7.031460000000001287e+01 7.134849963374916282e-01
6.330000000000000071e-01 7.012750000000001194e+01 7.205489226954030491e-01
6.340000000000000080e-01 7.030319999999998970e+01 5.445263629991845544e-01
6.350000000000000089e-01 7.013860000000001094e+01 5.097454658941137362e-01
6.360000000000000098e-01 7.019279999999999120e+01 5.252006854532068614e-01
6.370000000000000107e-01 7.010259999999999536e+01 4.698532111206742412e-01
6.380000000000000115e-01 7.028839999999999577e+01 5.743346063046409489e-01
6.390000000000000124e-01 7.021659999999999968e+01 5.369868154818842054e-01
6.400000000000000133e-01 7.020159999999999911e+01 5.152155277156776902e-01
6.410000000000000142e-01 7.005640000000001066e+01 5.544173878939178124e-01
6.420000000000000151e-01 7.037369999999998527e+01 5.733757145210169881e-01
6.430000000000000160e-01 7.042260000000001696e+01 4.843676702650120403e-01
6.440000000000000169e-01 7.033700000000000330e+01 5.856683361765477880e-01
6.450000000000000178e-01 7.063079999999999359e+01 5.271836112793820694e-01
6.460000000000000187e-01 7.021259999999998058e+01 5.660321898993480039e-01
6.470000000000000195e-01 7.009990000000001942e+01 5.542145703594097972e-01
6.480000000000000204e-01 7.021639999999999304e+01 5.211965464216337107e-01
6.490000000000000213e-01 7.023290000000000077e+01 5.330258811718527889e-01
6.500000000000000222e-01 7.055720000000000880e+01 6.483447848161956184e-01
6.510000000000000231e-01 7.034369999999999834e+01 5.489124793634304611e-01
6.520000000000000240e-01 7.005649999999998556e+01 5.117022083222168005e-01
6.530000000000000249e-01 7.021290000000000475e+01 5.528383036645864168e-01
6.540000000000000258e-01 7.043299999999999272e+01 6.120929667950961717e-01
6.550000000000000266e-01 7.024150000000000205e+01 4.487100957186856975e-01
6.560000000000000275e-01 7.011740000000001771e+01 6.890442946560040305e-01
6.570000000000000284e-01 7.034860000000000468e+01 6.223034950885711902e-01
6.580000000000000293e-01 7.042399999999999238e+01 6.476545375429284546e-01
6.590000000000000302e-01 7.039150000000000773e+01 6.395992104430107128e-01
6.600000000000000311e-01 7.026590000000000202e+01 5.423351270198440988e-01
6.610000000000000320e-01 7.043219999999999459e+01 5.601185231730737568e-01
6.620000000000000329e-01 7.034500000000001307e+01 7.165661169752834958e-01
6.630000000000000338e-01 7.035990000000001032e+01 6.482664498471902847e-01
6.640000000000000346e-01 7.031690000000000396e+01 5.391131513888143267e-01
6.650000000000000355e-01 7.046729999999999450e+01 6.043748092028912167e-01
6.660000000000000364e-01 7.048199999999999932e+01 5.239522879034324010e-01
6.670000000000000373e-01 7.043860000000002231e+01 5.510768004531116926e-01
6.680000000000000382e-01 7.041790000000000305e+01 5.851240808573863195e-01
6.690000000000000391e-01 7.034380000000000166e+01 6.402305522223974421e-01
6.700000000000000400e-01 7.074419999999999220e+01 5.671249950412312613e-01
6.710000000000000409e-01 7.017019999999999413e+01 5.537500880365494593e-01
6.720000000000000417e-01 7.048040000000000305e+01 5.947552774041873214e-01
6.730000000000000426e-01 7.049460000000001969e+01 5.871330683910566117e-01
6.740000000000000435e-01 7.042519999999998959e+01 6.687467084030471742e-01
6.750000000000000444e-01 7.049069999999998970e+01 6.068803094522620123e-01
6.760000000000000453e-01 7.051650000000002194e+01 6.123717416717358031e-01
6.770000000000000462e-01 7.044270000000001630e+01 4.360735144422698828e-01
6.780000000000000471e-01 7.044050000000001432e+01 6.395179043605943026e-01
6.790000000000000480e-01 7.048299999999998988e+01 6.134037821867909246e-01
6.800000000000000488e-01 7.044399999999998840e+01 5.859757674174076447e-01
6.810000000000000497e-01 7.040649999999999409e+01 6.014575213600710235e-01
6.820000000000000506e-01 7.038139999999998508e+01 6.637792102813270256e-01
6.830000000000000515e-01 7.040139999999999532e+01 4.914668249241905817e-01
6.840000000000000524e-01 7.035280000000000200e+01 5.034411187009532052e-01
6.850000000000000533e-01 7.051399999999999579e+01 3.755902022150001685e-01
6.860000000000000542e-01 7.044070000000000675e+01 5.339757578749578792e-01
6.870000000000000551e-01 7.034499999999999886e+01 3.977499214327078203e-01
6.880000000000000560e-01 7.046459999999999013e+01 3.720522006412836369e-01
6.890000000000000568e-01 7.036899999999999977e+01 5.857117038271361098e-01
6.900000000000000577e-01 7.035579999999998790e+01 4.703585440934311968e-01
6.910000000000000586e-01 7.051930000000001542e+01 5.627440892612445289e-01
6.920000000000000595e-01 7.029230000000001155e+01 6.238532760178476799e-01
6.930000000000000604e-01 7.032589999999999009e+01 5.401982876701731939e-01
6.940000000000000613e-01 7.029639999999999134e+01 5.506827035616665977e-01
6.950000000000000622e-01 7.040699999999999648e+01 5.721900034094360432e-01
6.960000000000000631e-01 7.025549999999999784e+01 5.890082766828199645e-01
6.970000000000000639e-01 7.028920000000000812e+01 4.659868667667464437e-01
6.980000000000000648e-01 7.030109999999999104e+01 4.004524815770921231e-01
6.990000000000000657e-01 7.036560000000001480e+01 4.922424605786500096e-01
7.000000000000000666e-01 7.050509999999997035e+01 4.628729739403590338e-01
7.010000000000000675e-01 7.041470000000001050e+01 6.717830825482165036e-01
7.020000000000000684e-01 7.057769999999999300e+01 4.957411723880936760e-01
7.030000000000000693e-01 7.046890000000000498e+01 6.330331665882432679e-01
7.040000000000000702e-01 7.032019999999998561e+01 4.119237308073614989e-01
7.049999999999999600e-01 7.036679999999999779e+01 4.502125720148699717e-01
7.059999999999999609e-01 7.049180000000001201e+01 4.733108492292025238e-01
7.069999999999999618e-01 7.020949999999999136e+01 5.874874892295532947e-01
7.079999999999999627e-01 7.019539999999999225e+01 5.038611316634372672e-01
7.089999999999999636e-01 7.023109999999999786e+01 6.093611326632512037e-01
7.099999999999999645e-01 7.032499999999998863e+01 3.960896363211319215e-01
7.109999999999999654e-01 7.022499999999999432e+01 5.533431123646571637e-01
7.119999999999999662e-01 7.044440000000001589e+01 5.533250762416699331e-01
7.129999999999999671e-01 7.046670000000000300e+01 5.658774690689334363e-01
7.139999999999999680e-01 7.041519999999999868e+01 5.620702447200217611e-01
7.149999999999999689e-01 7.029160000000000252e+01 5.736813052548898062e-01
7.159999999999999698e-01 7.042799999999999727e+01 6.499790765876560794e-01
7.169999999999999707e-01 7.050410000000000821e+01 5.956554289172105721e-01
7.179999999999999716e-01 7.052539999999999054e+01 5.640691801555860474e-01
7.189999999999999725e-01 7.040770000000000550e+01 5.557205322817575510e-01
7.199999999999999734e-01 7.055480000000001439e+01 6.187191285213194947e-01
7.209999999999999742e-01 7.034060000000000912e+01 6.580009422479943249e-01
7.219999999999999751e-01 7.061789999999999168e+01 4.895583622021675851e-01
7.229999999999999760e-01 7.037949999999999307e+01 6.941235840983769334e-01
7.239999999999999769e-01 7.036740000000000350e+01 7.390074695156841900e-01
7.249999999999999778e-01 7.047129999999999939e+01 5.526254699156109007e-01
7.259999999999999787e-01 7.051469999999999061e+01 4.781147456431408260e-01
7.269999999999999796e-01 7.064300000000000068e+01 4.569846824570413801e-01
7.279999999999999805e-01 7.056050000000000466e+01 8.244755605835789591e-01
7.289999999999999813e-01 7.046790000000001442e+01 5.088982118244357311e-01
7.299999999999999822e-01 7.068259999999999366e+01 5.169267259489238597e-01
7.309999999999999831e-01 7.068489999999999895e+01 6.379032763668581740e-01
7.319999999999999840e-01 7.046209999999999241e+01 5.681272656729589032e-01
7.329999999999999849e-01 7.057059999999998468e+01 7.028055492116908054e-01
7.339999999999999858e-01 7.020000000000000284e+01 5.973598580430743432e-01
7.349999999999999867e-01 7.017499999999999716e+01 6.023658356855521312e-01
7.359999999999999876e-01 7.040360000000001151e+01 6.267964900979291487e-01
7.369999999999999885e-01 7.042620000000000857e+01 4.965810709227125308e-01
7.379999999999999893e-01 7.039410000000000878e+01 6.182036800267813881e-01
7.389999999999999902e-01 7.033580000000000609e+01 4.678948172395814842e-01
7.399999999999999911e-01 7.047320000000000562e+01 5.960085234288197142e-01
7.409999999999999920e-01 7.058700000000001751e+01 5.859158642646802306e-01
7.419999999999999929e-01 7.061380000000001189e+01 3.648385396280967030e-01
7.429999999999999938e-01 7.059609999999999275e+01 6.158205826393431392e-01
7.439999999999999947e-01 7.069989999999999952e+01 5.664378077072834694e-01
7.449999999999999956e-01 7.021310000000001139e+01 5.882701675235644245e-01
7.459999999999999964e-01 7.040370000000000061e+01 5.656586514850592273e-01
7.469999999999999973e-01 7.067749999999998067e+01 4.693339429477800806e-01
7.479999999999999982e-01 7.024289999999999168e+01 7.094858631439235896e-01
7.489999999999999991e-01 7.054209999999999070e+01 6.166595414005459075e-01
7.500000000000000000e-01 7.064899999999998670e+01 4.320668929710759776e-01
7.510000000000000009e-01 7.049019999999998731e+01 5.574251160489057666e-01
7.520000000000000018e-01 7.030659999999998888e+01 3.828885477533230386e-01
7.530000000000000027e-01 7.029990000000000805e+01 5.898282716166223238e-01
7.540000000000000036e-01 7.023940000000000339e+01 6.364263036688458941e-01
7.550000000000000044e-01 7.047060000000000457e+01 4.913011703612543135e-01
7.560000000000000053e-01 7.019769999999999754e+01 6.278886127337612866e-01
7.570000000000000062e-01 7.053850000000001330e+01 6.098750281806653017e-01
7.580000000000000071e-01 7.039300000000000068e+01 4.877353790737202210e-01
7.590000000000000080e-01 7.050849999999999795e+01 4.642696953293470319e-01
7.600000000000000089e-01 7.050690000000001589e+01 5.287541867428254827e-01
7.610000000000000098e-01 7.052880000000000393e+01 5.619399967967254605e-01
7.620000000000000107e-01 7.060510000000000730e+01 6.386634403188753417e-01
7.630000000000000115e-01 7.063660000000000139e+01 5.763353537651431102e-01
7.640000000000000124e-01 7.038029999999999120e+01 5.792951838234063899e-01
7.650000000000000133e-01 7.052750000000000341e+01 6.697578293688669637e-01
7.660000000000000142e-01 7.058599999999999852e+01 5.460816788720864734e-01
7.670000000000000151e-01 7.065749999999999886e+01 5.730660956644686443e-01
7.680000000000000160e-01 7.047169999999999845e+01 5.473705417735296175e-01
7.690000000000000169e-01 7.064730000000000132e+01 6.520884219184559516e-01
7.700000000000000178e-01 7.038719999999999288e+01 6.169649584873063697e-01
7.710000000000000187e-01 7.045239999999999725e+01 3.898766984589754347e-01
7.720000000000000195e-01 7.045260000000000389e+01 4.936719963691294510e-01
7.730000000000000204e-01 7.052180000000001314e+01 5.195986528054317155e-01
7.740000000000000213e-01 7.048850000000001614e+01 3.887631026715896443e-01
7.750000000000000222e-01 7.103149999999999409e+01 5.240426986432539236e-01
7.760000000000000231e-01 7.057709999999998729e+01 5.877443236659048997e-01
7.770000000000000240e-01 7.048510000000000275e+01 5.787736949787881668e-01
7.780000000000000249e-01 7.059129999999998972e+01 7.759750704759892370e-01
7.790000000000000258e-01 7.051340000000000430e+01 5.664984024674649676e-01
7.800000000000000266e-01 7.032300000000000750e+01 5.412420900093128928e-01
7.810000000000000275e-01 7.064709999999998047e+01 5.231120243333948761e-01
7.820000000000000284e-01 7.077689999999999770e+01 5.415715926816735415e-01
7.830000000000000293e-01 7.048189999999999600e+01 6.058773720812252739e-01
7.840000000000000302e-01 7.023849999999998772e+01 6.308137205238019130e-01
7.850000000000000311e-01 7.042660000000000764e+01 5.815538152209737133e-01
7.860000000000000320e-01 7.067969999999999686e+01 5.028853845564962288e-01
7.870000000000000329e-01 7.036570000000000391e+01 5.288724893582633646e-01
7.880000000000000338e-01 7.045670000000001210e+01 6.010348658759401275e-01
7.890000000000000346e-01 7.063160000000000593e+01 6.323833014858175616e-01
7.900000000000000355e-01 7.048320000000001073e+01 5.404214651528036484e-01
7.910000000000000364e-01 7.043750000000001421e+01 4.857957904280271744e-01
7.920000000000000373e-01 7.064339999999998554e+01 5.439198838080672171e-01
7.930000000000000382e-01 7.043750000000000000e+01 4.490598512445322377e-01
7.940000000000000391e-01 7.049490000000000123e+01 6.702580025629104599e-01
7.950000000000000400e-01 7.052469999999998151e+01 6.137218506810645513e-01
7.960000000000000409e-01 7.047399999999998954e+01 4.829861281666733563e-01
7.970000000000000417e-01 7.054900000000000659e+01 6.237594087450337721e-01
7.980000000000000426e-01 7.043799999999998818e+01 6.060359725304959033e-01
7.990000000000000435e-01 7.036020000000000607e+01 6.957105432573588155e-01
8.000000000000000444e-01 7.052110000000000412e+01 5.398842375901319324e-01
8.010000000000000453e-01 7.041720000000000823e+01 5.513889371388757121e-01
8.020000000000000462e-01 7.068919999999999959e+01 4.826714824811070836e-01
8.030000000000000471e-01 7.047630000000002326e+01 6.830324370023947989e-01
8.040000000000000480e-01 7.061159999999999570e+01 5.764330316699768364e-01
8.050000000000000488e-01 7.031599999999997408e+01 4.013507194506807929e-01
8.060000000000000497e-01 7.030849999999998090e+01 5.566779589692824048e-01
8.070000000000000506e-01 7.041009999999999991e+01 7.896002722896581227e-01
8.080000000000000515e-01 7.063770000000002369e+01 5.163139645560923530e-01
8.090000000000000524e-01 7.050230000000000530e+01 5.006960255485610745e-01
8.100000000000000533e-01 7.062640000000000384e+01 4.579041821163905568e-01
8.110000000000000542e-01 7.043610000000001037e+01 5.925603682316488152e-01
8.120000000000000551e-01 7.041490000000001714e+01 8.111819709518927057e-01
8.130000000000000560e-01 7.056089999999998952e+01 4.706376419304681979e-01
8.140000000000000568e-01 7.061489999999999156e+01 6.780945288090558520e-01
8.150000000000000577e-01 7.065360000000001151e+01 4.015507937949026052e-01
8.160000000000000586e-01 7.089669999999998140e+01 3.295853607231027382e-01
8.170000000000000595e-01 7.034980000000000189e+01 6.141683482555159168e-01
8.180000000000000604e-01 7.058360000000001833e+01 4.790125676823931977e-01
8.190000000000000613e-01 7.080759999999999366e+01 5.065821157539009967e-01
8.200000000000000622e-01 7.064440000000000452e+01 5.790293947640756667e-01
8.210000000000000631e-01 7.066639999999999588e+01 5.751892210393904081e-01
8.220000000000000639e-01 7.087120000000000175e+01 8.038528223494791902e-01
8.230000000000000648e-01 7.058830000000000382e+01 4.518230959115593359e-01
8.240000000000000657e-01 7.058110000000000639e+01 6.018865258478662827e-01
8.250000000000000666e-01 7.056429999999998870e+01 5.350047756808065103e-01
8.260000000000000675e-01 7.071179999999999666e+01 4.910250095459458008e-01
8.270000000000000684e-01 7.039790000000000703e+01 4.716521917674115771e-01
8.280000000000000693e-01 7.059929999999999950e+01 5.062794781533305200e-01
8.290000000000000702e-01 7.057019999999999982e+01 5.502599022277654406e-01
8.300000000000000711e-01 7.040759999999998797e+01 5.707779252927333014e-01
8.310000000000000719e-01 7.081619999999999493e+01 4.993475342892011448e-01
8.320000000000000728e-01 7.067140000000000555e+01 4.951727375365365669e-01
8.330000000000000737e-01 7.067069999999999652e+01 4.145871560959224489e-01
8.339999999999999636e-01 7.072520000000000095e+01 6.241920858198997113e-01
8.349999999999999645e-01 7.044100000000000250e+01 4.718183972669918180e-01
8.359999999999999654e-01 7.084530000000000882e+01 4.071954199135586205e-01
8.369999999999999662e-01 7.062489999999999668e+01 6.005215982796978658e-01
8.379999999999999671e-01 7.084549999999998704e+01 7.166385072002099399e-01
8.389999999999999680e-01 7.083529999999998950e+01 6.623277964890207370e-01
8.399999999999999689e-01 7.061969999999999459e+01 5.030102484046692357e-01
8.409999999999999698e-01 7.056670000000001153e+01 6.533186894609730455e-01
8.419999999999999707e-01 7.071949999999999648e+01 5.604826045485892250e-01
8.429999999999999716e-01 7.054720000000000368e+01 4.629403417284356226e-01
8.439999999999999725e-01 7.058109999999999218e+01 5.496960887649902094e-01
8.449999999999999734e-01 7.075660000000000593e+01 5.877972779784871316e-01
8.459999999999999742e-01 7.055429999999999779e+01 6.334506373844019933e-01
8.469999999999999751e-01 7.077270000000001460e+01 3.617083217157014419e-01
8.479999999999999760e-01 7.071119999999999095e+01 7.499062341394489017e-01
8.489999999999999769e-01 7.049299999999998079e+01 3.908654499978458374e-01
8.499999999999999778e-01 7.051399999999998158e+01 5.909257144535565720e-01
8.509999999999999787e-01 7.068039999999999168e+01 6.140093158924150307e-01
8.519999999999999796e-01 7.067390000000000327e+01 4.085953866597429318e-01
8.529999999999999805e-01 7.067029999999999745e+01 4.990123345169028557e-01
8.539999999999999813e-01 7.066260000000001185e+01 5.286258033793799216e-01
8.549999999999999822e-01 7.065180000000000859e+01 4.133167792397027807e-01
8.559999999999999831e-01 7.081980000000001496e+01 5.645578446855402666e-01
8.569999999999999840e-01 7.061570000000000391e+01 4.133087344814382891e-01
8.579999999999999849e-01 7.057309999999999661e+01 6.736510892152127727e-01
8.589999999999999858e-01 7.068330000000000268e+01 6.748218357455700867e-01
8.599999999999999867e-01 7.056660000000000821e+01 5.004890008774387500e-01
8.609999999999999876e-01 7.052880000000000393e+01 4.712516949561035839e-01
8.619999999999999885e-01 7.061599999999999966e+01 4.975721053260638849e-01
8.629999999999999893e-01 7.057019999999998561e+01 4.795555859353336503e-01
8.639999999999999902e-01 7.094199999999999307e+01 6.594879832108733186e-01
8.649999999999999911e-01 7.069030000000000769e+01 5.374369823510852795e-01
8.659999999999999920e-01 7.095200000000001239e+01 4.495851421010718107e-01
8.669999999999999929e-01 7.074649999999999750e+01 5.686956567442345012e-01
8.679999999999999938e-01 7.037640000000001805e+01 5.972358328143045902e-01
8.689999999999999947e-01 7.074190000000001532e+01 4.886951912981859492e-01
8.699999999999999956e-01 7.048219999999997754e+01 6.147987963580228143e-01
8.709999999999999964e-01 7.053860000000001662e+01 4.906331012042155493e-01
8.719999999999999973e-01 7.071979999999999222e+01 4.761364930371428383e-01
8.729999999999999982e-01 7.074270000000001346e+01 5.398763839972234857e-01
8.739999999999999991e-01 7.059599999999998943e+01 5.935166383524952405e-01
8.750000000000000000e-01 7.064649999999998897e+01 6.231307647693100638e-01
8.760000000000000009e-01 7.041200000000000614e+01 5.614833924521057673e-01
8.770000000000000018e-01 7.071419999999999106e+01 5.543525593001038532e-01
8.780000000000000027e-01 7.053589999999999804e+01 6.035658953266961335e-01
8.790000000000000036e-01 7.075339999999999918e+01 5.776777994709840769e-01
8.800000000000000044e-01 7.063809999999999434e+01 7.088913809609062033e-01
8.810000000000000053e-01 7.033279999999999177e+01 5.327083254482980479e-01
8.820000000000000062e-01 7.091970000000000596e+01 5.207157669965818414e-01
8.830000000000000071e-01 7.076810000000000400e+01 5.182205997446183154e-01
8.840000000000000080e-01 7.055919999999998993e+01 5.749046529662197313e-01
8.850000000000000089e-01 7.056329999999999814e+01 5.038560409490411285e-01
8.860000000000000098e-01 7.086849999999999739e+01 5.621504691813387078e-01
8.870000000000000107e-01 7.073359999999999559e+01 4.516899821785352320e-01
8.880000000000000115e-01 7.057959999999998502e+01 4.683385954642023674e-01
8.890000000000000124e-01 7.058589999999999520e+01 5.176749849099414602e-01
8.900000000000000133e-01 7.074959999999998672e+01 5.899527438714052829e-01
8.910000000000000142e-01 7.085130000000000905e+01 6.414272445086770524e-01
8.920000000000000151e-01 7.062640000000000384e+01 6.228446355228864917e-01
8.930000000000000160e-01 7.059550000000001546e+01 4.630187361215374886e-01
8.940000000000000169e-01 7.070799999999999841e+01 6.191562000019268375e-01
8.950000000000000178e-01 7.059470000000001733e+01 6.049962892429380235e-01
8.960000000000000187e-01 7.055299999999998306e+01 5.238165709496861444e-01
8.970000000000000195e-01 7.082239999999998759e+01 4.343692438491542629e-01
8.980000000000000204e-01 7.072420000000001039e+01 5.785758031568460913e-01
8.990000000000000213e-01 7.076050000000000750e+01 4.509629142166816096e-01
9.000000000000000222e-01 7.046479999999999677e+01 4.478202317898870022e-01
9.010000000000000231e-01 7.066880000000000450e+01 6.149036997771690771e-01
9.020000000000000240e-01 7.050779999999998893e+01 5.240659882136644576e-01
9.030000000000000249e-01 7.070919999999999561e+01 5.298201204194782354e-01
9.040000000000000258e-01 7.074589999999997758e+01 6.262416386697894355e-01
9.050000000000000266e-01 7.061519999999998731e+01 6.977355946215892946e-01
9.060000000000000275e-01 7.059929999999999950e+01 5.427151278527330147e-01
9.070000000000000284e-01 7.084319999999999595e+01 4.736168915917625677e-01
9.080000000000000293e-01 7.058819999999998629e+01 5.410866474064213172e-01
9.090000000000000302e-01 7.067479999999999052e+01 5.795634218974263785e-01
9.100000000000000311e-01 7.071369999999998868e+01 4.405338919994823410e-01
9.110000000000000320e-01 7.041129999999999711e+01 4.772082459464333515e-01
9.120000000000000329e-01 7.065299999999999159e+01 4.578595854631410944e-01
9.130000000000000338e-01 7.063609999999999900e+01 5.834708133223774906e-01
9.140000000000000346e-01 7.097050000000001546e+01 4.974285375787435015e-01
9.150000000000000355e-01 7.080850000000000932e+01 6.174356241730386552e-01
9.160000000000000364e-01 7.063209999999999411e+01 4.319826269670252739e-01
9.170000000000000373e-01 7.046169999999999334e+01 5.022813056463432124e-01
9.180000000000000382e-01 7.067119999999999891e+01 6.678806480204343421e-01
9.190000000000000391e-01 7.073839999999999861e+01 6.161709503047134717e-01
9.200000000000000400e-01 7.065989999999999327e+01 8.019105872859946249e-01
9.210000000000000409e-01 7.078070000000001016e+01 5.788731380879342803e-01
9.220000000000000417e-01 7.058050000000001489e+01 6.345732030252744238e-01
9.230000000000000426e-01 7.083119999999999550e+01 5.434910854841037420e-01
9.240000000000000435e-01 7.064210000000001344e+01 5.191163549709071345e-01
9.250000000000000444e-01 7.053979999999998540e+01 3.734846181592165748e-01
9.260000000000000453e-01 7.077549999999999386e+01 6.065966946825508410e-01
9.270000000000000462e-01 7.087760000000000105e+01 5.054893075042048434e-01
9.280000000000000471e-01 7.057179999999999609e+01 7.658889997909457126e-01
9.290000000000000480e-01 7.061430000000000007e+01 5.235846731912844332e-01
9.300000000000000488e-01 7.067310000000000514e+01 5.927753284331660488e-01
9.310000000000000497e-01 7.065130000000000621e+01 5.735800815921500151e-01
9.320000000000000506e-01 7.052280000000000371e+01 4.653267239270566513e-01
9.330000000000000515e-01 7.077020000000001687e+01 4.490723327001085452e-01
9.340000000000000524e-01 7.055969999999999231e+01 5.589945527484975196e-01
9.350000000000000533e-01 7.072350000000000136e+01 6.675039700250355867e-01
9.360000000000000542e-01 7.058540000000000703e+01 6.626172650925469254e-01
9.370000000000000551e-01 7.074070000000000391e+01 6.962919718052282825e-01
9.380000000000000560e-01 7.058410000000000650e+01 6.115905411294371152e-01
9.390000000000000568e-01 7.049719999999999231e+01 5.926410043199114019e-01
9.400000000000000577e-01 7.057059999999999889e+01 6.507810999101943938e-01
9.410000000000000586e-01 7.064430000000000121e+01 7.918725339347391090e-01
9.420000000000000595e-01 7.047329999999999472e+01 6.781425440137953675e-01
9.430000000000000604e-01 7.092819999999998970e+01 6.472319213403576743e-01
9.440000000000000613e-01 7.079639999999997713e+01 4.763236714690015083e-01
9.450000000000000622e-01 7.079150000000001342e+01 6.168208410860418489e-01
9.460000000000000631e-01 7.079109999999998593e+01 7.067759121542315226e-01
9.470000000000000639e-01 7.043409999999998661e+01 5.995429842821219379e-01
9.480000000000000648e-01 7.067340000000000089e+01 5.488920112374109372e-01
9.490000000000000657e-01 7.047929999999999495e+01 5.703796192017426270e-01
9.500000000000000666e-01 7.074419999999999220e+01 5.643222129249562125e-01
9.510000000000000675e-01 7.064039999999998543e+01 4.789561984170742082e-01
9.520000000000000684e-01 7.062960000000001060e+01 5.271180512918056671e-01
9.530000000000000693e-01 7.066480000000001382e+01 5.592331892843559471e-01
9.540000000000000702e-01 7.074909999999999854e+01 5.169794870196455783e-01
9.550000000000000711e-01 7.084690000000000509e+01 5.765512899992799589e-01
9.560000000000000719e-01 7.077510000000000900e+01 4.658632739326475369e-01
9.570000000000000728e-01 7.068979999999999109e+01 4.643575777364430390e-01
9.580000000000000737e-01 7.083230000000000359e+01 6.371663126673495769e-01
9.590000000000000746e-01 7.078599999999998715e+01 4.323059102087406513e-01
9.600000000000000755e-01 7.086980000000001212e+01 6.664469671318394850e-01
9.609999999999999654e-01 7.064369999999999550e+01 6.267472457065166314e-01
9.619999999999999662e-01 7.065270000000001005e+01 4.848765925461845372e-01
9.629999999999999671e-01 7.059129999999998972e+01 4.710992570575867067e-01
9.639999999999999680e-01 7.080630000000000734e+01 5.193670282172738739e-01
9.649999999999999689e-01 7.072820000000000107e+01 6.081884247494889761e-01
9.659999999999999698e-01 7.068170000000002062e+01 5.806528308696795593e-01
9.669999999999999707e-01 7.071930000000000405e+01 4.490208347060958838e-01
9.679999999999999716e-01 7.071510000000000673e+01 4.743106471485962206e-01
9.689999999999999725e-01 7.061270000000000380e+01 4.613442424042251688e-01
9.699999999999999734e-01 7.047229999999998995e+01 6.264861610605205744e-01
9.709999999999999742e-01 7.054550000000000409e+01 4.399435759275225899e-01
9.719999999999999751e-01 7.091519999999999868e+01 7.247132950354225889e-01
9.729999999999999760e-01 7.079650000000000887e+01 5.661688352406593072e-01
9.739999999999999769e-01 7.068749999999998579e+01 5.472816002767865173e-01
9.749999999999999778e-01 7.061510000000001241e+01 5.949213309330581012e-01
9.759999999999999787e-01 7.051930000000000121e+01 6.301057927051233465e-01
9.769999999999999796e-01 7.067669999999999675e+01 5.306397176994432918e-01
9.779999999999999805e-01 7.079579999999999984e+01 5.786228132376028954e-01
9.789999999999999813e-01 7.063909999999999911e+01 5.036957315691185100e-01
9.799999999999999822e-01 7.084029999999998495e+01 5.950731971803646658e-01
9.809999999999999831e-01 7.035669999999998936e+01 4.415560100389103182e-01
9.819999999999999840e-01 7.087590000000000146e+01 3.350411765725461177e-01
9.829999999999999849e-01 7.059520000000000550e+01 5.213602976828345392e-01
9.839999999999999858e-01 7.074640000000000839e+01 5.393349979368284863e-01
9.849999999999999867e-01 7.066320000000000334e+01 5.958524649613349267e-01
9.859999999999999876e-01 7.049580000000000268e+01 4.982356470580634467e-01
9.869999999999999885e-01 7.058590000000000941e+01 4.856181524593540799e-01
9.879999999999999893e-01 7.083650000000001512e+01 6.885326063442276379e-01
9.889999999999999902e-01 7.098250000000000171e+01 4.342473373535977177e-01
9.899999999999999911e-01 7.081680000000000064e+01 5.039017364530750109e-01
9.909999999999999920e-01 7.061970000000002301e+01 5.407739916056060192e-01
9.919999999999999929e-01 7.077709999999999013e+01 6.899653542044844601e-01
9.929999999999999938e-01 7.081520000000000437e+01 5.733618054947324794e-01
9.939999999999999947e-01 7.053320000000000789e+01 5.662004592008279547e-01
9.949999999999999956e-01 7.088129999999998176e+01 5.249469592286898356e-01
9.959999999999999964e-01 7.065549999999998931e+01 6.666857955595677510e-01
9.969999999999999973e-01 7.102819999999999823e+01 5.638481710532510238e-01
9.979999999999999982e-01 7.065060000000001139e+01 5.835186715082069098e-01
9.989999999999999991e-01 7.072650000000000148e+01 6.938913099316503796e-01
