L = 2.0
rho = 125
soma_diameter = 0.015
d_mean = 0.300
d_sigma = 0.040
l_mean = 1.000
l_sigma = 0.523
sigma_rayleigh = 0.798
segment_length = 0.010
sigma_pol = 0.100
sigma_azi = 0.100
nc = 0
base_sigma = 0.000
X	Y	Z	Soma_Diameter	Dendrite_Diameter	Axon_Length
-0.638198	-0.380196	0.899738	0.015000	0.217274	1.541754
-0.754699	0.780526	-0.164791	0.015000	0.279100	0.916375
-0.763880	0.084524	0.114116	0.015000	0.340803	1.318484
-0.020806	-0.727603	0.092603	0.015000	0.271689	0.914431
-0.762588	0.117628	-0.766279	0.015000	0.296893	0.888705
-0.527676	-0.964697	-0.539174	0.015000	0.347837	0.759721
0.408043	-0.970462	0.692434	0.015000	0.272306	1.370330
0.544851	0.201345	0.027525	0.015000	0.326933	1.473443
0.728202	-0.368383	0.285709	0.015000	0.217498	0.867807
0.667692	0.611655	-0.482847	0.015000	0.286629	1.684653
-0.050669	-0.848200	0.536826	0.015000	0.331022	1.253010
0.362310	0.965713	-0.926297	0.015000	0.300366	0.958057
-0.265831	0.151446	0.550122	0.015000	0.260378	1.316156
0.359856	0.601229	0.523438	0.015000	0.290858	0.785108
0.964373	0.819940	0.713370	0.015000	0.284024	1.014602
-0.878340	-0.525169	-0.956322	0.015000	0.259471	0.537892
-0.935077	-0.552978	-0.428617	0.015000	0.328052	1.046863
0.103909	0.763634	0.140405	0.015000	0.228048	0.928075
-0.193731	-0.825165	-0.909396	0.015000	0.309517	0.621318
0.252092	0.490350	-0.547079	0.015000	0.307388	0.230935
0.170609	0.155270	-0.101583	0.015000	0.333618	1.345214
-0.856691	-0.154379	-0.027170	0.015000	0.339371	1.019599
0.426796	0.441065	0.704039	0.015000	0.292043	0.520057
-0.983569	0.464443	-0.617539	0.015000	0.330959	1.072387
-0.688365	0.467122	-0.923155	0.015000	0.333635	0.890949
0.800673	0.471008	-0.526254	0.015000	0.252823	1.158658
-0.776328	-0.813368	0.082789	0.015000	0.373226	1.208803
-0.539496	-0.720807	-0.926133	0.015000	0.291860	0.843704
0.960332	-0.330499	-0.152079	0.015000	0.238379	0.603275
0.757199	-0.749803	-0.342422	0.015000	0.287928	1.730381
0.355113	-0.959113	-0.699143	0.015000	0.219840	1.833855
0.325440	0.070479	-0.132825	0.015000	0.292920	1.233778
-0.688193	-0.401729	-0.637015	0.015000	0.282563	0.789903
0.191309	-0.050988	0.801784	0.015000	0.325146	1.382075
-0.622130	-0.146544	0.562240	0.015000	0.318010	0.612012
-0.399309	0.270571	0.678533	0.015000	0.295813	0.459250
0.158538	-0.895564	-0.970983	0.015000	0.227594	1.106597
-0.881851	-0.115080	-0.054086	0.015000	0.282584	0.753282
0.558221	-0.384212	0.823148	0.015000	0.203538	0.212118
-0.068139	-0.998588	-0.297855	0.015000	0.304068	1.321550
0.817213	0.282658	0.990177	0.015000	0.268379	0.686638
0.294347	0.594871	0.613403	0.015000	0.287071	0.347798
-0.221600	-0.670583	-0.102378	0.015000	0.312126	0.678033
-0.518211	0.631252	0.092717	0.015000	0.232308	1.776798
-0.198373	-0.743779	-0.657823	0.015000	0.282811	0.391564
0.616446	0.702244	-0.255687	0.015000	0.336582	1.304201
-0.214832	-0.537808	0.760811	0.015000	0.285424	0.682193
-0.297238	0.884294	0.473647	0.015000	0.377571	0.743005
-0.238063	-0.937146	0.936449	0.015000	0.281350	2.147869
-0.879744	0.867973	0.558182	0.015000	0.363354	1.297766
0.826994	-0.106567	0.433636	0.015000	0.361772	1.439016
-0.232219	-0.086364	0.121305	0.015000	0.209251	0.563750
0.766883	-0.158250	0.710412	0.015000	0.296276	0.868865
0.444350	-0.074631	0.470666	0.015000	0.345956	0.853196
0.846352	-0.089203	0.344811	0.015000	0.266095	0.350643
0.425354	0.627896	0.403414	0.015000	0.337298	1.711885
-0.155504	-0.736499	0.574700	0.015000	0.326317	2.697601
0.134318	0.912675	0.846033	0.015000	0.331096	1.007591
0.676116	-0.436999	-0.771624	0.015000	0.227010	0.393880
-0.121920	0.331789	0.504866	0.015000	0.310875	0.710576
-0.057128	-0.250701	0.348780	0.015000	0.252190	0.921022
-0.174085	0.831480	0.175051	0.015000	0.343921	0.480026
-0.999256	0.759519	0.305963	0.015000	0.293676	0.514228
0.851400	-0.952475	-0.562821	0.015000	0.329686	0.641889
-0.187484	-0.691986	0.036498	0.015000	0.317087	0.995876
-0.381260	-0.014514	0.467253	0.015000	0.340974	1.227042
-0.350569	0.378006	0.242835	0.015000	0.339433	0.215773
0.126513	0.995243	-0.274328	0.015000	0.281553	1.516231
-0.134196	-0.914294	0.963378	0.015000	0.348905	0.667448
-0.906556	0.952756	-0.787335	0.015000	0.308607	0.233267
0.630062	0.321809	-0.647136	0.015000	0.237237	1.093771
0.830549	-0.286208	-0.959386	0.015000	0.221377	0.690470
-0.832369	-0.515675	-0.771799	0.015000	0.291183	0.894640
-0.044966	-0.104838	-0.530823	0.015000	0.312757	0.529028
0.358511	0.753092	-0.633834	0.015000	0.330852	0.995502
-0.531297	-0.940458	0.919660	0.015000	0.254360	0.904449
-0.908871	-0.265139	0.739733	0.015000	0.210593	1.611792
-0.775013	0.982209	-0.148122	0.015000	0.291995	0.925103
0.921434	0.190901	0.084559	0.015000	0.319562	0.686503
-0.587582	-0.358356	-0.972601	0.015000	0.271232	0.714234
0.310166	-0.328137	-0.046311	0.015000	0.201085	0.473095
-0.404973	0.306522	-0.912784	0.015000	0.287175	0.475807
-0.021308	-0.327748	-0.565248	0.015000	0.321274	0.592319
0.954654	0.744529	0.479706	0.015000	0.282444	1.168602
-0.345841	0.203061	0.067806	0.015000	0.266919	1.121341
0.105002	0.650459	0.821094	0.015000	0.322655	0.345353
-0.287240	0.803245	0.041377	0.015000	0.338912	0.324263
-0.210016	0.633423	-0.464206	0.015000	0.380955	1.280816
0.030694	-0.401963	0.457338	0.015000	0.293606	0.297187
-0.060138	0.338762	-0.977867	0.015000	0.246392	0.361044
-0.949766	-0.719441	0.719931	0.015000	0.337501	1.624914
-0.888005	-0.273902	-0.895010	0.015000	0.356056	1.059800
-0.404618	-0.382871	0.205277	0.015000	0.275401	0.624535
0.625846	0.184733	-0.042142	0.015000	0.307810	1.386254
-0.138002	0.635447	-0.549546	0.015000	0.207768	1.294400
-0.747523	0.993500	-0.841700	0.015000	0.307678	0.350037
0.879372	0.412651	-0.001356	0.015000	0.313859	1.486514
0.073714	-0.912581	0.617219	0.015000	0.274530	0.908142
-0.349685	-0.785008	-0.373656	0.015000	0.297645	0.401339
-0.808607	0.306398	-0.824987	0.015000	0.260527	0.696276
0.130134	-0.491972	0.208047	0.015000	0.309872	0.291358
-0.604735	0.983484	-0.755217	0.015000	0.346601	1.519751
0.247589	-0.432714	0.551051	0.015000	0.298161	0.245297
0.624135	0.571710	-0.469354	0.015000	0.247373	1.168209
-0.779627	-0.743465	-0.775219	0.015000	0.331777	0.179266
-0.956157	0.909595	0.557974	0.015000	0.293938	1.158159
-0.718192	-0.499625	-0.481188	0.015000	0.372777	0.767609
-0.100392	-0.919440	0.305689	0.015000	0.312988	0.188070
-0.045121	-0.163549	0.391044	0.015000	0.304339	0.920705
-0.628535	0.849514	-0.016593	0.015000	0.279033	0.434474
-0.347155	-0.332618	0.070509	0.015000	0.255040	0.360447
-0.213545	0.312508	-0.205224	0.015000	0.276606	0.645800
-0.872118	-0.355923	-0.750912	0.015000	0.248825	0.319161
-0.021130	-0.184042	0.269851	0.015000	0.350809	0.950704
-0.354955	0.954160	-0.711609	0.015000	0.288133	1.106486
0.467823	0.220444	0.856743	0.015000	0.372745	1.155655
-0.129270	0.118515	-0.917361	0.015000	0.375562	0.958858
-0.329882	-0.845828	0.496263	0.015000	0.210018	1.198073
0.734798	-0.666763	-0.471375	0.015000	0.384121	0.927684
0.682837	0.380083	-0.570172	0.015000	0.300332	0.588548
0.556666	-0.292014	0.292438	0.015000	0.288482	1.207151
0.884947	-0.983782	0.215162	0.015000	0.266719	1.396642
-0.174920	0.432683	0.333207	0.015000	0.339332	0.619837
0.887900	-0.147757	0.460108	0.015000	0.275246	1.822720
0.786244	0.133843	-0.722528	0.015000	0.275541	2.257420
-0.656862	-0.660853	-0.918245	0.015000	0.349353	0.834697
0.826395	0.104760	0.188062	0.015000	0.327650	0.885231
0.309119	-0.133147	-0.111550	0.015000	0.289367	1.606801
-0.495091	0.801074	-0.137253	0.015000	0.302527	1.273897
0.834405	0.280585	-0.735640	0.015000	0.306099	0.630734
0.379565	-0.531644	0.335910	0.015000	0.350739	0.117169
0.909654	0.004941	-0.428542	0.015000	0.318317	1.434240
-0.984264	0.969505	0.968041	0.015000	0.242504	1.532838
0.627782	-0.527086	0.130416	0.015000	0.329268	1.918239
-0.572187	0.610294	0.135010	0.015000	0.313033	0.740998
-0.007213	0.925617	-0.087923	0.015000	0.324035	0.711247
-0.315281	0.443156	-0.228034	0.015000	0.283533	1.316523
0.387016	-0.442039	0.655033	0.015000	0.362266	0.586650
-0.145122	0.193812	-0.113699	0.015000	0.315431	0.357025
0.309971	0.451727	0.489801	0.015000	0.248150	1.222679
0.632627	-0.467151	0.298403	0.015000	0.266905	0.507320
0.558981	-0.301522	0.048855	0.015000	0.303751	0.603337
-0.232565	0.441534	-0.525548	0.015000	0.246624	0.137239
-0.581346	-0.218220	-0.618612	0.015000	0.334865	1.736506
-0.575825	-0.709944	0.106832	0.015000	0.289000	0.661503
-0.782469	0.986603	-0.731092	0.015000	0.305132	1.004111
0.256078	-0.171726	-0.307205	0.015000	0.345954	0.354257
-0.927971	0.583629	0.089846	0.015000	0.320571	2.049162
-0.203673	-0.427350	-0.890432	0.015000	0.290675	1.200318
0.337783	0.337013	-0.197331	0.015000	0.262231	1.230659
0.070350	-0.245842	0.013676	0.015000	0.283930	0.387700
-0.618151	-0.079741	-0.359008	0.015000	0.305141	1.100334
-0.647331	0.282764	0.172699	0.015000	0.252385	1.323165
0.679895	0.887881	0.245203	0.015000	0.307616	0.252036
0.480150	-0.682602	0.995938	0.015000	0.319891	0.897904
0.045655	0.722748	0.656310	0.015000	0.281634	0.773433
0.671018	-0.265904	-0.721876	0.015000	0.265980	0.347551
0.732327	0.156865	0.595022	0.015000	0.291994	1.200730
0.873258	0.514801	0.028082	0.015000	0.326391	0.282207
-0.611184	0.519767	-0.394285	0.015000	0.291526	1.867953
-0.567449	0.163401	-0.829989	0.015000	0.263356	0.497208
-0.010982	-0.427133	-0.559089	0.015000	0.327368	0.357359
0.097951	-0.856143	-0.762140	0.015000	0.328734	1.350553
-0.877171	-0.869624	-0.217961	0.015000	0.253337	1.565594
0.574213	-0.868705	-0.544684	0.015000	0.246740	0.898683
0.126962	-0.794200	0.244756	0.015000	0.295583	0.565069
0.434613	0.400719	0.022644	0.015000	0.297081	1.024399
0.232302	-0.998206	-0.208107	0.015000	0.258198	0.552435
0.479559	-0.995867	-0.801786	0.015000	0.340053	0.183918
0.847967	-0.781446	-0.697818	0.015000	0.255566	1.341142
0.191877	-0.539623	0.541343	0.015000	0.302616	0.542866
-0.085457	0.410221	-0.117762	0.015000	0.238578	0.985768
0.214909	-0.883605	-0.933195	0.015000	0.281935	1.820712
0.674880	-0.121542	0.682636	0.015000	0.324082	0.851234
-0.371646	-0.269829	-0.737243	0.015000	0.250560	1.041048
0.401930	-0.889617	-0.526210	0.015000	0.297597	1.399291
-0.857670	0.380561	-0.813128	0.015000	0.267945	0.673000
0.818028	0.116820	-0.569158	0.015000	0.280975	0.694088
-0.335733	-0.139755	0.825818	0.015000	0.258270	0.550752
-0.076753	0.085624	-0.049058	0.015000	0.215944	0.183167
-0.783283	-0.687853	0.097451	0.015000	0.258979	1.374339
-0.874571	-0.972940	0.760171	0.015000	0.281073	2.070733
-0.312346	-0.304965	-0.435556	0.015000	0.307173	1.197629
0.821659	0.352057	0.529257	0.015000	0.310034	0.762987
0.069568	0.893997	0.454905	0.015000	0.209287	0.947410
-0.562114	-0.569918	0.406000	0.015000	0.240567	0.392162
-0.940318	-0.123013	-0.459130	0.015000	0.309672	0.835910
-0.557742	-0.577671	-0.364330	0.015000	0.278877	0.568787
0.173728	-0.494142	0.868718	0.015000	0.283258	0.139127
0.513551	-0.781968	0.842812	0.015000	0.297830	0.465166
0.510309	-0.735864	-0.451342	0.015000	0.319086	1.835287
0.411445	0.859242	0.869269	0.015000	0.306717	1.039128
-0.491062	-0.323773	0.470767	0.015000	0.234965	0.637360
-0.752524	0.843998	0.860119	0.015000	0.265679	0.998203
0.505388	0.819324	-0.304626	0.015000	0.263841	0.490612
0.129328	0.919189	-0.050603	0.015000	0.272139	1.025645
0.289552	-0.484294	0.799185	0.015000	0.300103	2.409648
-0.794932	0.954327	-0.167043	0.015000	0.280443	0.053118
0.520934	0.860246	-0.454360	0.015000	0.283561	0.856756
0.074954	0.660948	0.185604	0.015000	0.390688	0.985424
0.673961	0.648191	-0.986619	0.015000	0.287307	1.254702
0.438417	0.295394	0.030812	0.015000	0.277517	1.185881
-0.888553	0.067444	-0.322671	0.015000	0.311854	0.332975
-0.571505	0.158667	-0.499704	0.015000	0.321940	1.042851
0.174739	-0.515088	0.955549	0.015000	0.246506	0.489505
-0.976263	0.716356	-0.264679	0.015000	0.237578	0.958722
-0.097131	0.019934	-0.972828	0.015000	0.311988	0.431675
-0.856186	0.920797	-0.077917	0.015000	0.270271	1.444994
-0.983178	-0.417520	0.864822	0.015000	0.162013	1.217153
-0.003879	0.017531	-0.098426	0.015000	0.287438	0.600958
0.448988	-0.939965	0.269191	0.015000	0.288369	1.039192
0.918546	-0.092949	0.682710	0.015000	0.307070	0.441115
-0.521157	-0.302135	-0.948562	0.015000	0.298028	1.069150
-0.781374	-0.868178	-0.601597	0.015000	0.325501	1.321037
0.605065	-0.964080	0.676855	0.015000	0.339428	1.069497
0.826721	0.833268	0.902123	0.015000	0.273312	0.440296
-0.106045	-0.063651	0.724393	0.015000	0.329527	0.361911
0.665111	-0.611581	0.189510	0.015000	0.271809	1.755380
-0.339081	0.062823	0.691254	0.015000	0.319385	1.472020
-0.609028	0.658221	0.441729	0.015000	0.299029	1.626286
0.015489	-0.022306	-0.184581	0.015000	0.291794	0.360815
0.835803	-0.195945	0.380789	0.015000	0.256082	0.794838
-0.523780	0.051468	0.564566	0.015000	0.296562	0.946316
0.909482	-0.799259	0.617630	0.015000	0.301850	1.796048
-0.927878	-0.438013	-0.010309	0.015000	0.301935	0.662811
0.086295	0.839898	0.291108	0.015000	0.218120	0.573062
-0.295335	-0.422342	-0.546280	0.015000	0.304642	0.694130
0.539636	0.479336	0.652225	0.015000	0.313427	1.315945
0.334724	-0.374257	-0.699290	0.015000	0.302233	0.679958
0.340367	-0.175850	-0.371874	0.015000	0.274437	2.019052
-0.688794	-0.620905	-0.621829	0.015000	0.334952	0.464286
-0.226022	-0.044681	0.882009	0.015000	0.304750	2.028736
-0.163451	-0.779746	-0.728522	0.015000	0.366364	0.890976
-0.514182	0.375185	-0.856654	0.015000	0.297677	0.523059
0.319378	0.613341	-0.929874	0.015000	0.332639	0.995946
-0.255790	-0.868634	0.086327	0.015000	0.317793	1.148063
0.166488	-0.439407	-0.080051	0.015000	0.313177	0.799669
0.999961	0.580633	0.611434	0.015000	0.309351	1.263266
-0.789503	-0.624028	0.269276	0.015000	0.289743	0.365441
0.163800	0.613737	-0.297283	0.015000	0.422018	1.059964
0.698712	0.267211	0.914153	0.015000	0.248508	1.020158
0.889394	-0.252861	-0.418400	0.015000	0.340794	0.542041
-0.860420	-0.106962	-0.095253	0.015000	0.284744	0.917962
0.351478	0.217806	-0.225029	0.015000	0.256863	1.289833
0.769288	-0.288125	0.119580	0.015000	0.265886	1.575887
0.402130	-0.609993	-0.786503	0.015000	0.238189	1.177269
0.662360	-0.052318	-0.056784	0.015000	0.277685	0.315724
-0.859743	0.913803	0.432620	0.015000	0.309410	0.446983
-0.922774	0.526568	0.737810	0.015000	0.248100	0.623058
-0.725836	-0.660332	-0.260258	0.015000	0.271024	0.802218
0.529663	-0.034370	0.738251	0.015000	0.308324	0.386302
-0.261085	-0.383961	0.013036	0.015000	0.234999	1.867235
-0.616954	-0.692741	0.441036	0.015000	0.293040	1.587725
-0.253733	-0.500293	0.955575	0.015000	0.252469	1.301432
0.119322	0.473245	0.172249	0.015000	0.288839	0.876978
0.427109	0.070994	0.468292	0.015000	0.320064	0.423787
-0.247669	-0.770282	-0.956932	0.015000	0.285560	0.677463
0.137699	-0.891208	0.601112	0.015000	0.291564	0.150199
0.726386	0.708118	-0.414319	0.015000	0.269565	0.373529
0.222650	-0.425941	0.557886	0.015000	0.304300	0.796647
-0.588479	-0.559963	-0.482204	0.015000	0.315500	0.453503
-0.709438	-0.313816	0.283375	0.015000	0.225754	1.123851
0.278465	0.470003	-0.477522	0.015000	0.264805	0.675423
-0.800303	0.554263	-0.124688	0.015000	0.331077	2.137192
0.027542	0.949649	0.617169	0.015000	0.360478	0.979405
-0.980076	0.886001	0.201976	0.015000	0.331496	0.829430
-0.209508	-0.154028	-0.462518	0.015000	0.333675	1.391423
0.973045	-0.969245	0.050487	0.015000	0.348667	0.563836
0.055315	0.708473	-0.855548	0.015000	0.291258	1.907824
-0.012447	0.346302	0.650082	0.015000	0.333331	0.935385
-0.297962	-0.314268	0.859637	0.015000	0.268086	0.453877
0.435037	-0.002172	-0.669260	0.015000	0.258794	1.028435
0.533098	0.772219	-0.152842	0.015000	0.333339	1.506508
-0.052648	0.788001	0.175099	0.015000	0.308257	0.991305
-0.420748	-0.368979	0.555720	0.015000	0.325521	0.350943
0.147044	-0.987735	0.515034	0.015000	0.285464	0.847920
0.971871	0.917375	-0.637746	0.015000	0.291911	1.600004
-0.505255	-0.021199	0.875778	0.015000	0.307541	0.328056
0.310210	0.641711	-0.712278	0.015000	0.325825	0.403542
0.016999	-0.408042	0.376795	0.015000	0.311101	1.523992
0.325812	0.438423	-0.380050	0.015000	0.245815	1.211217
0.132025	-0.370631	0.865313	0.015000	0.253913	0.412082
-0.026217	-0.788043	-0.991976	0.015000	0.327379	0.724803
-0.915997	-0.581050	0.253094	0.015000	0.306403	0.302302
0.232754	-0.802615	-0.299007	0.015000	0.330710	2.267943
-0.012093	-0.276136	0.760897	0.015000	0.235999	0.757452
-0.289662	-0.774850	0.158395	0.015000	0.296369	1.023332
-0.193411	0.858085	-0.095945	0.015000	0.281146	1.494136
0.458198	0.058139	-0.616779	0.015000	0.307294	0.943186
-0.933381	-0.945415	0.086668	0.015000	0.216193	0.868608
-0.230844	-0.095168	0.474886	0.015000	0.345936	2.223348
-0.189811	-0.134975	0.245467	0.015000	0.262490	1.285605
-0.967660	0.019096	-0.034102	0.015000	0.232798	2.204065
-0.678834	-0.102174	0.014034	0.015000	0.319774	0.813074
0.062122	0.830110	0.745068	0.015000	0.323105	0.651344
0.566956	0.576581	-0.059303	0.015000	0.310466	1.054203
0.176845	0.771448	-0.110511	0.015000	0.334009	1.050725
0.443537	-0.429100	-0.549538	0.015000	0.244600	0.597034
-0.885563	-0.595683	-0.426941	0.015000	0.350097	0.674823
-0.761518	-0.170088	0.919379	0.015000	0.274866	0.610609
-0.788241	-0.476819	0.770124	0.015000	0.249392	0.364033
0.767518	-0.068650	0.060043	0.015000	0.327816	1.641503
-0.595702	-0.431028	0.563527	0.015000	0.367363	0.336757
0.923540	0.232123	-0.865323	0.015000	0.278372	1.191384
0.676241	0.072631	0.868194	0.015000	0.290390	0.806564
-0.084664	0.866001	-0.804289	0.015000	0.295096	1.011563
-0.278402	0.384362	0.008725	0.015000	0.339127	1.656345
-0.565763	0.360194	-0.738935	0.015000	0.418340	1.054354
-0.988736	0.018100	-0.835515	0.015000	0.288753	1.067975
-0.892904	0.326162	-0.203415	0.015000	0.324314	0.432130
0.418394	-0.598350	-0.358142	0.015000	0.316669	1.204910
0.144952	-0.103077	0.338364	0.015000	0.296928	1.507176
-0.139608	0.377000	0.458354	0.015000	0.294264	1.564011
0.239148	-0.842297	0.273990	0.015000	0.316393	0.259664
0.441118	0.252046	-0.342662	0.015000	0.333006	0.551639
-0.171300	0.237607	-0.795401	0.015000	0.285605	0.472699
-0.828575	-0.474014	-0.176346	0.015000	0.258073	1.037350
-0.570526	-0.879990	-0.736297	0.015000	0.314777	1.181613
-0.211149	0.655814	-0.945798	0.015000	0.358738	0.429235
-0.549400	-0.965713	-0.705288	0.015000	0.340843	1.657708
-0.201285	0.732476	-0.912138	0.015000	0.367422	0.436830
-0.237998	-0.750392	-0.011483	0.015000	0.320244	0.436371
-0.031851	-0.618001	-0.861465	0.015000	0.352864	1.365262
-0.966006	0.163725	0.019287	0.015000	0.360755	0.983863
0.200677	-0.153721	0.885101	0.015000	0.304293	1.010305
-0.439521	-0.986201	0.897309	0.015000	0.273019	0.457201
-0.299953	-0.219249	-0.768602	0.015000	0.274708	0.241256
0.889639	0.449553	-0.129569	0.015000	0.281131	1.418467
0.576572	-0.648433	0.087619	0.015000	0.228047	0.595475
-0.791422	0.760257	0.691826	0.015000	0.295569	0.493021
-0.209523	-0.988729	0.889072	0.015000	0.360304	0.461761
0.388153	-0.516531	0.541291	0.015000	0.309304	0.264794
0.082725	0.824059	0.779119	0.015000	0.338340	0.302072
0.121025	-0.033173	-0.647370	0.015000	0.310460	0.832305
-0.699700	-0.435657	-0.101470	0.015000	0.349001	0.774382
0.172930	-0.284013	-0.182924	0.015000	0.315035	0.457604
0.246177	0.182402	0.688868	0.015000	0.318823	0.627647
-0.057145	-0.857802	0.956110	0.015000	0.304175	0.325135
-0.841978	0.637152	0.237042	0.015000	0.328020	0.217005
-0.419938	0.327785	-0.805690	0.015000	0.343848	1.289541
-0.065006	-0.703482	0.713577	0.015000	0.258073	0.908485
-0.109133	0.442213	0.857666	0.015000	0.254450	0.188491
-0.890800	-0.703798	0.703692	0.015000	0.333877	1.726696
0.931061	0.034572	0.905048	0.015000	0.319052	1.169135
0.635377	0.134490	0.487090	0.015000	0.251348	0.813204
0.407793	-0.336616	0.544535	0.015000	0.317911	0.841931
-0.474059	-0.522571	0.563880	0.015000	0.255111	1.951244
0.693102	0.126289	0.768901	0.015000	0.408308	0.626717
0.425948	-0.648735	0.848811	0.015000	0.290465	1.144557
0.895281	0.724476	0.871235	0.015000	0.312455	1.225338
0.730229	0.073738	-0.235986	0.015000	0.325206	1.442020
-0.550933	-0.161742	0.035107	0.015000	0.281189	0.935470
0.497192	0.553520	-0.160141	0.015000	0.312006	0.978751
-0.381576	-0.565379	0.084952	0.015000	0.296327	1.126630
-0.455240	-0.912970	-0.756216	0.015000	0.314452	0.995688
0.395890	0.866517	0.635727	0.015000	0.317168	0.699377
0.339883	0.810801	-0.933844	0.015000	0.296832	0.392082
0.092059	-0.006707	0.482448	0.015000	0.275467	1.549521
-0.740900	-0.314266	-0.534901	0.015000	0.294776	1.452901
-0.230731	-0.981204	-0.565146	0.015000	0.250892	0.423886
0.691423	0.487486	0.147211	0.015000	0.342749	1.537768
0.402708	-0.505672	-0.820529	0.015000	0.234094	0.975631
0.253343	-0.576192	-0.031965	0.015000	0.339271	0.302091
-0.439962	0.465432	-0.601635	0.015000	0.344694	1.953425
0.518434	0.846476	-0.158056	0.015000	0.269806	1.766585
0.010754	0.897259	0.818398	0.015000	0.231779	0.906229
0.895995	0.089232	0.892995	0.015000	0.314207	1.475249
-0.058705	0.942184	-0.214493	0.015000	0.284322	0.585435
-0.855310	-0.298037	-0.702065	0.015000	0.334193	0.643443
-0.225085	0.705062	-0.678606	0.015000	0.277288	1.264387
0.176816	-0.263686	0.414743	0.015000	0.311736	0.766843
0.297985	0.198373	-0.411747	0.015000	0.306048	0.651232
-0.249556	-0.926442	-0.354784	0.015000	0.293701	0.656160
-0.872989	0.100558	-0.508488	0.015000	0.309112	1.405101
0.224322	-0.486222	-0.705227	0.015000	0.247934	0.318839
0.714491	-0.813763	0.485591	0.015000	0.290771	1.187394
-0.370181	-0.134311	-0.264530	0.015000	0.265595	1.242425
-0.968072	0.122804	0.038547	0.015000	0.310901	2.143028
-0.363247	0.797387	0.815430	0.015000	0.310168	1.095082
-0.854369	0.099038	0.000006	0.015000	0.295936	0.994944
0.453212	0.533021	0.992285	0.015000	0.322152	1.491800
0.604881	-0.291781	0.081829	0.015000	0.335793	0.257243
-0.691893	-0.759247	0.970825	0.015000	0.230285	0.646617
0.600883	-0.880009	0.509864	0.015000	0.278023	0.706342
0.374441	-0.769343	-0.322674	0.015000	0.384951	1.374603
-0.236153	0.998683	0.439529	0.015000	0.364428	1.806669
0.207983	-0.075695	0.860021	0.015000	0.240110	0.970493
0.849588	0.316207	0.286714	0.015000	0.226197	1.394726
-0.877184	-0.699772	0.258050	0.015000	0.309690	0.801108
-0.663344	-0.537293	-0.025893	0.015000	0.303244	0.812528
-0.087538	-0.474748	-0.424905	0.015000	0.320164	0.749546
-0.283501	0.132627	-0.067275	0.015000	0.333363	0.663881
-0.438941	0.208003	0.318955	0.015000	0.285509	1.117718
-0.942865	-0.471322	0.190633	0.015000	0.303789	0.918238
0.082576	0.798478	-0.392538	0.015000	0.384626	0.625648
-0.092862	-0.575310	0.118284	0.015000	0.265422	1.355156
0.605935	-0.938585	-0.999346	0.015000	0.226314	0.439265
-0.492137	-0.546230	0.803019	0.015000	0.332005	0.303164
0.300449	-0.910855	-0.187266	0.015000	0.325471	1.032933
0.215001	0.368467	-0.343522	0.015000	0.285254	1.547774
-0.822745	-0.032526	0.149058	0.015000	0.342078	1.223467
0.911315	-0.100416	-0.997848	0.015000	0.252274	1.560598
-0.263544	-0.977752	0.792601	0.015000	0.325650	0.725717
-0.312541	-0.031264	-0.357939	0.015000	0.325370	1.087435
0.726029	0.623132	-0.158398	0.015000	0.313400	0.249856
0.657233	-0.637531	-0.981242	0.015000	0.301892	0.615185
0.278536	-0.459248	0.129721	0.015000	0.269858	0.947526
0.511963	-0.473493	-0.427976	0.015000	0.320200	1.614515
0.494678	-0.593805	-0.605468	0.015000	0.270366	1.814640
-0.643354	-0.086942	0.345965	0.015000	0.255295	0.883273
0.641338	-0.597401	-0.948874	0.015000	0.280191	1.112820
-0.924091	-0.975787	-0.304101	0.015000	0.288683	0.799640
0.129258	-0.968853	-0.555433	0.015000	0.261989	1.420108
0.084259	0.060958	0.484734	0.015000	0.284760	1.447078
-0.164812	-0.196042	-0.684873	0.015000	0.344947	1.914587
-0.407407	0.489794	0.094630	0.015000	0.268843	0.221637
-0.569909	0.608533	-0.893676	0.015000	0.339813	0.551279
-0.158798	0.558474	-0.153952	0.015000	0.260306	0.972356
-0.002612	0.517425	0.285313	0.015000	0.351018	1.369035
-0.643357	-0.277042	0.964247	0.015000	0.258900	1.077526
0.125198	0.711516	-0.957104	0.015000	0.377519	0.397228
0.636852	-0.019179	0.361731	0.015000	0.353460	0.406464
-0.244977	0.566100	0.974925	0.015000	0.299784	0.341448
0.237799	-0.908902	-0.147778	0.015000	0.324837	1.161551
-0.479704	0.370876	0.275021	0.015000	0.279106	0.397278
0.718410	0.300821	0.486106	0.015000	0.272658	0.441896
0.454867	-0.713829	0.830435	0.015000	0.262643	1.103882
-0.716404	-0.339848	0.305277	0.015000	0.332584	1.398043
0.038433	0.945995	0.169236	0.015000	0.340109	0.966267
0.251534	0.871274	-0.334972	0.015000	0.268556	0.328766
-0.481576	0.600970	-0.414114	0.015000	0.300552	1.076292
-0.567227	0.911339	0.178913	0.015000	0.287176	1.131502
0.236468	-0.803510	0.763903	0.015000	0.293724	0.936722
-0.985576	-0.152837	0.502910	0.015000	0.348551	1.065866
-0.037426	0.101784	0.296832	0.015000	0.296339	0.802077
-0.882725	-0.474065	0.197260	0.015000	0.282238	0.967115
-0.548945	-0.205985	-0.136481	0.015000	0.324707	1.255853
-0.428194	-0.874132	0.304503	0.015000	0.272216	0.669120
0.609997	-0.646813	0.390220	0.015000	0.325010	1.838180
0.788603	0.228328	0.868539	0.015000	0.327728	0.805868
0.176179	-0.365072	-0.194070	0.015000	0.353670	1.509118
-0.525307	-0.227996	0.153752	0.015000	0.279159	1.168826
-0.136687	-0.846497	-0.973013	0.015000	0.251037	0.275842
-0.130730	-0.304692	0.735519	0.015000	0.341162	0.167902
0.581550	-0.263483	0.717549	0.015000	0.363796	1.442858
-0.325682	0.438381	0.671400	0.015000	0.224158	0.565961
0.445251	0.566981	-0.565371	0.015000	0.260858	0.953362
0.651152	0.111586	0.821064	0.015000	0.268030	1.512449
0.198457	-0.981026	-0.516641	0.015000	0.287288	1.991467
-0.867909	0.622623	-0.215436	0.015000	0.366023	0.244038
-0.646541	-0.719008	0.399982	0.015000	0.289206	0.753059
0.321229	0.439756	0.364940	0.015000	0.347894	0.768288
0.153399	0.196824	0.707966	0.015000	0.307749	1.597644
-0.843042	-0.971500	-0.945499	0.015000	0.271321	0.262011
0.477138	0.401749	0.836624	0.015000	0.244826	1.459316
-0.102705	0.875607	0.478690	0.015000	0.333974	1.328943
-0.867087	0.801965	-0.369944	0.015000	0.359238	1.249457
0.817304	0.072056	-0.777974	0.015000	0.348462	1.355313
-0.497389	0.775532	0.902369	0.015000	0.276274	1.151771
0.406548	-0.600899	-0.111785	0.015000	0.306299	0.822695
-0.226126	-0.586418	0.682613	0.015000	0.333652	0.438276
-0.924899	-0.028025	0.982214	0.015000	0.327928	0.961833
0.061989	0.649931	0.936601	0.015000	0.311629	0.593482
0.304495	0.000019	-0.493239	0.015000	0.329306	2.243397
-0.652361	-0.628091	-0.806521	0.015000	0.294190	1.700527
-0.558540	-0.338100	-0.997155	0.015000	0.303019	0.406364
0.615542	0.965801	0.615958	0.015000	0.307214	0.530485
-0.727588	0.502752	0.487988	0.015000	0.359106	0.904641
0.576420	-0.113558	-0.152659	0.015000	0.249909	1.338749
-0.741356	-0.909032	-0.585306	0.015000	0.359324	0.216281
0.957054	-0.894550	0.321940	0.015000	0.395510	1.611739
0.309407	0.485943	-0.853445	0.015000	0.341342	0.299603
-0.906828	-0.386806	0.907777	0.015000	0.318594	1.579329
0.360638	-0.253782	0.824494	0.015000	0.362324	1.227010
0.917566	-0.667560	0.046817	0.015000	0.305949	0.827421
-0.063562	0.005186	-0.817759	0.015000	0.324259	0.384965
0.786338	-0.778351	-0.653184	0.015000	0.385154	1.788470
0.309361	-0.980829	-0.185838	0.015000	0.378535	0.254038
0.594397	-0.089779	0.134024	0.015000	0.243313	0.652002
0.051612	-0.168127	0.762702	0.015000	0.349189	0.171140
0.058387	0.402036	0.147371	0.015000	0.257247	1.524024
0.139783	0.917263	0.736014	0.015000	0.326287	0.585596
-0.648665	-0.783248	-0.455604	0.015000	0.288575	0.703444
-0.530416	-0.000673	-0.921303	0.015000	0.368820	0.276958
-0.078492	-0.653789	-0.095459	0.015000	0.242622	0.427674
0.279432	0.873357	0.897265	0.015000	0.344921	1.180300
-0.295030	0.086505	0.521089	0.015000	0.196744	1.406875
-0.630727	-0.898956	-0.331496	0.015000	0.292296	0.293601
0.180145	0.263991	0.942690	0.015000	0.348153	0.480278
0.263299	0.908384	0.258759	0.015000	0.282442	0.673145
-0.617586	-0.801947	0.583681	0.015000	0.371676	1.842622
-0.876591	0.952625	-0.395721	0.015000	0.280385	1.617538
0.337618	-0.039798	-0.120910	0.015000	0.327624	1.392541
0.415904	-0.175356	0.609083	0.015000	0.348856	0.527798
-0.827625	-0.338642	0.975959	0.015000	0.295806	0.175574
0.207000	-0.358144	-0.482776	0.015000	0.308171	0.694986
-0.749022	-0.338988	-0.580353	0.015000	0.384098	0.904023
0.292206	-0.863375	0.344268	0.015000	0.286209	0.527999
0.691680	0.351184	0.750784	0.015000	0.310188	1.251069
0.832428	0.269719	-0.547738	0.015000	0.292593	0.514196
0.047795	-0.373765	-0.533459	0.015000	0.330714	2.500603
0.531850	-0.322613	-0.820776	0.015000	0.233243	0.675130
0.122016	-0.986582	-0.424702	0.015000	0.312912	1.045620
-0.439393	0.403003	0.150482	0.015000	0.298634	0.914840
0.095589	0.484784	-0.216041	0.015000	0.311632	0.453032
0.224693	0.332661	-0.643898	0.015000	0.284880	0.890065
-0.885676	0.213831	0.438703	0.015000	0.225016	0.696452
-0.038566	-0.788877	-0.737590	0.015000	0.297207	1.032287
-0.297868	0.382690	0.518131	0.015000	0.323693	1.696579
0.337943	0.847855	-0.356805	0.015000	0.318064	0.378235
-0.644110	-0.177891	-0.940533	0.015000	0.398828	0.542076
0.610114	0.333138	-0.501526	0.015000	0.302116	1.040099
-0.048565	-0.820497	0.928120	0.015000	0.312761	1.191276
-0.639066	0.878640	-0.682047	0.015000	0.245441	1.431217
-0.917516	0.609608	0.399655	0.015000	0.243961	1.223115
-0.314751	-0.101513	0.034463	0.015000	0.342135	1.685402
0.205613	0.127415	-0.279241	0.015000	0.305295	0.830341
-0.207470	-0.304488	0.189336	0.015000	0.370983	2.147380
0.757646	0.978652	0.311978	0.015000	0.270530	0.640652
0.502374	0.051160	-0.350879	0.015000	0.316822	1.418981
0.044488	-0.107926	0.620060	0.015000	0.298527	0.256875
0.629204	0.127355	0.394686	0.015000	0.270251	0.489474
-0.786875	-0.861034	0.675033	0.015000	0.269811	1.679964
-0.941143	0.468857	0.164974	0.015000	0.386373	0.792527
0.662133	0.777092	0.063653	0.015000	0.356711	0.443519
-0.524865	0.957843	-0.986136	0.015000	0.330161	0.773521
-0.126144	0.424192	-0.021502	0.015000	0.218653	0.213443
0.737774	-0.693723	0.142823	0.015000	0.288938	0.171181
-0.161871	0.810716	-0.914301	0.015000	0.391289	1.838177
0.323518	0.319218	-0.278108	0.015000	0.319246	1.110611
-0.602532	0.545582	-0.225197	0.015000	0.306611	1.285639
0.144341	-0.784645	0.263242	0.015000	0.228163	1.006371
-0.119006	0.373353	0.083907	0.015000	0.297720	0.566951
0.040788	0.532161	-0.852105	0.015000	0.305590	0.978996
-0.101424	0.195208	-0.253445	0.015000	0.260881	0.989848
-0.433859	-0.970764	0.908625	0.015000	0.319269	0.537768
-0.436650	-0.892736	0.152180	0.015000	0.303448	1.043261
0.029654	-0.118348	0.382610	0.015000	0.334616	0.540879
-0.459067	-0.316966	-0.604065	0.015000	0.307415	1.722661
-0.354224	-0.868755	0.738375	0.015000	0.290132	0.269929
0.405804	0.490131	-0.006977	0.015000	0.308644	1.297505
-0.902661	0.014964	0.692473	0.015000	0.218091	1.808846
0.350372	0.982824	0.145008	0.015000	0.270599	1.228801
-0.667733	-0.982145	0.921890	0.015000	0.341665	1.598610
-0.335674	0.519571	0.780438	0.015000	0.295692	0.726043
-0.439573	-0.409759	0.281728	0.015000	0.279980	1.014658
-0.629312	-0.093114	-0.485172	0.015000	0.262957	0.983449
0.540686	-0.549474	0.240880	0.015000	0.263484	0.986265
0.140379	0.409400	0.149605	0.015000	0.224522	1.055362
0.929657	0.309147	-0.095641	0.015000	0.303310	1.002948
0.898720	-0.434135	-0.437732	0.015000	0.249116	1.706219
0.809835	0.143618	-0.292289	0.015000	0.328508	0.842354
-0.982823	0.864729	0.384494	0.015000	0.334528	1.831185
0.055438	0.857224	0.382744	0.015000	0.272213	0.226653
-0.227954	0.201593	-0.909694	0.015000	0.355605	0.511346
0.298019	0.399071	0.676215	0.015000	0.293658	1.435987
0.078326	0.682789	-0.034549	0.015000	0.227927	0.231638
-0.834622	-0.158509	-0.957834	0.015000	0.330404	0.475311
-0.291608	0.537392	-0.233786	0.015000	0.287960	0.234803
-0.016964	-0.967877	-0.006830	0.015000	0.227852	1.768352
0.722210	0.869714	0.694880	0.015000	0.255498	2.263273
-0.432265	0.940577	0.133458	0.015000	0.372753	0.293094
0.320594	-0.497044	-0.987510	0.015000	0.328768	0.996931
-0.662398	0.455297	-0.809124	0.015000	0.282210	0.877933
0.120817	-0.573466	0.733721	0.015000	0.349384	0.261640
-0.941497	0.264754	0.356287	0.015000	0.314352	1.652783
0.137470	-0.416246	0.820937	0.015000	0.288883	1.354608
-0.481690	0.532387	0.586804	0.015000	0.234160	2.262279
0.440312	-0.570567	-0.363709	0.015000	0.311989	1.285465
-0.615684	-0.608953	-0.552978	0.015000	0.362858	0.540359
-0.262635	0.050276	0.885270	0.015000	0.391654	1.156826
0.617189	-0.265754	-0.788199	0.015000	0.303145	1.105611
-0.944970	0.517035	0.718572	0.015000	0.345072	0.467076
0.368766	0.148594	0.818876	0.015000	0.234066	0.531366
0.654464	0.115784	-0.622532	0.015000	0.267562	1.107244
0.898642	-0.500819	-0.438594	0.015000	0.246419	0.331548
-0.492554	0.124260	0.400000	0.015000	0.346936	1.559826
0.528647	-0.771427	-0.992025	0.015000	0.241688	2.079700
0.679662	-0.325217	-0.235194	0.015000	0.268547	2.061449
0.024211	0.726644	-0.015099	0.015000	0.274318	1.589799
0.262524	0.497414	-0.796645	0.015000	0.347047	1.341626
0.575641	-0.930846	-0.443642	0.015000	0.372817	1.746121
0.489652	-0.839346	0.725834	0.015000	0.275715	0.711707
0.931268	0.830265	0.511625	0.015000	0.312610	0.183416
-0.591529	-0.471659	-0.291912	0.015000	0.286352	0.763910
0.308525	0.717713	-0.441145	0.015000	0.268653	1.010894
-0.862900	-0.622647	-0.095955	0.015000	0.273036	1.342565
0.974415	0.779084	-0.821389	0.015000	0.254155	1.279751
0.361919	-0.380119	-0.011747	0.015000	0.334217	0.247777
-0.974386	-0.672190	0.057632	0.015000	0.327973	0.884333
-0.570083	-0.175796	-0.431233	0.015000	0.241219	1.181220
-0.881933	0.572833	-0.875121	0.015000	0.307481	0.384269
-0.571440	-0.467973	-0.123858	0.015000	0.298455	0.551925
-0.981185	-0.879243	0.529317	0.015000	0.314843	0.361179
0.790548	0.421761	-0.945703	0.015000	0.291744	1.457339
-0.048262	0.317918	0.899691	0.015000	0.359279	0.598944
-0.109339	-0.434579	-0.003513	0.015000	0.298617	1.314696
-0.057636	0.248395	0.028083	0.015000	0.276436	0.551381
-0.695171	0.418246	-0.555503	0.015000	0.382837	0.227420
0.963008	-0.306027	-0.062208	0.015000	0.314998	1.296363
-0.685688	-0.453214	0.354043	0.015000	0.394241	2.203703
0.038197	-0.195790	-0.471648	0.015000	0.294954	0.574019
-0.369492	-0.078169	-0.645047	0.015000	0.285474	1.054499
0.807908	-0.082529	0.474745	0.015000	0.291089	0.327769
0.499641	0.686508	0.928809	0.015000	0.309400	1.509769
-0.331843	-0.846106	0.199765	0.015000	0.249189	1.521562
-0.415387	-0.885801	0.388545	0.015000	0.300661	1.158410
-0.265804	0.231474	-0.122157	0.015000	0.263512	0.594429
0.584111	-0.728864	-0.719182	0.015000	0.280831	1.426039
-0.866118	-0.531483	-0.001016	0.015000	0.264831	1.355723
0.371532	0.047532	-0.607532	0.015000	0.372537	0.241392
0.715879	0.868052	0.602495	0.015000	0.349101	1.269287
0.775613	-0.975920	-0.668037	0.015000	0.373774	0.877247
-0.980680	-0.031615	0.060517	0.015000	0.294035	1.055363
-0.461187	-0.284779	0.730420	0.015000	0.274852	0.754560
0.262383	0.268820	0.740140	0.015000	0.286555	1.251737
-0.413691	-0.331255	-0.180761	0.015000	0.297395	0.679974
-0.908749	-0.399873	0.320422	0.015000	0.317848	0.932011
-0.557794	0.574755	0.230431	0.015000	0.272862	0.665491
0.281440	-0.352701	-0.464808	0.015000	0.289195	0.367475
-0.252454	0.484143	-0.089859	0.015000	0.254927	0.411416
-0.157076	0.277850	0.922444	0.015000	0.308276	1.653629
0.411737	-0.282937	-0.746268	0.015000	0.277298	0.348893
-0.630831	0.890705	0.976181	0.015000	0.291018	2.434445
0.766531	0.809460	0.457494	0.015000	0.292024	0.620156
-0.637722	0.974511	-0.283559	0.015000	0.341209	0.707707
-0.682342	-0.449264	0.309390	0.015000	0.244639	0.495849
-0.629629	0.456841	0.598081	0.015000	0.213917	0.931992
-0.631981	0.106681	0.327407	0.015000	0.324171	1.069864
-0.636582	-0.755588	-0.263300	0.015000	0.298743	1.863544
-0.966092	-0.724425	0.593099	0.015000	0.267996	0.671505
0.450579	0.982360	0.084877	0.015000	0.261930	1.406745
-0.812983	0.991278	-0.920125	0.015000	0.248006	1.615310
0.066068	-0.774047	-0.705759	0.015000	0.276818	1.261505
-0.420601	-0.828393	0.848807	0.015000	0.359928	1.142990
-0.930539	-0.696054	0.567013	0.015000	0.261017	0.465457
-0.570134	0.604193	0.044449	0.015000	0.253007	0.756922
-0.385426	0.830712	0.180343	0.015000	0.317385	0.402720
-0.124437	-0.616585	-0.489037	0.015000	0.329261	2.145363
-0.217312	-0.668475	0.374581	0.015000	0.326181	1.415003
-0.286284	-0.889450	-0.062821	0.015000	0.299187	0.991120
-0.021561	-0.730983	-0.713263	0.015000	0.389153	0.862111
-0.678739	-0.179258	0.532038	0.015000	0.287800	1.074064
-0.513378	0.627496	0.263770	0.015000	0.272088	1.141518
0.726671	0.959036	-0.507915	0.015000	0.345568	0.391491
0.414324	-0.894721	-0.679404	0.015000	0.260504	0.264159
-0.637093	0.309497	0.686952	0.015000	0.304552	1.814658
0.693530	-0.994071	-0.103992	0.015000	0.320986	1.308782
0.705025	-0.102114	-0.247657	0.015000	0.298302	1.800938
-0.848378	0.920802	-0.547674	0.015000	0.284448	1.202598
-0.295473	-0.831059	0.878874	0.015000	0.328758	1.752480
-0.696498	-0.786520	0.982228	0.015000	0.341229	1.920410
-0.479882	-0.960355	-0.359724	0.015000	0.297295	0.956329
-0.330322	-0.972744	-0.608330	0.015000	0.218467	0.819242
-0.099704	-0.128455	0.089983	0.015000	0.362912	0.634179
-0.713621	-0.914805	0.295843	0.015000	0.309510	0.530874
-0.679318	0.550465	0.632777	0.015000	0.349882	1.812735
0.707746	0.372594	0.263478	0.015000	0.357556	0.347680
-0.402008	0.893648	-0.110602	0.015000	0.280159	0.205350
-0.119162	0.621760	0.110849	0.015000	0.326695	1.432079
-0.483578	-0.245282	0.941746	0.015000	0.252771	0.124922
0.228208	0.781315	0.246867	0.015000	0.315714	0.722193
-0.473580	-0.740021	-0.364116	0.015000	0.232542	0.929224
0.992328	0.277548	-0.502468	0.015000	0.268716	0.593614
-0.769722	-0.970504	-0.241073	0.015000	0.323925	1.472142
-0.301999	-0.460008	-0.188482	0.015000	0.325375	1.299734
-0.326271	-0.043981	-0.667333	0.015000	0.253512	1.108157
0.550609	-0.523145	-0.464537	0.015000	0.224603	1.830881
-0.913735	-0.338630	0.483835	0.015000	0.339926	0.200820
-0.156151	-0.990355	-0.957423	0.015000	0.342444	1.695972
0.383862	-0.266878	-0.441689	0.015000	0.366835	1.010973
0.096397	0.362664	0.221588	0.015000	0.297685	0.903144
0.102366	-0.948420	-0.084327	0.015000	0.340710	0.891744
-0.636940	-0.779409	-0.793092	0.015000	0.272670	1.345754
0.062320	0.777583	0.077293	0.015000	0.381151	1.072149
0.564698	0.908630	0.740107	0.015000	0.230092	0.746509
-0.161609	0.444237	-0.700793	0.015000	0.300957	0.922285
-0.511612	-0.988797	0.486665	0.015000	0.345211	1.116886
0.499537	-0.363177	0.123309	0.015000	0.223948	1.492225
0.355656	-0.474010	0.019669	0.015000	0.345199	1.661500
0.482213	0.595567	-0.494271	0.015000	0.313529	0.628068
-0.742418	-0.092491	-0.336755	0.015000	0.310368	1.146847
-0.586662	-0.213694	0.147130	0.015000	0.279024	0.508460
-0.191450	-0.474163	0.250335	0.015000	0.227712	1.376640
-0.254596	0.216998	-0.145368	0.015000	0.378778	0.514062
-0.765463	0.770772	-0.813138	0.015000	0.298460	2.011007
-0.568875	0.641517	0.175421	0.015000	0.297418	1.558969
-0.442177	0.712450	-0.320387	0.015000	0.335321	1.282047
-0.095268	-0.611070	-0.686020	0.015000	0.261418	0.394204
-0.339542	0.718767	-0.315198	0.015000	0.325227	1.302267
0.899037	-0.364349	-0.979997	0.015000	0.244839	0.347666
-0.810326	-0.348817	-0.521722	0.015000	0.399485	0.521960
-0.724001	0.445773	0.374457	0.015000	0.216125	0.406322
-0.916174	-0.110608	-0.719270	0.015000	0.322971	1.226893
-0.719489	0.979273	-0.246500	0.015000	0.238648	0.939846
0.148047	0.016307	0.771710	0.015000	0.298829	2.182440
-0.821777	0.709763	-0.748846	0.015000	0.354499	0.557875
0.010357	0.762896	-0.391770	0.015000	0.295822	0.636031
0.728928	-0.801240	-0.391015	0.015000	0.369816	1.239909
-0.863339	0.493323	0.378713	0.015000	0.313301	0.884431
-0.511769	0.518976	-0.502833	0.015000	0.349116	0.909582
0.434018	-0.988746	0.311137	0.015000	0.332111	1.361645
0.971921	-0.862126	0.840676	0.015000	0.327379	0.492373
-0.481523	0.901150	-0.563926	0.015000	0.248051	1.339645
0.053333	-0.343078	-0.096750	0.015000	0.281725	0.628218
0.483468	-0.795264	-0.477220	0.015000	0.294021	0.765261
-0.547740	0.489201	0.570685	0.015000	0.319159	1.277775
-0.778879	0.668115	-0.858360	0.015000	0.284356	1.724542
0.664394	-0.710325	-0.721896	0.015000	0.321532	0.733894
-0.568897	-0.775813	-0.989282	0.015000	0.268876	0.684085
-0.526829	-0.452656	-0.562104	0.015000	0.231094	1.276141
-0.312420	-0.819254	-0.940929	0.015000	0.307848	1.191120
-0.690659	-0.238499	0.371067	0.015000	0.248676	2.047241
0.201603	0.274465	0.665563	0.015000	0.255846	1.607913
-0.097510	0.411655	0.675299	0.015000	0.308704	0.150799
0.956071	-0.770567	0.907486	0.015000	0.284142	0.984713
0.508649	0.726949	0.292126	0.015000	0.205090	0.833643
0.638755	0.096826	0.861664	0.015000	0.337822	1.110712
0.068586	-0.149800	0.322204	0.015000	0.354038	2.316644
-0.434893	-0.752116	-0.137730	0.015000	0.317369	0.312253
-0.799358	0.492380	0.720663	0.015000	0.292620	0.344111
-0.422597	0.284833	-0.429263	0.015000	0.313250	1.313074
0.581886	-0.214195	-0.829222	0.015000	0.318766	0.883340
-0.227937	-0.856152	0.057982	0.015000	0.330804	0.821876
-0.509082	-0.598145	0.491139	0.015000	0.297345	0.945668
0.744164	0.809902	-0.843740	0.015000	0.302295	0.269275
-0.025057	-0.648798	0.050804	0.015000	0.314979	0.832774
-0.078161	0.356232	0.800510	0.015000	0.260328	0.848373
0.446085	0.561044	-0.256995	0.015000	0.334246	0.703823
-0.598572	0.382846	-0.179624	0.015000	0.320838	1.091181
0.561753	0.960823	-0.640223	0.015000	0.311750	0.916820
-0.688366	0.497019	-0.472389	0.015000	0.353410	1.589336
0.470723	-0.651292	0.523905	0.015000	0.330872	0.624160
-0.894370	-0.029678	0.575559	0.015000	0.300026	0.820832
0.544750	0.690049	0.412076	0.015000	0.324582	1.153356
-0.200200	-0.509419	-0.763434	0.015000	0.261932	1.048037
-0.591593	-0.556724	-0.681997	0.015000	0.319332	1.187045
0.219479	-0.594826	0.050189	0.015000	0.301071	0.923098
0.136496	-0.758102	0.955658	0.015000	0.298592	2.003194
-0.121261	0.694362	-0.286847	0.015000	0.258805	0.667426
0.018997	0.937552	-0.186800	0.015000	0.372766	1.188915
0.376981	-0.004502	0.273733	0.015000	0.305823	1.258488
0.396666	-0.915150	-0.104535	0.015000	0.241968	1.170711
0.962290	-0.775896	0.038943	0.015000	0.361610	1.266367
0.767583	-0.353239	-0.380758	0.015000	0.360700	1.067394
0.502609	0.415109	-0.196637	0.015000	0.285184	0.661258
-0.334605	0.089026	0.473736	0.015000	0.320459	2.068077
0.051298	0.035652	0.201248	0.015000	0.223982	2.191471
-0.790638	0.766282	-0.699962	0.015000	0.256482	0.813163
-0.923621	-0.335324	-0.391883	0.015000	0.281612	0.607240
-0.863106	-0.178579	-0.526891	0.015000	0.297416	0.544152
-0.526430	-0.595010	-0.151770	0.015000	0.260206	1.224585
0.058716	-0.834922	0.642717	0.015000	0.285587	0.266244
-0.022846	-0.314073	-0.710303	0.015000	0.276051	0.507814
0.296041	0.208771	-0.231286	0.015000	0.244421	1.128177
-0.915632	0.199140	-0.765103	0.015000	0.376056	0.190587
0.746264	0.131367	-0.418217	0.015000	0.358875	0.993246
-0.234887	0.535936	-0.554647	0.015000	0.311110	0.309753
0.575935	-0.131745	-0.752593	0.015000	0.343021	1.927906
-0.324734	0.068596	-0.366777	0.015000	0.296012	0.687499
0.796184	0.732073	-0.682828	0.015000	0.274004	0.120941
-0.513612	-0.476389	-0.325106	0.015000	0.317699	0.414371
0.713796	0.814150	0.310519	0.015000	0.331727	0.240223
0.660106	0.867095	0.840201	0.015000	0.320293	0.317640
-0.970043	-0.072527	0.147408	0.015000	0.295452	0.518025
-0.816475	-0.152026	0.800727	0.015000	0.276747	0.752616
0.604214	-0.929533	-0.145616	0.015000	0.352754	0.830933
0.624305	-0.509841	-0.023463	0.015000	0.228713	0.504340
0.385959	0.817880	0.808781	0.015000	0.320916	0.876338
-0.464193	0.196832	0.298145	0.015000	0.322647	1.251691
-0.528226	-0.650014	0.251954	0.015000	0.312608	0.512178
0.258826	0.153422	-0.221038	0.015000	0.318627	2.001793
0.335422	0.601797	0.506933	0.015000	0.338917	1.126124
-0.608520	0.032344	-0.273623	0.015000	0.293996	1.412295
0.837824	0.822551	0.414009	0.015000	0.327544	1.285164
0.072630	0.898054	0.730289	0.015000	0.347158	1.479775
0.012232	-0.529970	-0.690156	0.015000	0.374389	0.473063
0.818214	0.738364	-0.408924	0.015000	0.357005	0.339247
-0.006014	-0.644890	-0.142725	0.015000	0.291784	1.116773
0.550654	-0.928768	0.511077	0.015000	0.335353	2.008985
-0.210586	0.852041	-0.374743	0.015000	0.245275	2.004822
0.931499	-0.686229	-0.758364	0.015000	0.287739	0.244193
0.485584	-0.377929	0.175257	0.015000	0.361882	1.390393
0.027767	-0.528745	-0.813862	0.015000	0.326188	0.605867
-0.789003	-0.529184	0.117580	0.015000	0.332891	0.338235
0.699012	0.940230	-0.264041	0.015000	0.308877	0.283432
-0.109599	0.190282	0.950558	0.015000	0.354889	0.966155
0.340141	-0.600806	-0.676662	0.015000	0.387184	0.406343
0.030341	0.646479	0.453569	0.015000	0.403389	0.578076
-0.967131	-0.463475	0.118231	0.015000	0.298509	1.185265
-0.466147	-0.704146	0.261842	0.015000	0.289052	1.369569
0.125618	0.963540	0.453274	0.015000	0.283452	0.563088
0.467068	0.924354	0.548238	0.015000	0.241969	1.399542
-0.468086	0.600420	0.026380	0.015000	0.281156	1.814439
0.641773	-0.526217	-0.943608	0.015000	0.247243	0.319442
0.115529	-0.061830	-0.950926	0.015000	0.290788	0.529066
0.521711	0.466663	0.571697	0.015000	0.294033	1.845461
0.554944	-0.389854	0.747507	0.015000	0.300229	1.443685
-0.797508	0.752254	-0.399324	0.015000	0.278553	0.959593
-0.517780	0.913558	0.987751	0.015000	0.297773	0.812969
-0.534566	-0.285761	0.611042	0.015000	0.282180	0.972588
-0.848535	0.099722	0.288899	0.015000	0.299129	0.372245
-0.327284	-0.266236	0.452867	0.015000	0.307122	0.628427
0.006860	0.703287	-0.515387	0.015000	0.361144	2.111958
-0.827253	0.331035	0.329126	0.015000	0.288121	0.716342
-0.237137	-0.253842	0.646203	0.015000	0.255673	1.058030
-0.062542	-0.195418	0.863840	0.015000	0.301576	0.198448
-0.260209	-0.225585	-0.731754	0.015000	0.323283	1.654532
0.339309	0.897124	-0.515516	0.015000	0.300484	2.019880
0.062630	0.516014	0.484711	0.015000	0.351258	1.699823
-0.135247	0.144404	-0.783763	0.015000	0.261148	0.698098
0.416393	0.584670	0.958795	0.015000	0.317294	1.251351
-0.328577	-0.563540	0.750161	0.015000	0.312183	1.215163
0.382433	-0.061952	-0.903217	0.015000	0.290102	0.794172
0.547222	-0.389339	0.440012	0.015000	0.321864	0.895445
-0.414019	-0.229740	-0.206864	0.015000	0.328857	0.619552
-0.514011	-0.462667	0.040444	0.015000	0.298235	1.147798
-0.573717	-0.866380	0.048531	0.015000	0.289109	1.127257
0.730565	-0.452324	0.799898	0.015000	0.318592	0.217007
-0.338908	0.127811	-0.607908	0.015000	0.288483	0.484595
0.027495	-0.135219	-0.409032	0.015000	0.299961	0.304671
-0.001108	-0.417628	0.375842	0.015000	0.280216	0.818750
0.828448	0.674090	-0.845054	0.015000	0.306995	1.369682
0.590541	-0.324839	-0.742488	0.015000	0.322410	0.274965
0.648744	0.700873	-0.695785	0.015000	0.268794	0.468000
0.828906	-0.181024	-0.334468	0.015000	0.318358	1.753087
-0.616945	0.100926	0.790246	0.015000	0.269085	0.884461
-0.172247	-0.121843	-0.793944	0.015000	0.280142	0.238748
-0.384632	-0.530134	-0.077224	0.015000	0.311745	0.437310
0.728289	-0.759301	0.310578	0.015000	0.298792	1.398659
-0.244887	-0.249990	-0.315903	0.015000	0.375591	1.430688
0.632115	-0.414791	-0.530012	0.015000	0.234433	0.804049
-0.834999	0.914014	0.608108	0.015000	0.257312	0.586055
0.317712	-0.552643	-0.361723	0.015000	0.315570	0.765475
-0.536596	-0.952830	0.501099	0.015000	0.346657	1.333418
0.936017	0.686865	-0.472433	0.015000	0.255139	1.245123
0.363854	-0.023757	-0.464920	0.015000	0.278960	1.330064
-0.102534	0.019939	0.731006	0.015000	0.300566	1.618685
-0.827130	-0.068754	0.987397	0.015000	0.292396	0.956407
0.523348	0.439101	-0.738052	0.015000	0.277623	1.025198
-0.781996	-0.251711	0.104881	0.015000	0.322935	1.186343
0.125142	0.140096	0.766331	0.015000	0.276941	0.660119
-0.297432	0.429193	-0.719602	0.015000	0.364132	0.763800
-0.153721	-0.194175	-0.159853	0.015000	0.282093	0.890853
-0.636423	-0.687760	0.550674	0.015000	0.261642	0.416617
-0.654772	0.885352	-0.428937	0.015000	0.268110	0.957403
-0.073961	-0.954871	0.806355	0.015000	0.287784	0.850362
-0.397756	0.742317	0.590117	0.015000	0.222860	1.665771
-0.340022	0.687632	-0.357789	0.015000	0.230444	1.092758
-0.250553	-0.926165	-0.707849	0.015000	0.287026	2.086346
0.519026	0.396827	-0.824096	0.015000	0.322360	1.651806
-0.757621	-0.229462	-0.646941	0.015000	0.298511	0.668429
0.334917	-0.403398	0.649087	0.015000	0.268098	0.630864
0.681955	-0.213694	-0.762810	0.015000	0.340801	0.325101
0.984631	0.210913	0.778847	0.015000	0.295607	1.077689
-0.102239	0.938766	0.756709	0.015000	0.315683	0.972231
0.528403	-0.988619	0.016942	0.015000	0.340823	1.588795
0.662284	-0.598828	0.424609	0.015000	0.308279	0.387648
-0.795407	-0.024861	-0.646338	0.015000	0.302337	1.077493
-0.022085	-0.564764	-0.378895	0.015000	0.326336	1.960768
0.263281	-0.017053	0.496409	0.015000	0.341797	1.388937
0.175918	-0.146640	0.200825	0.015000	0.335666	0.718675
-0.480672	-0.788296	0.549838	0.015000	0.276253	1.376746
-0.861816	0.408827	-0.164825	0.015000	0.361439	0.410240
-0.542059	0.802510	0.466059	0.015000	0.318295	0.303491
-0.504796	-0.152051	0.467042	0.015000	0.307356	0.930384
-0.857576	0.494275	-0.854713	0.015000	0.399756	1.651458
-0.919750	0.738458	-0.953425	0.015000	0.295683	0.385184
0.630871	-0.222185	0.905820	0.015000	0.275876	0.503358
-0.410968	-0.460254	0.484098	0.015000	0.358639	0.347716
-0.097657	-0.705024	-0.597605	0.015000	0.267198	0.385533
-0.370850	0.160995	-0.893642	0.015000	0.287347	0.948650
0.914294	-0.334307	0.257915	0.015000	0.227131	0.195680
0.526031	-0.066671	-0.605420	0.015000	0.262951	0.524738
-0.481523	-0.840609	0.320781	0.015000	0.264926	0.245064
-0.857131	0.051742	-0.240195	0.015000	0.272984	1.254540
0.870449	0.355088	-0.847697	0.015000	0.195155	1.215987
0.574106	-0.736769	-0.577955	0.015000	0.352946	1.637184
-0.341120	0.254311	-0.218591	0.015000	0.315384	0.167565
-0.658432	-0.331163	0.527823	0.015000	0.327044	0.225626
0.635530	-0.835379	0.110429	0.015000	0.323318	1.986133
0.439229	-0.790101	0.217740	0.015000	0.407508	0.528259
-0.290598	0.266797	0.964793	0.015000	0.232453	0.437533
-0.147891	0.997891	0.632019	0.015000	0.392538	1.114880
0.945313	-0.047920	-0.808756	0.015000	0.306418	0.974822
0.866078	-0.676086	-0.635952	0.015000	0.309775	0.871107
-0.901215	-0.673624	-0.264634	0.015000	0.309717	0.454039
0.085749	-0.468237	-0.609993	0.015000	0.246490	0.392486
-0.401951	-0.583087	0.359929	0.015000	0.323046	1.279086
-0.025304	0.688141	-0.847360	0.015000	0.318469	1.270946
-0.806934	-0.118103	0.470137	0.015000	0.253309	0.493057
0.346953	0.888246	-0.331925	0.015000	0.281248	0.613688
0.673454	0.267776	0.121307	0.015000	0.316592	0.989176
-0.262765	0.155976	-0.764273	0.015000	0.285321	2.819535
0.836264	-0.016791	0.090900	0.015000	0.239957	1.712936
0.414809	0.361920	0.373789	0.015000	0.310148	0.555827
0.346294	-0.683766	-0.425909	0.015000	0.276592	1.340978
0.257098	0.538154	-0.464549	0.015000	0.358525	1.950504
-0.888735	0.756990	-0.586373	0.015000	0.364364	0.518933
0.540839	-0.345427	-0.530421	0.015000	0.263826	1.117643
0.194166	-0.462230	-0.186268	0.015000	0.307739	1.813360
-0.133665	-0.518602	0.802434	0.015000	0.305123	1.419050
0.167034	0.245869	-0.211015	0.015000	0.239082	1.191404
0.792924	-0.251017	-0.560528	0.015000	0.265230	0.547514
0.426684	-0.595971	-0.823939	0.015000	0.321992	0.339248
-0.565994	0.009800	0.021137	0.015000	0.276432	0.845160
0.986429	-0.263661	-0.735177	0.015000	0.245824	0.928818
0.918033	0.354259	-0.559706	0.015000	0.292374	0.532438
0.995380	-0.352175	-0.212284	0.015000	0.312799	1.320771
-0.105230	-0.929400	-0.534823	0.015000	0.244435	1.243689
0.856519	-0.684433	0.999534	0.015000	0.316485	1.308419
0.632582	-0.813995	0.147405	0.015000	0.360054	1.318339
0.026933	-0.835851	-0.725020	0.015000	0.288559	0.488612
0.322630	-0.356123	0.612892	0.015000	0.320038	1.627160
0.589933	0.922890	0.610950	0.015000	0.313485	1.121034
-0.102445	-0.441093	0.418526	0.015000	0.379833	0.712111
-0.496501	-0.659921	0.596876	0.015000	0.354946	1.172234
-0.154161	0.164960	-0.808635	0.015000	0.366178	1.578995
0.910453	-0.026196	-0.473834	0.015000	0.351893	0.484744
0.446676	0.202907	-0.460037	0.015000	0.259054	1.118948
-0.897207	-0.524605	-0.223593	0.015000	0.304366	0.860431
0.647138	-0.559853	-0.976925	0.015000	0.279676	0.704587
-0.759049	-0.946002	0.246196	0.015000	0.277871	0.947703
0.553889	-0.203677	-0.257957	0.015000	0.282729	2.690951
0.357193	0.497239	-0.537702	0.015000	0.369307	0.969533
-0.236905	-0.422691	0.818714	0.015000	0.292901	0.651254
0.086571	0.829711	-0.964387	0.015000	0.268621	0.326734
-0.978958	-0.131862	-0.795129	0.015000	0.296347	1.109209
-0.268914	0.988561	0.720206	0.015000	0.237794	0.938632
0.550320	0.724963	-0.725920	0.015000	0.268600	1.034219
-0.818722	-0.548084	-0.529168	0.015000	0.305935	0.776563
-0.515671	-0.876720	-0.525854	0.015000	0.330917	0.808871
0.657066	0.562220	0.272256	0.015000	0.316327	1.931055
0.009293	-0.241071	0.588744	0.015000	0.272448	0.909378
0.116759	0.562115	0.408179	0.015000	0.306726	1.485426
0.160319	0.028776	-0.700779	0.015000	0.242667	0.841312
0.944857	-0.435645	0.093526	0.015000	0.315637	1.154492
-0.794187	0.865016	0.650410	0.015000	0.342443	1.672620
0.319100	-0.894645	0.149760	0.015000	0.309706	1.783833
-0.716681	-0.099451	-0.823570	0.015000	0.259523	0.185785
0.188698	0.103090	-0.032062	0.015000	0.314162	0.377750
-0.715213	0.090382	0.088613	0.015000	0.359673	0.590694
0.214626	0.032935	0.641174	0.015000	0.347326	0.073069
0.359536	-0.668621	0.633022	0.015000	0.264293	0.715848
-0.004681	-0.550173	-0.189139	0.015000	0.337355	0.531031
0.677489	0.862418	-0.251257	0.015000	0.341313	0.297345
-0.365250	0.423276	-0.907017	0.015000	0.250258	1.775770
0.207760	0.021100	-0.125788	0.015000	0.334571	0.351659
-0.153487	0.964356	0.704082	0.015000	0.260218	0.466860
-0.378399	-0.447264	-0.383442	0.015000	0.394762	1.122370
-0.686870	0.154713	0.183373	0.015000	0.239238	1.557421
-0.343968	-0.009490	-0.544939	0.015000	0.287573	0.945683
-0.209170	0.338784	0.624596	0.015000	0.279091	0.496811
-0.569092	0.127977	0.837602	0.015000	0.288297	1.255258
-0.048786	-0.057927	-0.703673	0.015000	0.308467	1.311396
0.794291	0.542078	0.974620	0.015000	0.301254	1.066201
-0.830105	-0.579097	-0.480419	0.015000	0.296537	0.133997
-0.254213	-0.586700	0.845688	0.015000	0.337432	0.518299
-0.736538	-0.897321	0.257270	0.015000	0.307079	1.081918
0.519217	-0.129586	-0.139687	0.015000	0.303715	0.662130
0.346327	0.046239	0.576932	0.015000	0.236087	1.781137
0.855831	0.696464	0.442350	0.015000	0.257734	0.624403
-0.339274	-0.601589	0.931996	0.015000	0.277467	0.736388
0.122272	0.822092	0.112856	0.015000	0.305222	1.049174
-0.922127	-0.627002	-0.943971	0.015000	0.270295	1.583418
0.955995	-0.212234	0.781418	0.015000	0.272221	1.708181
0.601715	0.589617	-0.536014	0.015000	0.313015	0.774879
0.038733	0.089415	0.966233	0.015000	0.242021	0.690497
0.047526	-0.238123	0.308643	0.015000	0.245232	0.233272
-0.216949	-0.301672	0.274855	0.015000	0.256985	0.262581
0.736093	0.954757	-0.965903	0.015000	0.278596	1.895269
-0.290111	0.523805	0.364700	0.015000	0.274043	0.544621
0.928348	-0.543558	-0.262396	0.015000	0.339634	1.802049
-0.874943	-0.316737	-0.493773	0.015000	0.402757	1.666707
-0.511788	0.936730	-0.632573	0.015000	0.332418	0.855377
0.275190	0.922151	-0.593077	0.015000	0.294044	0.920701
-0.037179	0.324479	0.585176	0.015000	0.294024	0.768993
0.508399	0.870183	0.771601	0.015000	0.311906	1.200514
-0.161747	-0.059746	0.921021	0.015000	0.268772	0.978311
0.365224	0.545436	0.297341	0.015000	0.320331	0.350350
-0.200598	-0.228877	-0.803679	0.015000	0.286656	1.716948
-0.781038	-0.949253	-0.561145	0.015000	0.347359	1.007889
-0.345168	-0.310253	-0.397669	0.015000	0.261735	1.107869
0.194414	-0.285679	0.364456	0.015000	0.278160	0.693468
-0.950834	0.116598	-0.788323	0.015000	0.261866	0.808810
-0.310985	-0.806682	0.174681	0.015000	0.330639	1.688747
0.472050	-0.052563	-0.102357	0.015000	0.316848	1.792992
0.932982	0.810432	-0.852006	0.015000	0.285974	0.841672
0.117325	-0.061035	0.916286	0.015000	0.351149	0.480457
0.963778	-0.741277	0.889880	0.015000	0.342566	0.976392
-0.794332	-0.771038	-0.871552	0.015000	0.201373	1.058403
0.396906	0.127371	-0.410299	0.015000	0.210892	0.175347
-0.991139	0.629443	0.001532	0.015000	0.246276	1.016921
0.096314	-0.739723	-0.509427	0.015000	0.254951	1.373409
0.723926	-0.584387	-0.549613	0.015000	0.328095	0.747527
-0.273357	-0.750125	0.500656	0.015000	0.183057	3.139673
0.694572	0.210829	-0.192199	0.015000	0.268304	1.516413
0.741415	0.361672	-0.509852	0.015000	0.250219	0.521257
-0.144203	0.379709	-0.753192	0.015000	0.370376	1.175222
0.926349	-0.544544	-0.066700	0.015000	0.294279	0.921635
