axonal_length	MAX_EXC_WEIGHT	mean_peaks_height	std_peaks_height	fano_factor	GC_fraction	mean_degree
0.10	2.00	0.000000	0.000000	0.000000	0.295775	21.89
0.10	2.57	0.000000	0.000000	0.000000	0.295775	21.89
0.10	3.14	0.000000	0.000000	0.000000	0.295775	21.89
0.10	3.71	0.000000	0.000000	0.000000	0.295775	21.89
0.10	4.29	0.000000	0.000000	0.000000	0.295775	21.89
0.10	4.86	0.000000	0.000000	0.000000	0.295775	21.89
0.10	5.43	0.000000	0.000000	0.000000	0.295775	21.89
0.10	6.00	0.000000	0.000000	0.000000	0.295775	21.89
0.10	6.57	0.000000	0.000000	0.000000	0.295775	21.89
0.10	7.14	0.000000	0.000000	0.000000	0.295775	21.89
0.10	7.71	0.000000	0.000000	0.000000	0.295775	21.89
0.10	8.29	0.437390	0.136020	0.042300	0.295775	21.89
0.10	8.86	0.509861	0.284324	0.158553	0.295775	21.89
0.10	9.43	0.894558	0.215567	0.051946	0.295775	21.89
0.10	10.00	0.864964	0.294821	0.100489	0.295775	21.89
0.10	10.57	0.892857	0.273977	0.084071	0.295775	21.89
0.10	11.14	0.963152	0.163034	0.027597	0.295775	21.89
0.10	11.71	0.969278	0.158647	0.025967	0.295775	21.89
0.10	12.29	0.925459	0.237029	0.060708	0.295775	21.89
0.10	12.86	0.975148	0.119214	0.014574	0.295775	21.89
0.10	13.43	0.956583	0.171250	0.030658	0.295775	21.89
0.10	14.00	0.976035	0.119061	0.014524	0.295775	21.89
0.10	14.57	0.861620	0.295978	0.101672	0.295775	21.89
0.10	15.14	0.924067	0.215979	0.050480	0.295775	21.89
0.10	15.71	0.927070	0.206824	0.046141	0.295775	21.89
0.10	16.29	0.941211	0.192393	0.039327	0.295775	21.89
0.10	16.86	0.923141	0.219221	0.052059	0.295775	21.89
0.10	17.43	0.996179	0.017487	0.000307	0.295775	21.89
0.10	18.00	0.999844	0.000894	0.000001	0.295775	21.89
0.10	18.57	0.981775	0.107818	0.011841	0.295775	21.89
0.10	19.14	1.000000	0.000000	0.000000	0.295775	21.89
0.10	19.71	1.000000	0.000000	0.000000	0.295775	21.89
0.10	20.29	1.000000	0.000000	0.000000	0.295775	21.89
0.10	20.86	1.000000	0.000000	0.000000	0.295775	21.89
0.10	21.43	1.000000	0.000000	0.000000	0.295775	21.89
0.10	22.00	1.000000	0.000000	0.000000	0.295775	21.89
0.10	22.57	1.000000	0.000000	0.000000	0.295775	21.89
0.10	23.14	1.000000	0.000000	0.000000	0.295775	21.89
0.10	23.71	1.000000	0.000000	0.000000	0.295775	21.89
0.10	24.29	1.000000	0.000000	0.000000	0.295775	21.89
0.10	24.86	1.000000	0.000000	0.000000	0.295775	21.89
0.10	25.43	1.000000	0.000000	0.000000	0.295775	21.89
0.10	26.00	1.000000	0.000000	0.000000	0.295775	21.89
0.10	26.57	1.000000	0.000000	0.000000	0.295775	21.89
0.10	27.14	1.000000	0.000000	0.000000	0.295775	21.89
0.10	27.71	1.000000	0.000000	0.000000	0.295775	21.89
0.10	28.29	1.000000	0.000000	0.000000	0.295775	21.89
0.10	28.86	1.000000	0.000000	0.000000	0.295775	21.89
0.10	29.43	1.000000	0.000000	0.000000	0.295775	21.89
0.10	30.00	1.000000	0.000000	0.000000	0.295775	21.89
0.12	2.00	0.000000	0.000000	0.000000	0.295775	23.52
0.12	2.57	0.000000	0.000000	0.000000	0.295775	23.52
0.12	3.14	0.000000	0.000000	0.000000	0.295775	23.52
0.12	3.71	0.000000	0.000000	0.000000	0.295775	23.52
0.12	4.29	0.000000	0.000000	0.000000	0.295775	23.52
0.12	4.86	0.000000	0.000000	0.000000	0.295775	23.52
0.12	5.43	0.000000	0.000000	0.000000	0.295775	23.52
0.12	6.00	0.000000	0.000000	0.000000	0.295775	23.52
0.12	6.57	0.000000	0.000000	0.000000	0.295775	23.52
0.12	7.14	0.000000	0.000000	0.000000	0.295775	23.52
0.12	7.71	0.227513	0.168483	0.124769	0.295775	23.52
0.12	8.29	0.445620	0.381342	0.326336	0.295775	23.52
0.12	8.86	0.740300	0.286077	0.110550	0.295775	23.52
0.12	9.43	0.921257	0.214783	0.050075	0.295775	23.52
0.12	10.00	0.881527	0.299092	0.101478	0.295775	23.52
0.12	10.57	0.998620	0.002323	0.000005	0.295775	23.52
0.12	11.14	0.943034	0.211925	0.047625	0.295775	23.52
0.12	11.71	0.972057	0.155581	0.024901	0.295775	23.52
0.12	12.29	0.948693	0.201995	0.043009	0.295775	23.52
0.12	12.86	0.953159	0.187418	0.036852	0.295775	23.52
0.12	13.43	0.973545	0.151973	0.023723	0.295775	23.52
0.12	14.00	0.974452	0.148969	0.022774	0.295775	23.52
0.12	14.57	0.950176	0.192976	0.039193	0.295775	23.52
0.12	15.14	0.977778	0.115995	0.013761	0.295775	23.52
0.12	15.71	0.977778	0.120526	0.014857	0.295775	23.52
0.12	16.29	0.998942	0.002116	0.000004	0.295775	23.52
0.12	16.86	1.000000	0.000000	0.000000	0.295775	23.52
0.12	17.43	1.000000	0.000000	0.000000	0.295775	23.52
0.12	18.00	1.000000	0.000000	0.000000	0.295775	23.52
0.12	18.57	1.000000	0.000000	0.000000	0.295775	23.52
0.12	19.14	1.000000	0.000000	0.000000	0.295775	23.52
0.12	19.71	1.000000	0.000000	0.000000	0.295775	23.52
0.12	20.29	1.000000	0.000000	0.000000	0.295775	23.52
0.12	20.86	1.000000	0.000000	0.000000	0.295775	23.52
0.12	21.43	1.000000	0.000000	0.000000	0.295775	23.52
0.12	22.00	1.000000	0.000000	0.000000	0.295775	23.52
0.12	22.57	1.000000	0.000000	0.000000	0.295775	23.52
0.12	23.14	1.000000	0.000000	0.000000	0.295775	23.52
0.12	23.71	1.000000	0.000000	0.000000	0.295775	23.52
0.12	24.29	1.000000	0.000000	0.000000	0.295775	23.52
0.12	24.86	1.000000	0.000000	0.000000	0.295775	23.52
0.12	25.43	1.000000	0.000000	0.000000	0.295775	23.52
0.12	26.00	1.000000	0.000000	0.000000	0.295775	23.52
0.12	26.57	1.000000	0.000000	0.000000	0.295775	23.52
0.12	27.14	1.000000	0.000000	0.000000	0.295775	23.52
0.12	27.71	1.000000	0.000000	0.000000	0.295775	23.52
0.12	28.29	1.000000	0.000000	0.000000	0.295775	23.52
0.12	28.86	1.000000	0.000000	0.000000	0.295775	23.52
0.12	29.43	1.000000	0.000000	0.000000	0.295775	23.52
0.12	30.00	1.000000	0.000000	0.000000	0.295775	23.52
0.14	2.00	0.000000	0.000000	0.000000	0.295775	25.13
0.14	2.57	0.000000	0.000000	0.000000	0.295775	25.13
0.14	3.14	0.000000	0.000000	0.000000	0.295775	25.13
0.14	3.71	0.000000	0.000000	0.000000	0.295775	25.13
0.14	4.29	0.000000	0.000000	0.000000	0.295775	25.13
0.14	4.86	0.000000	0.000000	0.000000	0.295775	25.13
0.14	5.43	0.000000	0.000000	0.000000	0.295775	25.13
0.14	6.00	0.105820	0.000000	0.000000	0.295775	25.13
0.14	6.57	0.121693	0.000000	0.000000	0.295775	25.13
0.14	7.14	0.129630	0.029101	0.006533	0.295775	25.13
0.14	7.71	0.383069	0.194738	0.098997	0.295775	25.13
0.14	8.29	0.713624	0.260047	0.094762	0.295775	25.13
0.14	8.86	0.923721	0.241843	0.063318	0.295775	25.13
0.14	9.43	0.938272	0.222522	0.052773	0.295775	25.13
0.14	10.00	0.999496	0.001553	0.000002	0.295775	25.13
0.14	10.57	0.968050	0.159748	0.026362	0.295775	25.13
0.14	11.14	1.000000	0.000000	0.000000	0.295775	25.13
0.14	11.71	0.971326	0.157053	0.025394	0.295775	25.13
0.14	12.29	0.971668	0.155183	0.024784	0.295775	25.13
0.14	12.86	0.952381	0.190515	0.038111	0.295775	25.13
0.14	13.43	1.000000	0.000000	0.000000	0.295775	25.13
0.14	14.00	1.000000	0.000000	0.000000	0.295775	25.13
0.14	14.57	1.000000	0.000000	0.000000	0.295775	25.13
0.14	15.14	1.000000	0.000000	0.000000	0.295775	25.13
0.14	15.71	1.000000	0.000000	0.000000	0.295775	25.13
0.14	16.29	0.975015	0.147815	0.022409	0.295775	25.13
0.14	16.86	1.000000	0.000000	0.000000	0.295775	25.13
0.14	17.43	1.000000	0.000000	0.000000	0.295775	25.13
0.14	18.00	1.000000	0.000000	0.000000	0.295775	25.13
0.14	18.57	1.000000	0.000000	0.000000	0.295775	25.13
0.14	19.14	1.000000	0.000000	0.000000	0.295775	25.13
0.14	19.71	1.000000	0.000000	0.000000	0.295775	25.13
0.14	20.29	1.000000	0.000000	0.000000	0.295775	25.13
0.14	20.86	1.000000	0.000000	0.000000	0.295775	25.13
0.14	21.43	1.000000	0.000000	0.000000	0.295775	25.13
0.14	22.00	1.000000	0.000000	0.000000	0.295775	25.13
0.14	22.57	1.000000	0.000000	0.000000	0.295775	25.13
0.14	23.14	1.000000	0.000000	0.000000	0.295775	25.13
0.14	23.71	1.000000	0.000000	0.000000	0.295775	25.13
0.14	24.29	1.000000	0.000000	0.000000	0.295775	25.13
0.14	24.86	1.000000	0.000000	0.000000	0.295775	25.13
0.14	25.43	1.000000	0.000000	0.000000	0.295775	25.13
0.14	26.00	1.000000	0.000000	0.000000	0.295775	25.13
0.14	26.57	1.000000	0.000000	0.000000	0.295775	25.13
0.14	27.14	1.000000	0.000000	0.000000	0.295775	25.13
0.14	27.71	1.000000	0.000000	0.000000	0.295775	25.13
0.14	28.29	1.000000	0.000000	0.000000	0.295775	25.13
0.14	28.86	1.000000	0.000000	0.000000	0.295775	25.13
0.14	29.43	1.000000	0.000000	0.000000	0.295775	25.13
0.14	30.00	1.000000	0.000000	0.000000	0.295775	25.13
0.17	2.00	0.000000	0.000000	0.000000	0.395931	25.94
0.17	2.57	0.000000	0.000000	0.000000	0.395931	25.94
0.17	3.14	0.000000	0.000000	0.000000	0.395931	25.94
0.17	3.71	0.000000	0.000000	0.000000	0.395931	25.94
0.17	4.29	0.000000	0.000000	0.000000	0.395931	25.94
0.17	4.86	0.000000	0.000000	0.000000	0.395931	25.94
0.17	5.43	0.000000	0.000000	0.000000	0.395931	25.94
0.17	6.00	0.158103	0.000000	0.000000	0.395931	25.94
0.17	6.57	0.000000	0.000000	0.000000	0.395931	25.94
0.17	7.14	0.114625	0.000000	0.000000	0.395931	25.94
0.17	7.71	0.453557	0.329209	0.238952	0.395931	25.94
0.17	8.29	0.630929	0.251260	0.100061	0.395931	25.94
0.17	8.86	0.778938	0.013566	0.000236	0.395931	25.94
0.17	9.43	0.786865	0.011441	0.000166	0.395931	25.94
0.17	10.00	0.789782	0.011077	0.000155	0.395931	25.94
0.17	10.57	0.794837	0.009445	0.000112	0.395931	25.94
0.17	11.14	0.801294	0.010716	0.000143	0.395931	25.94
0.17	11.71	0.808068	0.013255	0.000217	0.395931	25.94
0.17	12.29	0.809906	0.020877	0.000538	0.395931	25.94
0.17	12.86	0.786445	0.118408	0.017828	0.395931	25.94
0.17	13.43	0.799097	0.119602	0.017901	0.395931	25.94
0.17	14.00	0.794027	0.116334	0.017044	0.395931	25.94
0.17	14.57	0.795564	0.159615	0.032024	0.395931	25.94
0.17	15.14	0.802692	0.163303	0.033223	0.395931	25.94
0.17	15.71	0.811452	0.158771	0.031066	0.395931	25.94
0.17	16.29	0.774605	0.247685	0.079199	0.395931	25.94
0.17	16.86	0.774704	0.268160	0.092822	0.395931	25.94
0.17	17.43	0.656852	0.299558	0.136614	0.395931	25.94
0.17	18.00	0.738283	0.250965	0.085311	0.395931	25.94
0.17	18.57	0.720227	0.263224	0.096202	0.395931	25.94
0.17	19.14	0.773049	0.284880	0.104983	0.395931	25.94
0.17	19.71	0.748177	0.322486	0.139000	0.395931	25.94
0.17	20.29	0.781965	0.322506	0.133011	0.395931	25.94
0.17	20.86	0.734896	0.287638	0.112582	0.395931	25.94
0.17	21.43	0.713079	0.305005	0.130460	0.395931	25.94
0.17	22.00	0.727183	0.303690	0.126828	0.395931	25.94
0.17	22.57	0.786653	0.309092	0.121448	0.395931	25.94
0.17	23.14	0.802468	0.303766	0.114988	0.395931	25.94
0.17	23.71	0.799266	0.312499	0.122182	0.395931	25.94
0.17	24.29	0.814615	0.304302	0.113673	0.395931	25.94
0.17	24.86	0.845746	0.268990	0.085552	0.395931	25.94
0.17	25.43	0.896257	0.126408	0.017829	0.395931	25.94
0.17	26.00	0.951161	0.060347	0.003829	0.395931	25.94
0.17	26.57	0.944946	0.062777	0.004171	0.395931	25.94
0.17	27.14	0.923405	0.096959	0.010181	0.395931	25.94
0.17	27.71	0.978605	0.043953	0.001974	0.395931	25.94
0.17	28.29	0.937336	0.074773	0.005965	0.395931	25.94
0.17	28.86	0.958597	0.098927	0.010209	0.395931	25.94
0.17	29.43	0.976247	0.042164	0.001821	0.395931	25.94
0.17	30.00	0.991941	0.004613	0.000021	0.395931	25.94
0.19	2.00	0.000000	0.000000	0.000000	0.596244	27.61
0.19	2.57	0.000000	0.000000	0.000000	0.596244	27.61
0.19	3.14	0.000000	0.000000	0.000000	0.596244	27.61
0.19	3.71	0.000000	0.000000	0.000000	0.596244	27.61
0.19	4.29	0.000000	0.000000	0.000000	0.596244	27.61
0.19	4.86	0.000000	0.000000	0.000000	0.596244	27.61
0.19	5.43	0.000000	0.000000	0.000000	0.596244	27.61
0.19	6.00	0.000000	0.000000	0.000000	0.596244	27.61
0.19	6.57	0.000000	0.000000	0.000000	0.596244	27.61
0.19	7.14	0.150919	0.037373	0.009255	0.596244	27.61
0.19	7.71	0.291010	0.113382	0.044175	0.596244	27.61
0.19	8.29	0.376247	0.062135	0.010261	0.596244	27.61
0.19	8.86	0.404938	0.118018	0.034396	0.596244	27.61
0.19	9.43	0.421398	0.100199	0.023825	0.596244	27.61
0.19	10.00	0.418058	0.136552	0.044602	0.596244	27.61
0.19	10.57	0.435954	0.174098	0.069526	0.596244	27.61
0.19	11.14	0.448319	0.185078	0.076405	0.596244	27.61
0.19	11.71	0.432718	0.179054	0.074090	0.596244	27.61
0.19	12.29	0.421453	0.145604	0.050303	0.596244	27.61
0.19	12.86	0.437195	0.183706	0.077192	0.596244	27.61
0.19	13.43	0.408516	0.149544	0.054743	0.596244	27.61
0.19	14.00	0.422745	0.164283	0.063842	0.596244	27.61
0.19	14.57	0.421044	0.199079	0.094129	0.596244	27.61
0.19	15.14	0.386543	0.147496	0.056281	0.596244	27.61
0.19	15.71	0.445529	0.157699	0.055819	0.596244	27.61
0.19	16.29	0.402067	0.134842	0.045222	0.596244	27.61
0.19	16.86	0.429841	0.186399	0.080831	0.596244	27.61
0.19	17.43	0.440035	0.194347	0.085836	0.596244	27.61
0.19	18.00	0.432301	0.178759	0.073918	0.596244	27.61
0.19	18.57	0.430971	0.179359	0.074644	0.596244	27.61
0.19	19.14	0.437518	0.172649	0.068129	0.596244	27.61
0.19	19.71	0.413298	0.163098	0.064363	0.596244	27.61
0.19	20.29	0.444420	0.200845	0.090767	0.596244	27.61
0.19	20.86	0.434857	0.193882	0.086443	0.596244	27.61
0.19	21.43	0.450206	0.200531	0.089320	0.596244	27.61
0.19	22.00	0.492895	0.206102	0.086181	0.596244	27.61
0.19	22.57	0.463492	0.178930	0.069075	0.596244	27.61
0.19	23.14	0.507070	0.200037	0.078914	0.596244	27.61
0.19	23.71	0.536891	0.224851	0.094168	0.596244	27.61
0.19	24.29	0.678344	0.214824	0.068032	0.596244	27.61
0.19	24.86	0.616798	0.221249	0.079363	0.596244	27.61
0.19	25.43	0.743949	0.159843	0.034343	0.596244	27.61
0.19	26.00	0.696522	0.181028	0.047050	0.596244	27.61
0.19	26.57	0.698362	0.201472	0.058123	0.596244	27.61
0.19	27.14	0.766486	0.163388	0.034829	0.596244	27.61
0.19	27.71	0.795587	0.108751	0.014866	0.596244	27.61
0.19	28.29	0.781909	0.145271	0.026990	0.596244	27.61
0.19	28.86	0.789055	0.130066	0.021440	0.596244	27.61
0.19	29.43	0.785292	0.119393	0.018152	0.596244	27.61
0.19	30.00	0.806995	0.104976	0.013656	0.596244	27.61
0.21	2.00	0.000000	0.000000	0.000000	0.596244	28.51
0.21	2.57	0.000000	0.000000	0.000000	0.596244	28.51
0.21	3.14	0.000000	0.000000	0.000000	0.596244	28.51
0.21	3.71	0.000000	0.000000	0.000000	0.596244	28.51
0.21	4.29	0.000000	0.000000	0.000000	0.596244	28.51
0.21	4.86	0.000000	0.000000	0.000000	0.596244	28.51
0.21	5.43	0.000000	0.000000	0.000000	0.596244	28.51
0.21	6.00	0.000000	0.000000	0.000000	0.596244	28.51
0.21	6.57	0.174541	0.001312	0.000010	0.596244	28.51
0.21	7.14	0.300087	0.062931	0.013197	0.596244	28.51
0.21	7.71	0.395451	0.043569	0.004800	0.596244	28.51
0.21	8.29	0.406254	0.049109	0.005936	0.596244	28.51
0.21	8.86	0.406912	0.114534	0.032238	0.596244	28.51
0.21	9.43	0.421545	0.136617	0.044276	0.596244	28.51
0.21	10.00	0.445498	0.133156	0.039799	0.596244	28.51
0.21	10.57	0.435355	0.139294	0.044568	0.596244	28.51
0.21	11.14	0.420329	0.145443	0.050327	0.596244	28.51
0.21	11.71	0.437705	0.181498	0.075260	0.596244	28.51
0.21	12.29	0.481107	0.192107	0.076709	0.596244	28.51
0.21	12.86	0.554358	0.225062	0.091372	0.596244	28.51
0.21	13.43	0.499334	0.137595	0.037915	0.596244	28.51
0.21	14.00	0.525257	0.156408	0.046574	0.596244	28.51
0.21	14.57	0.573403	0.148147	0.038276	0.596244	28.51
0.21	15.14	0.608341	0.208540	0.071488	0.596244	28.51
0.21	15.71	0.622653	0.190985	0.058580	0.596244	28.51
0.21	16.29	0.558420	0.116455	0.024286	0.596244	28.51
0.21	16.86	0.588525	0.171851	0.050181	0.596244	28.51
0.21	17.43	0.589754	0.164520	0.045895	0.596244	28.51
0.21	18.00	0.606442	0.178493	0.052535	0.596244	28.51
0.21	18.57	0.656115	0.205047	0.064081	0.596244	28.51
0.21	19.14	0.703245	0.215080	0.065780	0.596244	28.51
0.21	19.71	0.623384	0.190663	0.058315	0.596244	28.51
0.21	20.29	0.546018	0.146850	0.039495	0.596244	28.51
0.21	20.86	0.641260	0.202232	0.063777	0.596244	28.51
0.21	21.43	0.615974	0.180195	0.052714	0.596244	28.51
0.21	22.00	0.582709	0.207312	0.073756	0.596244	28.51
0.21	22.57	0.559604	0.198875	0.070677	0.596244	28.51
0.21	23.14	0.632785	0.214320	0.072589	0.596244	28.51
0.21	23.71	0.583509	0.214374	0.078759	0.596244	28.51
0.21	24.29	0.583974	0.203658	0.071025	0.596244	28.51
0.21	24.86	0.769412	0.199164	0.051554	0.596244	28.51
0.21	25.43	0.756780	0.198038	0.051823	0.596244	28.51
0.21	26.00	0.849403	0.124379	0.018213	0.596244	28.51
0.21	26.57	0.850312	0.129584	0.019748	0.596244	28.51
0.21	27.14	0.882567	0.101366	0.011642	0.596244	28.51
0.21	27.71	0.845572	0.139584	0.023042	0.596244	28.51
0.21	28.29	0.852166	0.128628	0.019415	0.596244	28.51
0.21	28.86	0.866905	0.115759	0.015457	0.596244	28.51
0.21	29.43	0.853624	0.155449	0.028308	0.596244	28.51
0.21	30.00	0.851291	0.115397	0.015643	0.596244	28.51
0.23	2.00	0.000000	0.000000	0.000000	0.696401	28.93
0.23	2.57	0.000000	0.000000	0.000000	0.696401	28.93
0.23	3.14	0.000000	0.000000	0.000000	0.696401	28.93
0.23	3.71	0.000000	0.000000	0.000000	0.696401	28.93
0.23	4.29	0.000000	0.000000	0.000000	0.696401	28.93
0.23	4.86	0.000000	0.000000	0.000000	0.696401	28.93
0.23	5.43	0.000000	0.000000	0.000000	0.696401	28.93
0.23	6.00	0.000000	0.000000	0.000000	0.696401	28.93
0.23	6.57	0.000000	0.000000	0.000000	0.696401	28.93
0.23	7.14	0.214125	0.095504	0.042597	0.696401	28.93
0.23	7.71	0.281417	0.069923	0.017373	0.696401	28.93
0.23	8.29	0.306801	0.081045	0.021409	0.696401	28.93
0.23	8.86	0.361335	0.131375	0.047766	0.696401	28.93
0.23	9.43	0.399906	0.143614	0.051574	0.696401	28.93
0.23	10.00	0.424515	0.164546	0.063779	0.696401	28.93
0.23	10.57	0.462640	0.196459	0.083426	0.696401	28.93
0.23	11.14	0.446154	0.147035	0.048457	0.696401	28.93
0.23	11.71	0.484157	0.209587	0.090728	0.696401	28.93
0.23	12.29	0.502871	0.142828	0.040567	0.696401	28.93
0.23	12.86	0.511666	0.165619	0.053608	0.696401	28.93
0.23	13.43	0.543610	0.086071	0.013628	0.696401	28.93
0.23	14.00	0.575994	0.143395	0.035698	0.696401	28.93
0.23	14.57	0.592420	0.153520	0.039783	0.696401	28.93
0.23	15.14	0.549421	0.106779	0.020752	0.696401	28.93
0.23	15.71	0.549527	0.172954	0.054434	0.696401	28.93
0.23	16.29	0.548417	0.170273	0.052867	0.696401	28.93
0.23	16.86	0.634166	0.186101	0.054613	0.696401	28.93
0.23	17.43	0.588688	0.156304	0.041501	0.696401	28.93
0.23	18.00	0.592649	0.160766	0.043610	0.696401	28.93
0.23	18.57	0.540483	0.069948	0.009053	0.696401	28.93
0.23	19.14	0.535463	0.041941	0.003285	0.696401	28.93
0.23	19.71	0.640104	0.195160	0.059502	0.696401	28.93
0.23	20.29	0.641679	0.194785	0.059128	0.696401	28.93
0.23	20.86	0.574017	0.137011	0.032703	0.696401	28.93
0.23	21.43	0.611732	0.221082	0.079899	0.696401	28.93
0.23	22.00	0.681281	0.207124	0.062970	0.696401	28.93
0.23	22.57	0.594996	0.247808	0.103209	0.696401	28.93
0.23	23.14	0.581858	0.229170	0.090261	0.696401	28.93
0.23	23.71	0.585393	0.233413	0.093069	0.696401	28.93
0.23	24.29	0.695863	0.233851	0.078588	0.696401	28.93
0.23	24.86	0.797219	0.134455	0.022677	0.696401	28.93
0.23	25.43	0.780302	0.155818	0.031115	0.696401	28.93
0.23	26.00	0.772566	0.142351	0.026229	0.696401	28.93
0.23	26.57	0.795868	0.151481	0.028832	0.696401	28.93
0.23	27.14	0.822688	0.143694	0.025098	0.696401	28.93
0.23	27.71	0.835719	0.149690	0.026812	0.696401	28.93
0.23	28.29	0.796857	0.138502	0.024073	0.696401	28.93
0.23	28.86	0.833416	0.138611	0.023053	0.696401	28.93
0.23	29.43	0.816308	0.136664	0.022880	0.696401	28.93
0.23	30.00	0.845199	0.128957	0.019676	0.696401	28.93
0.26	2.00	0.000000	0.000000	0.000000	0.696401	29.53
0.26	2.57	0.000000	0.000000	0.000000	0.696401	29.53
0.26	3.14	0.000000	0.000000	0.000000	0.696401	29.53
0.26	3.71	0.000000	0.000000	0.000000	0.696401	29.53
0.26	4.29	0.000000	0.000000	0.000000	0.696401	29.53
0.26	4.86	0.000000	0.000000	0.000000	0.696401	29.53
0.26	5.43	0.000000	0.000000	0.000000	0.696401	29.53
0.26	6.00	0.000000	0.000000	0.000000	0.696401	29.53
0.26	6.57	0.000000	0.000000	0.000000	0.696401	29.53
0.26	7.14	0.278090	0.085399	0.026225	0.696401	29.53
0.26	7.71	0.301941	0.063084	0.013180	0.696401	29.53
0.26	8.29	0.386863	0.133046	0.045756	0.696401	29.53
0.26	8.86	0.473063	0.164554	0.057240	0.696401	29.53
0.26	9.43	0.449089	0.157855	0.055486	0.696401	29.53
0.26	10.00	0.477348	0.169206	0.059978	0.696401	29.53
0.26	10.57	0.488183	0.168056	0.057853	0.696401	29.53
0.26	11.14	0.513266	0.177921	0.061675	0.696401	29.53
0.26	11.71	0.562153	0.162965	0.047242	0.696401	29.53
0.26	12.29	0.535188	0.117311	0.025714	0.696401	29.53
0.26	12.86	0.491589	0.150816	0.046269	0.696401	29.53
0.26	13.43	0.522005	0.167670	0.053856	0.696401	29.53
0.26	14.00	0.586180	0.116806	0.023275	0.696401	29.53
0.26	14.57	0.596367	0.141815	0.033724	0.696401	29.53
0.26	15.14	0.564366	0.088136	0.013764	0.696401	29.53
0.26	15.71	0.657325	0.182041	0.050415	0.696401	29.53
0.26	16.29	0.598821	0.157739	0.041551	0.696401	29.53
0.26	16.86	0.602322	0.163538	0.044402	0.696401	29.53
0.26	17.43	0.581202	0.125341	0.027031	0.696401	29.53
0.26	18.00	0.642270	0.177031	0.048796	0.696401	29.53
0.26	18.57	0.573497	0.100843	0.017732	0.696401	29.53
0.26	19.14	0.694520	0.208314	0.062482	0.696401	29.53
0.26	19.71	0.649355	0.173072	0.046128	0.696401	29.53
0.26	20.29	0.638577	0.162784	0.041496	0.696401	29.53
0.26	20.86	0.654848	0.185452	0.052520	0.696401	29.53
0.26	21.43	0.724071	0.218342	0.065841	0.696401	29.53
0.26	22.00	0.636786	0.190676	0.057095	0.696401	29.53
0.26	22.57	0.684450	0.187617	0.051428	0.696401	29.53
0.26	23.14	0.632884	0.175715	0.048786	0.696401	29.53
0.26	23.71	0.733654	0.234331	0.074846	0.696401	29.53
0.26	24.29	0.755471	0.211213	0.059050	0.696401	29.53
0.26	24.86	0.586490	0.250240	0.106771	0.696401	29.53
0.26	25.43	0.829133	0.190451	0.043747	0.696401	29.53
0.26	26.00	0.845981	0.149371	0.026374	0.696401	29.53
0.26	26.57	0.800240	0.136409	0.023252	0.696401	29.53
0.26	27.14	0.827287	0.166893	0.033668	0.696401	29.53
0.26	27.71	0.837303	0.130543	0.020353	0.696401	29.53
0.26	28.29	0.825973	0.133516	0.021583	0.696401	29.53
0.26	28.86	0.807580	0.147298	0.026866	0.696401	29.53
0.26	29.43	0.840519	0.128806	0.019739	0.696401	29.53
0.26	30.00	0.837157	0.137326	0.022527	0.696401	29.53
0.28	2.00	0.000000	0.000000	0.000000	0.699531	30.08
0.28	2.57	0.000000	0.000000	0.000000	0.699531	30.08
0.28	3.14	0.000000	0.000000	0.000000	0.699531	30.08
0.28	3.71	0.000000	0.000000	0.000000	0.699531	30.08
0.28	4.29	0.000000	0.000000	0.000000	0.699531	30.08
0.28	4.86	0.000000	0.000000	0.000000	0.699531	30.08
0.28	5.43	0.000000	0.000000	0.000000	0.699531	30.08
0.28	6.00	0.000000	0.000000	0.000000	0.699531	30.08
0.28	6.57	0.102908	0.000000	0.000000	0.699531	30.08
0.28	7.14	0.271439	0.074965	0.020704	0.699531	30.08
0.28	7.71	0.312278	0.128197	0.052628	0.699531	30.08
0.28	8.29	0.376055	0.140638	0.052596	0.699531	30.08
0.28	8.86	0.449664	0.174394	0.067635	0.699531	30.08
0.28	9.43	0.466492	0.162176	0.056380	0.699531	30.08
0.28	10.00	0.496109	0.196744	0.078024	0.699531	30.08
0.28	10.57	0.520607	0.180258	0.062413	0.699531	30.08
0.28	11.14	0.514426	0.136210	0.036066	0.699531	30.08
0.28	11.71	0.538954	0.180275	0.060300	0.699531	30.08
0.28	12.29	0.568377	0.165230	0.048033	0.699531	30.08
0.28	12.86	0.620582	0.175231	0.049479	0.699531	30.08
0.28	13.43	0.582011	0.122215	0.025664	0.699531	30.08
0.28	14.00	0.588069	0.126617	0.027262	0.699531	30.08
0.28	14.57	0.613940	0.158273	0.040803	0.699531	30.08
0.28	15.14	0.576808	0.136622	0.032360	0.699531	30.08
0.28	15.71	0.589269	0.129974	0.028668	0.699531	30.08
0.28	16.29	0.613554	0.165675	0.044736	0.699531	30.08
0.28	16.86	0.644092	0.181679	0.051246	0.699531	30.08
0.28	17.43	0.671390	0.196456	0.057485	0.699531	30.08
0.28	18.00	0.560489	0.083438	0.012421	0.699531	30.08
0.28	18.57	0.607793	0.151384	0.037705	0.699531	30.08
0.28	19.14	0.600398	0.217567	0.078840	0.699531	30.08
0.28	19.71	0.662572	0.191125	0.055132	0.699531	30.08
0.28	20.29	0.642751	0.253549	0.100018	0.699531	30.08
0.28	20.86	0.652157	0.185976	0.053035	0.699531	30.08
0.28	21.43	0.615566	0.208227	0.070437	0.699531	30.08
0.28	22.00	0.605838	0.230988	0.088069	0.699531	30.08
0.28	22.57	0.738012	0.191422	0.049650	0.699531	30.08
0.28	23.14	0.741238	0.196371	0.052023	0.699531	30.08
0.28	23.71	0.802767	0.175211	0.038241	0.699531	30.08
0.28	24.29	0.847353	0.161584	0.030813	0.699531	30.08
0.28	24.86	0.819099	0.138687	0.023482	0.699531	30.08
0.28	25.43	0.786372	0.169464	0.036520	0.699531	30.08
0.28	26.00	0.763043	0.177246	0.041172	0.699531	30.08
0.28	26.57	0.854375	0.122160	0.017467	0.699531	30.08
0.28	27.14	0.841347	0.131325	0.020498	0.699531	30.08
0.28	27.71	0.846396	0.116900	0.016146	0.699531	30.08
0.28	28.29	0.839265	0.137208	0.022432	0.699531	30.08
0.28	28.86	0.899162	0.103191	0.011843	0.699531	30.08
0.28	29.43	0.856299	0.137992	0.022237	0.699531	30.08
0.28	30.00	0.874200	0.126011	0.018164	0.699531	30.08
0.30	2.00	0.000000	0.000000	0.000000	0.699531	30.57
0.30	2.57	0.000000	0.000000	0.000000	0.699531	30.57
0.30	3.14	0.000000	0.000000	0.000000	0.699531	30.57
0.30	3.71	0.000000	0.000000	0.000000	0.699531	30.57
0.30	4.29	0.000000	0.000000	0.000000	0.699531	30.57
0.30	4.86	0.000000	0.000000	0.000000	0.699531	30.57
0.30	5.43	0.000000	0.000000	0.000000	0.699531	30.57
0.30	6.00	0.000000	0.000000	0.000000	0.699531	30.57
0.30	6.57	0.000000	0.000000	0.000000	0.699531	30.57
0.30	7.14	0.291946	0.089688	0.027553	0.699531	30.57
0.30	7.71	0.357942	0.123598	0.042679	0.699531	30.57
0.30	8.29	0.473915	0.137833	0.040087	0.699531	30.57
0.30	8.86	0.532032	0.205587	0.079443	0.699531	30.57
0.30	9.43	0.518159	0.145609	0.040918	0.699531	30.57
0.30	10.00	0.553075	0.106538	0.020522	0.699531	30.57
0.30	10.57	0.601510	0.178684	0.053080	0.699531	30.57
0.30	11.14	0.590253	0.179002	0.054285	0.699531	30.57
0.30	11.71	0.624710	0.169211	0.045833	0.699531	30.57
0.30	12.29	0.604986	0.155740	0.040092	0.699531	30.57
0.30	12.86	0.684746	0.199586	0.058174	0.699531	30.57
0.30	13.43	0.618723	0.165946	0.044508	0.699531	30.57
0.30	14.00	0.579698	0.124400	0.026696	0.699531	30.57
0.30	14.57	0.736810	0.213199	0.061690	0.699531	30.57
0.30	15.14	0.745633	0.209264	0.058730	0.699531	30.57
0.30	15.71	0.629175	0.170271	0.046079	0.699531	30.57
0.30	16.29	0.702774	0.206300	0.060560	0.699531	30.57
0.30	16.86	0.642578	0.169961	0.044954	0.699531	30.57
0.30	17.43	0.725975	0.212542	0.062226	0.699531	30.57
0.30	18.00	0.689985	0.202813	0.059614	0.699531	30.57
0.30	18.57	0.622986	0.158925	0.040542	0.699531	30.57
0.30	19.14	0.736611	0.213677	0.061984	0.699531	30.57
0.30	19.71	0.716340	0.206105	0.059301	0.699531	30.57
0.30	20.29	0.719519	0.220660	0.067671	0.699531	30.57
0.30	20.86	0.764733	0.228909	0.068520	0.699531	30.57
0.30	21.43	0.663598	0.197631	0.058858	0.699531	30.57
0.30	22.00	0.661198	0.191040	0.055197	0.699531	30.57
0.30	22.57	0.777728	0.207113	0.055155	0.699531	30.57
0.30	23.14	0.670167	0.193783	0.056034	0.699531	30.57
0.30	23.71	0.791022	0.203406	0.052305	0.699531	30.57
0.30	24.29	0.783246	0.237289	0.071888	0.699531	30.57
0.30	24.86	0.702501	0.176676	0.044433	0.699531	30.57
0.30	25.43	0.843697	0.155001	0.028476	0.699531	30.57
0.30	26.00	0.849648	0.138760	0.022661	0.699531	30.57
0.30	26.57	0.843602	0.177382	0.037298	0.699531	30.57
0.30	27.14	0.891300	0.103267	0.011965	0.699531	30.57
0.30	27.71	0.902013	0.128613	0.018338	0.699531	30.57
0.30	28.29	0.863888	0.129121	0.019299	0.699531	30.57
0.30	28.86	0.841365	0.126021	0.018876	0.699531	30.57
0.30	29.43	0.906059	0.112346	0.013930	0.699531	30.57
0.30	30.00	0.895938	0.107583	0.012919	0.699531	30.57
0.32	2.00	0.000000	0.000000	0.000000	0.699531	31.06
0.32	2.57	0.000000	0.000000	0.000000	0.699531	31.06
0.32	3.14	0.000000	0.000000	0.000000	0.699531	31.06
0.32	3.71	0.000000	0.000000	0.000000	0.699531	31.06
0.32	4.29	0.000000	0.000000	0.000000	0.699531	31.06
0.32	4.86	0.000000	0.000000	0.000000	0.699531	31.06
0.32	5.43	0.000000	0.000000	0.000000	0.699531	31.06
0.32	6.00	0.000000	0.000000	0.000000	0.699531	31.06
0.32	6.57	0.201342	0.071238	0.025205	0.699531	31.06
0.32	7.14	0.387304	0.104102	0.027981	0.699531	31.06
0.32	7.71	0.404176	0.133254	0.043933	0.699531	31.06
0.32	8.29	0.483147	0.130400	0.035194	0.699531	31.06
0.32	8.86	0.527057	0.152004	0.043838	0.699531	31.06
0.32	9.43	0.540901	0.116292	0.025002	0.699531	31.06
0.32	10.00	0.592443	0.153103	0.039566	0.699531	31.06
0.32	10.57	0.590393	0.145472	0.035844	0.699531	31.06
0.32	11.14	0.545302	0.136454	0.034146	0.699531	31.06
0.32	11.71	0.590970	0.131460	0.029243	0.699531	31.06
0.32	12.29	0.624368	0.164950	0.043578	0.699531	31.06
0.32	12.86	0.606749	0.151746	0.037951	0.699531	31.06
0.32	13.43	0.617090	0.154317	0.038590	0.699531	31.06
0.32	14.00	0.667247	0.192780	0.055698	0.699531	31.06
0.32	14.57	0.682499	0.191620	0.053800	0.699531	31.06
0.32	15.14	0.631871	0.165818	0.043514	0.699531	31.06
0.32	15.71	0.607328	0.149738	0.036918	0.699531	31.06
0.32	16.29	0.763496	0.216537	0.061413	0.699531	31.06
0.32	16.86	0.814561	0.214829	0.056658	0.699531	31.06
0.32	17.43	0.838599	0.212149	0.053669	0.699531	31.06
0.32	18.00	0.791300	0.219468	0.060870	0.699531	31.06
0.32	18.57	0.783964	0.222994	0.063430	0.699531	31.06
0.32	19.14	0.721591	0.222216	0.068432	0.699531	31.06
0.32	19.71	0.891028	0.188259	0.039776	0.699531	31.06
0.32	20.29	0.733735	0.213753	0.062271	0.699531	31.06
0.32	20.86	0.787099	0.207761	0.054840	0.699531	31.06
0.32	21.43	0.655899	0.168845	0.043465	0.699531	31.06
0.32	22.00	0.687201	0.190230	0.052659	0.699531	31.06
0.32	22.57	0.796199	0.207057	0.053847	0.699531	31.06
0.32	23.14	0.810620	0.187452	0.043347	0.699531	31.06
0.32	23.71	0.807090	0.207539	0.053368	0.699531	31.06
0.32	24.29	0.802769	0.183993	0.042171	0.699531	31.06
0.32	24.86	0.812989	0.188076	0.043509	0.699531	31.06
0.32	25.43	0.860711	0.177301	0.036523	0.699531	31.06
0.32	26.00	0.846541	0.146543	0.025368	0.699531	31.06
0.32	26.57	0.886072	0.145532	0.023903	0.699531	31.06
0.32	27.14	0.895581	0.113806	0.014462	0.699531	31.06
0.32	27.71	0.901042	0.110034	0.013437	0.699531	31.06
0.32	28.29	0.855002	0.140542	0.023102	0.699531	31.06
0.32	28.86	0.890543	0.124136	0.017304	0.699531	31.06
0.32	29.43	0.859423	0.131833	0.020223	0.699531	31.06
0.32	30.00	0.891694	0.132074	0.019562	0.699531	31.06
0.35	2.00	0.000000	0.000000	0.000000	0.699531	31.53
0.35	2.57	0.000000	0.000000	0.000000	0.699531	31.53
0.35	3.14	0.000000	0.000000	0.000000	0.699531	31.53
0.35	3.71	0.000000	0.000000	0.000000	0.699531	31.53
0.35	4.29	0.000000	0.000000	0.000000	0.699531	31.53
0.35	4.86	0.000000	0.000000	0.000000	0.699531	31.53
0.35	5.43	0.000000	0.000000	0.000000	0.699531	31.53
0.35	6.00	0.000000	0.000000	0.000000	0.699531	31.53
0.35	6.57	0.000000	0.000000	0.000000	0.699531	31.53
0.35	7.14	0.326622	0.083670	0.021434	0.699531	31.53
0.35	7.71	0.440157	0.117403	0.031315	0.699531	31.53
0.35	8.29	0.476179	0.114393	0.027481	0.699531	31.53
0.35	8.86	0.519725	0.093143	0.016693	0.699531	31.53
0.35	9.43	0.532105	0.075414	0.010688	0.699531	31.53
0.35	10.00	0.574992	0.132734	0.030641	0.699531	31.53
0.35	10.57	0.595880	0.169003	0.047932	0.699531	31.53
0.35	11.14	0.638417	0.181659	0.051690	0.699531	31.53
0.35	11.71	0.610379	0.159837	0.041856	0.699531	31.53
0.35	12.29	0.701604	0.203608	0.059088	0.699531	31.53
0.35	12.86	0.748546	0.221345	0.065452	0.699531	31.53
0.35	13.43	0.749584	0.227940	0.069314	0.699531	31.53
0.35	14.00	0.728561	0.222931	0.068214	0.699531	31.53
0.35	14.57	0.679037	0.203441	0.060952	0.699531	31.53
0.35	15.14	0.692288	0.203829	0.060013	0.699531	31.53
0.35	15.71	0.736064	0.218875	0.065084	0.699531	31.53
0.35	16.29	0.720403	0.217496	0.065664	0.699531	31.53
0.35	16.86	0.772833	0.220942	0.063164	0.699531	31.53
0.35	17.43	0.752582	0.214135	0.060929	0.699531	31.53
0.35	18.00	0.811285	0.221203	0.060313	0.699531	31.53
0.35	18.57	0.746490	0.217221	0.063209	0.699531	31.53
0.35	19.14	0.814214	0.215362	0.056964	0.699531	31.53
0.35	19.71	0.791185	0.217833	0.059975	0.699531	31.53
0.35	20.29	0.924825	0.160441	0.027834	0.699531	31.53
0.35	20.86	0.774101	0.214099	0.059215	0.699531	31.53
0.35	21.43	0.774745	0.221993	0.063609	0.699531	31.53
0.35	22.00	0.815900	0.218159	0.058332	0.699531	31.53
0.35	22.57	0.775483	0.230352	0.068425	0.699531	31.53
0.35	23.14	0.903614	0.174362	0.033645	0.699531	31.53
0.35	23.71	0.869720	0.180526	0.037471	0.699531	31.53
0.35	24.29	0.815094	0.201294	0.049711	0.699531	31.53
0.35	24.86	0.862451	0.186289	0.040238	0.699531	31.53
0.35	25.43	0.825775	0.195001	0.046048	0.699531	31.53
0.35	26.00	0.908782	0.117167	0.015106	0.699531	31.53
0.35	26.57	0.899557	0.118704	0.015664	0.699531	31.53
0.35	27.14	0.836252	0.146774	0.025761	0.699531	31.53
0.35	27.71	0.912837	0.105236	0.012132	0.699531	31.53
0.35	28.29	0.866377	0.137453	0.021807	0.699531	31.53
0.35	28.86	0.887306	0.115925	0.015145	0.699531	31.53
0.35	29.43	0.874282	0.121227	0.016809	0.699531	31.53
0.35	30.00	0.925573	0.093926	0.009531	0.699531	31.53
0.37	2.00	0.000000	0.000000	0.000000	0.699531	32.03
0.37	2.57	0.000000	0.000000	0.000000	0.699531	32.03
0.37	3.14	0.000000	0.000000	0.000000	0.699531	32.03
0.37	3.71	0.000000	0.000000	0.000000	0.699531	32.03
0.37	4.29	0.000000	0.000000	0.000000	0.699531	32.03
0.37	4.86	0.000000	0.000000	0.000000	0.699531	32.03
0.37	5.43	0.000000	0.000000	0.000000	0.699531	32.03
0.37	6.00	0.000000	0.000000	0.000000	0.699531	32.03
0.37	6.57	0.000000	0.000000	0.000000	0.699531	32.03
0.37	7.14	0.366890	0.164912	0.074126	0.699531	32.03
0.37	7.71	0.480513	0.057416	0.006861	0.699531	32.03
0.37	8.29	0.520726	0.091913	0.016224	0.699531	32.03
0.37	8.86	0.538564	0.101722	0.019213	0.699531	32.03
0.37	9.43	0.576063	0.185663	0.059839	0.699531	32.03
0.37	10.00	0.656162	0.181288	0.050087	0.699531	32.03
0.37	10.57	0.699003	0.210417	0.063340	0.699531	32.03
0.37	11.14	0.686277	0.209094	0.063706	0.699531	32.03
0.37	11.71	0.651752	0.194399	0.057984	0.699531	32.03
0.37	12.29	0.780597	0.216115	0.059833	0.699531	32.03
0.37	12.86	0.702233	0.212402	0.064244	0.699531	32.03
0.37	13.43	0.674411	0.201332	0.060103	0.699531	32.03
0.37	14.00	0.674433	0.196538	0.057273	0.699531	32.03
0.37	14.57	0.796275	0.223853	0.062931	0.699531	32.03
0.37	15.14	0.658776	0.194195	0.057245	0.699531	32.03
0.37	15.71	0.826284	0.215731	0.056324	0.699531	32.03
0.37	16.29	0.777381	0.221702	0.063227	0.699531	32.03
0.37	16.86	0.686016	0.195630	0.055787	0.699531	32.03
0.37	17.43	0.820301	0.214309	0.055989	0.699531	32.03
0.37	18.00	0.781879	0.219606	0.061681	0.699531	32.03
0.37	18.57	0.808849	0.220161	0.059926	0.699531	32.03
0.37	19.14	0.826804	0.214385	0.055589	0.699531	32.03
0.37	19.71	0.778669	0.222188	0.063400	0.699531	32.03
0.37	20.29	0.914989	0.174834	0.033407	0.699531	32.03
0.37	20.86	0.946120	0.141585	0.021188	0.699531	32.03
0.37	21.43	0.769821	0.203583	0.053839	0.699531	32.03
0.37	22.00	0.787060	0.230383	0.067436	0.699531	32.03
0.37	22.57	0.788502	0.222610	0.062847	0.699531	32.03
0.37	23.14	0.844170	0.201965	0.048319	0.699531	32.03
0.37	23.71	0.889688	0.175628	0.034670	0.699531	32.03
0.37	24.29	0.866465	0.167978	0.032565	0.699531	32.03
0.37	24.86	0.876321	0.144536	0.023839	0.699531	32.03
0.37	25.43	0.897796	0.171363	0.032708	0.699531	32.03
0.37	26.00	0.902041	0.121180	0.016279	0.699531	32.03
0.37	26.57	0.923667	0.107894	0.012603	0.699531	32.03
0.37	27.14	0.937930	0.096949	0.010021	0.699531	32.03
0.37	27.71	0.933089	0.114065	0.013944	0.699531	32.03
0.37	28.29	0.899888	0.135588	0.020429	0.699531	32.03
0.37	28.86	0.916631	0.120941	0.015957	0.699531	32.03
0.37	29.43	0.940057	0.106018	0.011956	0.699531	32.03
0.37	30.00	0.930241	0.108722	0.012707	0.699531	32.03
0.39	2.00	0.000000	0.000000	0.000000	0.699531	32.47
0.39	2.57	0.000000	0.000000	0.000000	0.699531	32.47
0.39	3.14	0.000000	0.000000	0.000000	0.699531	32.47
0.39	3.71	0.000000	0.000000	0.000000	0.699531	32.47
0.39	4.29	0.000000	0.000000	0.000000	0.699531	32.47
0.39	4.86	0.000000	0.000000	0.000000	0.699531	32.47
0.39	5.43	0.000000	0.000000	0.000000	0.699531	32.47
0.39	6.00	0.000000	0.000000	0.000000	0.699531	32.47
0.39	6.57	0.158837	0.000000	0.000000	0.699531	32.47
0.39	7.14	0.359433	0.158514	0.069907	0.699531	32.47
0.39	7.71	0.539523	0.127412	0.030089	0.699531	32.47
0.39	8.29	0.562500	0.112899	0.022660	0.699531	32.47
0.39	8.86	0.655609	0.187366	0.053547	0.699531	32.47
0.39	9.43	0.730860	0.185842	0.047255	0.699531	32.47
0.39	10.00	0.790592	0.214331	0.058106	0.699531	32.47
0.39	10.57	0.692686	0.212556	0.065224	0.699531	32.47
0.39	11.14	0.733104	0.220459	0.066297	0.699531	32.47
0.39	11.71	0.748017	0.224114	0.067147	0.699531	32.47
0.39	12.29	0.709458	0.214502	0.064854	0.699531	32.47
0.39	12.86	0.724309	0.214513	0.063531	0.699531	32.47
0.39	13.43	0.729172	0.221910	0.067534	0.699531	32.47
0.39	14.00	0.743871	0.223102	0.066913	0.699531	32.47
0.39	14.57	0.700912	0.206961	0.061110	0.699531	32.47
0.39	15.14	0.777827	0.221585	0.063124	0.699531	32.47
0.39	15.71	0.809993	0.222546	0.061145	0.699531	32.47
0.39	16.29	0.701686	0.204427	0.059557	0.699531	32.47
0.39	16.86	0.855623	0.208121	0.050623	0.699531	32.47
0.39	17.43	0.724832	0.214903	0.063716	0.699531	32.47
0.39	18.00	0.760859	0.217765	0.062327	0.699531	32.47
0.39	18.57	0.850280	0.200040	0.047062	0.699531	32.47
0.39	19.14	0.852181	0.205988	0.049791	0.699531	32.47
0.39	19.71	0.831808	0.210652	0.053347	0.699531	32.47
0.39	20.29	1.000000	0.000000	0.000000	0.699531	32.47
0.39	20.86	1.000000	0.000000	0.000000	0.699531	32.47
0.39	21.43	1.000000	0.000000	0.000000	0.699531	32.47
0.39	22.00	0.838524	0.206599	0.050902	0.699531	32.47
0.39	22.57	0.834476	0.208163	0.051927	0.699531	32.47
0.39	23.14	0.791021	0.186844	0.044133	0.699531	32.47
0.39	23.71	0.905232	0.173205	0.033141	0.699531	32.47
0.39	24.29	0.857045	0.159670	0.029747	0.699531	32.47
0.39	24.86	0.882872	0.123123	0.017171	0.699531	32.47
0.39	25.43	0.929828	0.080430	0.006957	0.699531	32.47
0.39	26.00	0.878143	0.122255	0.017020	0.699531	32.47
0.39	26.57	0.938924	0.119811	0.015288	0.699531	32.47
0.39	27.14	0.979843	0.057888	0.003420	0.699531	32.47
0.39	27.71	0.911089	0.150937	0.025005	0.699531	32.47
0.39	28.29	0.901464	0.147542	0.024148	0.699531	32.47
0.39	28.86	0.982711	0.064612	0.004248	0.699531	32.47
0.39	29.43	0.938002	0.136511	0.019867	0.699531	32.47
0.39	30.00	0.929130	0.094830	0.009679	0.699531	32.47
0.41	2.00	0.000000	0.000000	0.000000	0.699531	32.94
0.41	2.57	0.000000	0.000000	0.000000	0.699531	32.94
0.41	3.14	0.000000	0.000000	0.000000	0.699531	32.94
0.41	3.71	0.000000	0.000000	0.000000	0.699531	32.94
0.41	4.29	0.000000	0.000000	0.000000	0.699531	32.94
0.41	4.86	0.000000	0.000000	0.000000	0.699531	32.94
0.41	5.43	0.000000	0.000000	0.000000	0.699531	32.94
0.41	6.00	0.000000	0.000000	0.000000	0.699531	32.94
0.41	6.57	0.000000	0.000000	0.000000	0.699531	32.94
0.41	7.14	0.268084	0.139065	0.072139	0.699531	32.94
0.41	7.71	0.496964	0.176956	0.063009	0.699531	32.94
0.41	8.29	0.536987	0.098156	0.017942	0.699531	32.94
0.41	8.86	0.668904	0.165460	0.040928	0.699531	32.94
0.41	9.43	0.694331	0.220167	0.069813	0.699531	32.94
0.41	10.00	0.726742	0.217946	0.065361	0.699531	32.94
0.41	10.57	0.690877	0.205308	0.061011	0.699531	32.94
0.41	11.14	0.861539	0.194932	0.044105	0.699531	32.94
0.41	11.71	0.809151	0.213040	0.056091	0.699531	32.94
0.41	12.29	0.849776	0.212095	0.052937	0.699531	32.94
0.41	12.86	0.678628	0.205860	0.062447	0.699531	32.94
0.41	13.43	0.821809	0.214492	0.055982	0.699531	32.94
0.41	14.00	0.692584	0.199705	0.057585	0.699531	32.94
0.41	14.57	0.703911	0.202458	0.058231	0.699531	32.94
0.41	15.14	0.796712	0.218262	0.059794	0.699531	32.94
0.41	15.71	0.818741	0.208989	0.053346	0.699531	32.94
0.41	16.29	0.733342	0.211388	0.060933	0.699531	32.94
0.41	16.86	0.829368	0.213065	0.054737	0.699531	32.94
0.41	17.43	0.836793	0.209926	0.052664	0.699531	32.94
0.41	18.00	0.888379	0.182579	0.037523	0.699531	32.94
0.41	18.57	0.753635	0.220539	0.064537	0.699531	32.94
0.41	19.14	0.791363	0.218045	0.060078	0.699531	32.94
0.41	19.71	0.750902	0.216045	0.062159	0.699531	32.94
0.41	20.29	0.895208	0.188383	0.039642	0.699531	32.94
0.41	20.86	1.000000	0.000000	0.000000	0.699531	32.94
0.41	21.43	0.986158	0.077193	0.006042	0.699531	32.94
0.41	22.00	0.788372	0.223511	0.063367	0.699531	32.94
0.41	22.57	0.791393	0.185758	0.043602	0.699531	32.94
0.41	23.14	0.996465	0.021868	0.000480	0.699531	32.94
0.41	23.71	0.944652	0.133170	0.018773	0.699531	32.94
0.41	24.29	0.885714	0.180322	0.036712	0.699531	32.94
0.41	24.86	0.892925	0.154412	0.026702	0.699531	32.94
0.41	25.43	0.969464	0.084307	0.007332	0.699531	32.94
0.41	26.00	0.975975	0.049974	0.002559	0.699531	32.94
0.41	26.57	0.976781	0.062359	0.003981	0.699531	32.94
0.41	27.14	0.979089	0.066640	0.004536	0.699531	32.94
0.41	27.71	0.976787	0.060831	0.003788	0.699531	32.94
0.41	28.29	0.959030	0.082201	0.007046	0.699531	32.94
0.41	28.86	0.968483	0.074065	0.005664	0.699531	32.94
0.41	29.43	0.951522	0.089806	0.008476	0.699531	32.94
0.41	30.00	0.945271	0.087301	0.008063	0.699531	32.94
0.44	2.00	0.000000	0.000000	0.000000	0.699531	33.33
0.44	2.57	0.000000	0.000000	0.000000	0.699531	33.33
0.44	3.14	0.000000	0.000000	0.000000	0.699531	33.33
0.44	3.71	0.000000	0.000000	0.000000	0.699531	33.33
0.44	4.29	0.000000	0.000000	0.000000	0.699531	33.33
0.44	4.86	0.000000	0.000000	0.000000	0.699531	33.33
0.44	5.43	0.000000	0.000000	0.000000	0.699531	33.33
0.44	6.00	0.000000	0.000000	0.000000	0.699531	33.33
0.44	6.57	0.333333	0.006711	0.000135	0.699531	33.33
0.44	7.14	0.365101	0.154154	0.065088	0.699531	33.33
0.44	7.71	0.548625	0.049744	0.004510	0.699531	33.33
0.44	8.29	0.811572	0.160457	0.031724	0.699531	33.33
0.44	8.86	0.739554	0.206882	0.057873	0.699531	33.33
0.44	9.43	0.772185	0.236170	0.072232	0.699531	33.33
0.44	10.00	0.660731	0.206852	0.064758	0.699531	33.33
0.44	10.57	0.661918	0.196226	0.058171	0.699531	33.33
0.44	11.14	0.667534	0.200731	0.060361	0.699531	33.33
0.44	11.71	0.778263	0.215066	0.059432	0.699531	33.33
0.44	12.29	0.777181	0.222760	0.063849	0.699531	33.33
0.44	12.86	0.720761	0.211898	0.062296	0.699531	33.33
0.44	13.43	0.718669	0.207034	0.059642	0.699531	33.33
0.44	14.00	0.782414	0.215570	0.059394	0.699531	33.33
0.44	14.57	0.730494	0.216511	0.064172	0.699531	33.33
0.44	15.14	0.691275	0.203454	0.059880	0.699531	33.33
0.44	15.71	0.829012	0.208383	0.052380	0.699531	33.33
0.44	16.29	0.818995	0.212679	0.055229	0.699531	33.33
0.44	16.86	0.758846	0.212025	0.059241	0.699531	33.33
0.44	17.43	0.776858	0.218977	0.061724	0.699531	33.33
0.44	18.00	0.788544	0.214655	0.058433	0.699531	33.33
0.44	18.57	1.000000	0.000000	0.000000	0.699531	33.33
0.44	19.14	0.851039	0.207737	0.050708	0.699531	33.33
0.44	19.71	0.957141	0.127087	0.016874	0.699531	33.33
0.44	20.29	0.781981	0.207561	0.055093	0.699531	33.33
0.44	20.86	0.647611	0.158902	0.038989	0.699531	33.33
0.44	21.43	0.999966	0.000275	0.000000	0.699531	33.33
0.44	22.00	0.963355	0.119288	0.014771	0.699531	33.33
0.44	22.57	1.000000	0.000000	0.000000	0.699531	33.33
0.44	23.14	0.945638	0.063935	0.004323	0.699531	33.33
0.44	23.71	0.911619	0.164637	0.029733	0.699531	33.33
0.44	24.29	0.931042	0.131843	0.018670	0.699531	33.33
0.44	24.86	0.896042	0.162893	0.029613	0.699531	33.33
0.44	25.43	0.994699	0.031203	0.000979	0.699531	33.33
0.44	26.00	0.990463	0.053048	0.002841	0.699531	33.33
0.44	26.57	0.995664	0.034173	0.001173	0.699531	33.33
0.44	27.14	0.965755	0.085363	0.007545	0.699531	33.33
0.44	27.71	0.961649	0.080326	0.006710	0.699531	33.33
0.44	28.29	0.940420	0.099571	0.010543	0.699531	33.33
0.44	28.86	0.943562	0.096343	0.009837	0.699531	33.33
0.44	29.43	0.979784	0.063142	0.004069	0.699531	33.33
0.44	30.00	0.972906	0.075792	0.005904	0.699531	33.33
0.46	2.00	0.000000	0.000000	0.000000	0.699531	33.75
0.46	2.57	0.000000	0.000000	0.000000	0.699531	33.75
0.46	3.14	0.000000	0.000000	0.000000	0.699531	33.75
0.46	3.71	0.000000	0.000000	0.000000	0.699531	33.75
0.46	4.29	0.000000	0.000000	0.000000	0.699531	33.75
0.46	4.86	0.000000	0.000000	0.000000	0.699531	33.75
0.46	5.43	0.000000	0.000000	0.000000	0.699531	33.75
0.46	6.00	0.000000	0.000000	0.000000	0.699531	33.75
0.46	6.57	0.352349	0.099553	0.028128	0.699531	33.75
0.46	7.14	0.454139	0.186535	0.076619	0.699531	33.75
0.46	7.71	0.723962	0.165369	0.037774	0.699531	33.75
0.46	8.29	0.745049	0.185933	0.046401	0.699531	33.75
0.46	8.86	0.819281	0.232621	0.066049	0.699531	33.75
0.46	9.43	0.853468	0.223875	0.058725	0.699531	33.75
0.46	10.00	0.763367	0.214627	0.060344	0.699531	33.75
0.46	10.57	0.885036	0.183240	0.037938	0.699531	33.75
0.46	11.14	1.000000	0.000000	0.000000	0.699531	33.75
0.46	11.71	0.999934	0.000378	0.000000	0.699531	33.75
0.46	12.29	1.000000	0.000000	0.000000	0.699531	33.75
0.46	12.86	0.999680	0.001526	0.000002	0.699531	33.75
0.46	13.43	0.999808	0.001118	0.000001	0.699531	33.75
0.46	14.00	1.000000	0.000000	0.000000	0.699531	33.75
0.46	14.57	1.000000	0.000000	0.000000	0.699531	33.75
0.46	15.14	1.000000	0.000000	0.000000	0.699531	33.75
0.46	15.71	1.000000	0.000000	0.000000	0.699531	33.75
0.46	16.29	1.000000	0.000000	0.000000	0.699531	33.75
0.46	16.86	1.000000	0.000000	0.000000	0.699531	33.75
0.46	17.43	1.000000	0.000000	0.000000	0.699531	33.75
0.46	18.00	1.000000	0.000000	0.000000	0.699531	33.75
0.46	18.57	1.000000	0.000000	0.000000	0.699531	33.75
0.46	19.14	1.000000	0.000000	0.000000	0.699531	33.75
0.46	19.71	1.000000	0.000000	0.000000	0.699531	33.75
0.46	20.29	1.000000	0.000000	0.000000	0.699531	33.75
0.46	20.86	1.000000	0.000000	0.000000	0.699531	33.75
0.46	21.43	0.812273	0.212135	0.055402	0.699531	33.75
0.46	22.00	0.822769	0.206730	0.051943	0.699531	33.75
0.46	22.57	1.000000	0.000000	0.000000	0.699531	33.75
0.46	23.14	1.000000	0.000000	0.000000	0.699531	33.75
0.46	23.71	0.963810	0.086321	0.007731	0.699531	33.75
0.46	24.29	0.926946	0.142504	0.021908	0.699531	33.75
0.46	24.86	0.984109	0.048076	0.002349	0.699531	33.75
0.46	25.43	0.937974	0.119998	0.015352	0.699531	33.75
0.46	26.00	0.926605	0.111215	0.013348	0.699531	33.75
0.46	26.57	0.995930	0.020467	0.000421	0.699531	33.75
0.46	27.14	0.973024	0.067301	0.004655	0.699531	33.75
0.46	27.71	0.994450	0.034200	0.001176	0.699531	33.75
0.46	28.29	0.988957	0.034471	0.001202	0.699531	33.75
0.46	28.86	0.988410	0.039786	0.001601	0.699531	33.75
0.46	29.43	0.990982	0.040589	0.001662	0.699531	33.75
0.46	30.00	0.949419	0.092790	0.009069	0.699531	33.75
0.48	2.00	0.000000	0.000000	0.000000	0.699531	34.19
0.48	2.57	0.000000	0.000000	0.000000	0.699531	34.19
0.48	3.14	0.000000	0.000000	0.000000	0.699531	34.19
0.48	3.71	0.000000	0.000000	0.000000	0.699531	34.19
0.48	4.29	0.000000	0.000000	0.000000	0.699531	34.19
0.48	4.86	0.000000	0.000000	0.000000	0.699531	34.19
0.48	5.43	0.154362	0.000000	0.000000	0.699531	34.19
0.48	6.00	0.231544	0.101790	0.044748	0.699531	34.19
0.48	6.57	0.362416	0.129561	0.046317	0.699531	34.19
0.48	7.14	0.520294	0.104137	0.020843	0.699531	34.19
0.48	7.71	0.715884	0.254609	0.090554	0.699531	34.19
0.48	8.29	0.785861	0.204497	0.053214	0.699531	34.19
0.48	8.86	0.978076	0.090551	0.008383	0.699531	34.19
0.48	9.43	0.989046	0.039368	0.001567	0.699531	34.19
0.48	10.00	0.999720	0.000740	0.000001	0.699531	34.19
0.48	10.57	1.000000	0.000000	0.000000	0.699531	34.19
0.48	11.14	1.000000	0.000000	0.000000	0.699531	34.19
0.48	11.71	1.000000	0.000000	0.000000	0.699531	34.19
0.48	12.29	1.000000	0.000000	0.000000	0.699531	34.19
0.48	12.86	1.000000	0.000000	0.000000	0.699531	34.19
0.48	13.43	1.000000	0.000000	0.000000	0.699531	34.19
0.48	14.00	1.000000	0.000000	0.000000	0.699531	34.19
0.48	14.57	1.000000	0.000000	0.000000	0.699531	34.19
0.48	15.14	1.000000	0.000000	0.000000	0.699531	34.19
0.48	15.71	1.000000	0.000000	0.000000	0.699531	34.19
0.48	16.29	1.000000	0.000000	0.000000	0.699531	34.19
0.48	16.86	1.000000	0.000000	0.000000	0.699531	34.19
0.48	17.43	1.000000	0.000000	0.000000	0.699531	34.19
0.48	18.00	1.000000	0.000000	0.000000	0.699531	34.19
0.48	18.57	1.000000	0.000000	0.000000	0.699531	34.19
0.48	19.14	1.000000	0.000000	0.000000	0.699531	34.19
0.48	19.71	1.000000	0.000000	0.000000	0.699531	34.19
0.48	20.29	1.000000	0.000000	0.000000	0.699531	34.19
0.48	20.86	1.000000	0.000000	0.000000	0.699531	34.19
0.48	21.43	0.994147	0.049667	0.002481	0.699531	34.19
0.48	22.00	0.974839	0.093652	0.008997	0.699531	34.19
0.48	22.57	0.918980	0.157216	0.026896	0.699531	34.19
0.48	23.14	0.988286	0.064212	0.004172	0.699531	34.19
0.48	23.71	0.896604	0.167674	0.031357	0.699531	34.19
0.48	24.29	0.992195	0.052219	0.002748	0.699531	34.19
0.48	24.86	0.981007	0.074158	0.005606	0.699531	34.19
0.48	25.43	0.914230	0.119227	0.015549	0.699531	34.19
0.48	26.00	0.941041	0.100317	0.010694	0.699531	34.19
0.48	26.57	0.998363	0.016044	0.000258	0.699531	34.19
0.48	27.14	0.983200	0.059903	0.003650	0.699531	34.19
0.48	27.71	0.975203	0.049090	0.002471	0.699531	34.19
0.48	28.29	0.973977	0.061365	0.003866	0.699531	34.19
0.48	28.86	0.958009	0.083076	0.007204	0.699531	34.19
0.48	29.43	0.974313	0.069966	0.005024	0.699531	34.19
0.48	30.00	0.956965	0.086486	0.007816	0.699531	34.19
0.50	2.00	0.000000	0.000000	0.000000	0.699531	34.57
0.50	2.57	0.000000	0.000000	0.000000	0.699531	34.57
0.50	3.14	0.000000	0.000000	0.000000	0.699531	34.57
0.50	3.71	0.000000	0.000000	0.000000	0.699531	34.57
0.50	4.29	0.000000	0.000000	0.000000	0.699531	34.57
0.50	4.86	0.000000	0.000000	0.000000	0.699531	34.57
0.50	5.43	0.000000	0.000000	0.000000	0.699531	34.57
0.50	6.00	0.000000	0.000000	0.000000	0.699531	34.57
0.50	6.57	0.000000	0.000000	0.000000	0.699531	34.57
0.50	7.14	0.606264	0.064780	0.006922	0.699531	34.57
0.50	7.71	0.801239	0.185581	0.042984	0.699531	34.57
0.50	8.29	0.997254	0.006216	0.000039	0.699531	34.57
0.50	8.86	0.999751	0.001267	0.000002	0.699531	34.57
0.50	9.43	1.000000	0.000000	0.000000	0.699531	34.57
0.50	10.00	1.000000	0.000000	0.000000	0.699531	34.57
0.50	10.57	1.000000	0.000000	0.000000	0.699531	34.57
0.50	11.14	1.000000	0.000000	0.000000	0.699531	34.57
0.50	11.71	1.000000	0.000000	0.000000	0.699531	34.57
0.50	12.29	1.000000	0.000000	0.000000	0.699531	34.57
0.50	12.86	1.000000	0.000000	0.000000	0.699531	34.57
0.50	13.43	1.000000	0.000000	0.000000	0.699531	34.57
0.50	14.00	1.000000	0.000000	0.000000	0.699531	34.57
0.50	14.57	1.000000	0.000000	0.000000	0.699531	34.57
0.50	15.14	1.000000	0.000000	0.000000	0.699531	34.57
0.50	15.71	1.000000	0.000000	0.000000	0.699531	34.57
0.50	16.29	1.000000	0.000000	0.000000	0.699531	34.57
0.50	16.86	1.000000	0.000000	0.000000	0.699531	34.57
0.50	17.43	1.000000	0.000000	0.000000	0.699531	34.57
0.50	18.00	1.000000	0.000000	0.000000	0.699531	34.57
0.50	18.57	1.000000	0.000000	0.000000	0.699531	34.57
0.50	19.14	1.000000	0.000000	0.000000	0.699531	34.57
0.50	19.71	1.000000	0.000000	0.000000	0.699531	34.57
0.50	20.29	1.000000	0.000000	0.000000	0.699531	34.57
0.50	20.86	0.978702	0.089959	0.008269	0.699531	34.57
0.50	21.43	1.000000	0.000000	0.000000	0.699531	34.57
0.50	22.00	0.933649	0.150008	0.024102	0.699531	34.57
0.50	22.57	0.938271	0.138095	0.020325	0.699531	34.57
0.50	23.14	1.000000	0.000000	0.000000	0.699531	34.57
0.50	23.71	0.915308	0.159110	0.027658	0.699531	34.57
0.50	24.29	0.949020	0.114977	0.013930	0.699531	34.57
0.50	24.86	1.000000	0.000000	0.000000	0.699531	34.57
0.50	25.43	0.975764	0.081335	0.006780	0.699531	34.57
0.50	26.00	0.981967	0.066081	0.004447	0.699531	34.57
0.50	26.57	0.972211	0.083440	0.007161	0.699531	34.57
0.50	27.14	1.000000	0.000000	0.000000	0.699531	34.57
0.50	27.71	0.959455	0.082229	0.007047	0.699531	34.57
0.50	28.29	0.975731	0.068706	0.004838	0.699531	34.57
0.50	28.86	0.950311	0.077395	0.006303	0.699531	34.57
0.50	29.43	0.980274	0.054721	0.003055	0.699531	34.57
0.50	30.00	0.958333	0.081150	0.006872	0.699531	34.57
0.53	2.00	0.000000	0.000000	0.000000	0.799687	33.75
0.53	2.57	0.000000	0.000000	0.000000	0.799687	33.75
0.53	3.14	0.000000	0.000000	0.000000	0.799687	33.75
0.53	3.71	0.000000	0.000000	0.000000	0.799687	33.75
0.53	4.29	0.000000	0.000000	0.000000	0.799687	33.75
0.53	4.86	0.000000	0.000000	0.000000	0.799687	33.75
0.53	5.43	0.000000	0.000000	0.000000	0.799687	33.75
0.53	6.00	0.000000	0.000000	0.000000	0.799687	33.75
0.53	6.57	0.156556	0.000000	0.000000	0.799687	33.75
0.53	7.14	0.593933	0.195239	0.064179	0.799687	33.75
0.53	7.71	0.880259	0.003543	0.000014	0.799687	33.75
0.53	8.29	0.882138	0.003729	0.000016	0.799687	33.75
0.53	8.86	0.883960	0.003907	0.000017	0.799687	33.75
0.53	9.43	0.886758	0.007300	0.000060	0.799687	33.75
0.53	10.00	0.887444	0.009777	0.000108	0.799687	33.75
0.53	10.57	0.862421	0.134928	0.021110	0.799687	33.75
0.53	11.14	0.884184	0.005545	0.000035	0.799687	33.75
0.53	11.71	0.888224	0.015422	0.000268	0.799687	33.75
0.53	12.29	0.888622	0.010412	0.000122	0.799687	33.75
0.53	12.86	0.828140	0.206943	0.051713	0.799687	33.75
0.53	13.43	0.793542	0.274550	0.094989	0.799687	33.75
0.53	14.00	0.740971	0.314132	0.133175	0.799687	33.75
0.53	14.57	0.728555	0.331194	0.150558	0.799687	33.75
0.53	15.14	0.732834	0.322226	0.141683	0.799687	33.75
0.53	15.71	0.809306	0.271260	0.090920	0.799687	33.75
0.53	16.29	0.800565	0.292131	0.106601	0.799687	33.75
0.53	16.86	0.715264	0.331994	0.154097	0.799687	33.75
0.53	17.43	0.911460	0.185783	0.037868	0.799687	33.75
0.53	18.00	0.719597	0.358703	0.178805	0.799687	33.75
0.53	18.57	0.820490	0.244560	0.072895	0.799687	33.75
0.53	19.14	0.803727	0.298905	0.111162	0.799687	33.75
0.53	19.71	0.843996	0.193079	0.044170	0.799687	33.75
0.53	20.29	0.775567	0.196507	0.049789	0.799687	33.75
0.53	20.86	0.745760	0.220240	0.065042	0.799687	33.75
0.53	21.43	0.810821	0.240169	0.071139	0.799687	33.75
0.53	22.00	0.776631	0.178232	0.040903	0.799687	33.75
0.53	22.57	0.876902	0.104646	0.012488	0.799687	33.75
0.53	23.14	0.878911	0.078382	0.006990	0.799687	33.75
0.53	23.71	0.858804	0.105414	0.012939	0.799687	33.75
0.53	24.29	0.830297	0.135999	0.022276	0.799687	33.75
0.53	24.86	0.892994	0.054425	0.003317	0.799687	33.75
0.53	25.43	0.901707	0.042797	0.002031	0.799687	33.75
0.53	26.00	0.902117	0.057473	0.003662	0.799687	33.75
0.53	26.57	0.897260	0.049278	0.002706	0.799687	33.75
0.53	27.14	0.902556	0.050902	0.002871	0.799687	33.75
0.53	27.71	0.888573	0.081348	0.007447	0.799687	33.75
0.53	28.29	0.903683	0.053177	0.003129	0.799687	33.75
0.53	28.86	0.868870	0.099332	0.011356	0.799687	33.75
0.53	29.43	0.882988	0.074137	0.006225	0.799687	33.75
0.53	30.00	0.862455	0.090339	0.009463	0.799687	33.75
0.55	2.00	0.000000	0.000000	0.000000	0.799687	34.08
0.55	2.57	0.000000	0.000000	0.000000	0.799687	34.08
0.55	3.14	0.000000	0.000000	0.000000	0.799687	34.08
0.55	3.71	0.000000	0.000000	0.000000	0.799687	34.08
0.55	4.29	0.000000	0.000000	0.000000	0.799687	34.08
0.55	4.86	0.000000	0.000000	0.000000	0.799687	34.08
0.55	5.43	0.000000	0.000000	0.000000	0.799687	34.08
0.55	6.00	0.442270	0.000000	0.000000	0.799687	34.08
0.55	6.57	0.537182	0.306774	0.175193	0.799687	34.08
0.55	7.14	0.660025	0.297120	0.133753	0.799687	34.08
0.55	7.71	0.879452	0.004564	0.000024	0.799687	34.08
0.55	8.29	0.886327	0.003736	0.000016	0.799687	34.08
0.55	8.86	0.888961	0.005677	0.000036	0.799687	34.08
0.55	9.43	0.897260	0.016159	0.000291	0.799687	34.08
0.55	10.00	0.904721	0.020469	0.000463	0.799687	34.08
0.55	10.57	0.892735	0.005715	0.000037	0.799687	34.08
0.55	11.14	0.896972	0.011469	0.000147	0.799687	34.08
0.55	11.71	0.891792	0.004922	0.000027	0.799687	34.08
0.55	12.29	0.895723	0.009078	0.000092	0.799687	34.08
0.55	12.86	0.972379	0.036890	0.001400	0.799687	34.08
0.55	13.43	0.879304	0.186775	0.039673	0.799687	34.08
0.55	14.00	0.889638	0.232123	0.060565	0.799687	34.08
0.55	14.57	0.906530	0.230531	0.058624	0.799687	34.08
0.55	15.14	0.791445	0.300394	0.114015	0.799687	34.08
0.55	15.71	0.897994	0.256449	0.073237	0.799687	34.08
0.55	16.29	0.944073	0.191800	0.038967	0.799687	34.08
0.55	16.86	0.974234	0.140371	0.020225	0.799687	34.08
0.55	17.43	0.930271	0.194405	0.040626	0.799687	34.08
0.55	18.00	1.000000	0.000000	0.000000	0.799687	34.08
0.55	18.57	0.961484	0.108604	0.012267	0.799687	34.08
0.55	19.14	1.000000	0.000000	0.000000	0.799687	34.08
0.55	19.71	0.965101	0.074880	0.005810	0.799687	34.08
0.55	20.29	0.863417	0.212615	0.052356	0.799687	34.08
0.55	20.86	0.870100	0.156054	0.027989	0.799687	34.08
0.55	21.43	0.887271	0.141241	0.022484	0.799687	34.08
0.55	22.00	0.955081	0.047197	0.002332	0.799687	34.08
0.55	22.57	0.864412	0.166457	0.032054	0.799687	34.08
0.55	23.14	0.953122	0.048081	0.002425	0.799687	34.08
0.55	23.71	0.860763	0.114906	0.015339	0.799687	34.08
0.55	24.29	0.936481	0.078318	0.006550	0.799687	34.08
0.55	24.86	0.964109	0.036759	0.001402	0.799687	34.08
0.55	25.43	0.946284	0.067893	0.004871	0.799687	34.08
0.55	26.00	0.930878	0.087598	0.008243	0.799687	34.08
0.55	26.57	0.952952	0.050876	0.002716	0.799687	34.08
0.55	27.14	0.955996	0.044508	0.002072	0.799687	34.08
0.55	27.71	0.935953	0.070117	0.005253	0.799687	34.08
0.55	28.29	0.936709	0.067527	0.004868	0.799687	34.08
0.55	28.86	0.931619	0.094331	0.009552	0.799687	34.08
0.55	29.43	0.948218	0.058558	0.003616	0.799687	34.08
0.55	30.00	0.944035	0.095749	0.009711	0.799687	34.08
0.57	2.00	0.000000	0.000000	0.000000	0.799687	34.37
0.57	2.57	0.000000	0.000000	0.000000	0.799687	34.37
0.57	3.14	0.000000	0.000000	0.000000	0.799687	34.37
0.57	3.71	0.000000	0.000000	0.000000	0.799687	34.37
0.57	4.29	0.000000	0.000000	0.000000	0.799687	34.37
0.57	4.86	0.000000	0.000000	0.000000	0.799687	34.37
0.57	5.43	0.000000	0.000000	0.000000	0.799687	34.37
0.57	6.00	0.000000	0.000000	0.000000	0.799687	34.37
0.57	6.57	0.387476	0.169507	0.074153	0.799687	34.37
0.57	7.14	0.718444	0.237528	0.078530	0.799687	34.37
0.57	7.71	0.846437	0.141634	0.023700	0.799687	34.37
0.57	8.29	0.886986	0.003758	0.000016	0.799687	34.37
0.57	8.86	0.891739	0.006212	0.000043	0.799687	34.37
0.57	9.43	0.931507	0.024132	0.000625	0.799687	34.37
0.57	10.00	0.948263	0.028531	0.000858	0.799687	34.37
0.57	10.57	0.871762	0.133304	0.020384	0.799687	34.37
0.57	11.14	0.920833	0.029186	0.000925	0.799687	34.37
0.57	11.71	0.929829	0.144682	0.022513	0.799687	34.37
0.57	12.29	0.878054	0.133614	0.020332	0.799687	34.37
0.57	12.86	0.888286	0.133508	0.020066	0.799687	34.37
0.57	13.43	0.993314	0.017585	0.000311	0.799687	34.37
0.57	14.00	0.997525	0.012879	0.000166	0.799687	34.37
0.57	14.57	0.999553	0.002044	0.000004	0.799687	34.37
0.57	15.14	0.888805	0.223767	0.056336	0.799687	34.37
0.57	15.71	0.994241	0.018435	0.000342	0.799687	34.37
0.57	16.29	0.974831	0.147577	0.022341	0.799687	34.37
0.57	16.86	1.000000	0.000000	0.000000	0.799687	34.37
0.57	17.43	0.896701	0.195493	0.042620	0.799687	34.37
0.57	18.00	1.000000	0.000000	0.000000	0.799687	34.37
0.57	18.57	1.000000	0.000000	0.000000	0.799687	34.37
0.57	19.14	0.872344	0.238273	0.065082	0.799687	34.37
0.57	19.71	0.990554	0.023648	0.000565	0.799687	34.37
0.57	20.29	0.901738	0.131373	0.019140	0.799687	34.37
0.57	20.86	0.981140	0.073409	0.005493	0.799687	34.37
0.57	21.43	0.853818	0.174234	0.035555	0.799687	34.37
0.57	22.00	0.999907	0.000849	0.000001	0.799687	34.37
0.57	22.57	0.941225	0.109108	0.012648	0.799687	34.37
0.57	23.14	0.964637	0.055066	0.003143	0.799687	34.37
0.57	23.71	0.981483	0.055762	0.003168	0.799687	34.37
0.57	24.29	0.919673	0.112200	0.013688	0.799687	34.37
0.57	24.86	0.992982	0.019750	0.000393	0.799687	34.37
0.57	25.43	0.958319	0.052567	0.002884	0.799687	34.37
0.57	26.00	0.970401	0.031524	0.001024	0.799687	34.37
0.57	26.57	0.968865	0.047967	0.002375	0.799687	34.37
0.57	27.14	0.971458	0.040984	0.001729	0.799687	34.37
0.57	27.71	0.959393	0.044738	0.002086	0.799687	34.37
0.57	28.29	0.942270	0.054385	0.003139	0.799687	34.37
0.57	28.86	0.961043	0.045108	0.002117	0.799687	34.37
0.57	29.43	0.928225	0.083704	0.007548	0.799687	34.37
0.57	30.00	0.976790	0.031312	0.001004	0.799687	34.37
0.59	2.00	0.000000	0.000000	0.000000	0.799687	34.67
0.59	2.57	0.000000	0.000000	0.000000	0.799687	34.67
0.59	3.14	0.000000	0.000000	0.000000	0.799687	34.67
0.59	3.71	0.000000	0.000000	0.000000	0.799687	34.67
0.59	4.29	0.000000	0.000000	0.000000	0.799687	34.67
0.59	4.86	0.000000	0.000000	0.000000	0.799687	34.67
0.59	5.43	0.000000	0.000000	0.000000	0.799687	34.67
0.59	6.00	0.238748	0.050881	0.010843	0.799687	34.67
0.59	6.57	0.339530	0.151663	0.067746	0.799687	34.67
0.59	7.14	0.660470	0.282021	0.120423	0.799687	34.67
0.59	7.71	0.885158	0.005121	0.000030	0.799687	34.67
0.59	8.29	0.890589	0.006186	0.000043	0.799687	34.67
0.59	8.86	0.894488	0.007144	0.000057	0.799687	34.67
0.59	9.43	0.900871	0.009396	0.000098	0.799687	34.67
0.59	10.00	0.912821	0.015472	0.000262	0.799687	34.67
0.59	10.57	0.973153	0.019176	0.000378	0.799687	34.67
0.59	11.14	0.988851	0.016553	0.000277	0.799687	34.67
0.59	11.71	0.980833	0.028199	0.000811	0.799687	34.67
0.59	12.29	0.993346	0.016862	0.000286	0.799687	34.67
0.59	12.86	0.997428	0.005763	0.000033	0.799687	34.67
0.59	13.43	0.993123	0.011510	0.000133	0.799687	34.67
0.59	14.00	0.997204	0.009636	0.000093	0.799687	34.67
0.59	14.57	0.972882	0.144558	0.021479	0.799687	34.67
0.59	15.14	0.999888	0.000652	0.000000	0.799687	34.67
0.59	15.71	1.000000	0.000000	0.000000	0.799687	34.67
0.59	16.29	1.000000	0.000000	0.000000	0.799687	34.67
0.59	16.86	0.995080	0.016282	0.000266	0.799687	34.67
0.59	17.43	1.000000	0.000000	0.000000	0.799687	34.67
0.59	18.00	0.996645	0.018266	0.000335	0.799687	34.67
0.59	18.57	0.994194	0.020415	0.000419	0.799687	34.67
0.59	19.14	1.000000	0.000000	0.000000	0.799687	34.67
0.59	19.71	1.000000	0.000000	0.000000	0.799687	34.67
0.59	20.29	0.970217	0.099357	0.010175	0.799687	34.67
0.59	20.86	0.988810	0.022009	0.000490	0.799687	34.67
0.59	21.43	1.000000	0.000000	0.000000	0.799687	34.67
0.59	22.00	0.980431	0.029537	0.000890	0.799687	34.67
0.59	22.57	0.991385	0.021205	0.000454	0.799687	34.67
0.59	23.14	0.994826	0.042263	0.001795	0.799687	34.67
0.59	23.71	0.995787	0.013383	0.000180	0.799687	34.67
0.59	24.29	0.963230	0.073276	0.005574	0.799687	34.67
0.59	24.86	0.977590	0.031566	0.001019	0.799687	34.67
0.59	25.43	0.963326	0.057006	0.003373	0.799687	34.67
0.59	26.00	0.949993	0.068070	0.004877	0.799687	34.67
0.59	26.57	0.987828	0.023626	0.000565	0.799687	34.67
0.59	27.14	0.974739	0.034017	0.001187	0.799687	34.67
0.59	27.71	0.962229	0.064823	0.004367	0.799687	34.67
0.59	28.29	0.991781	0.019887	0.000399	0.799687	34.67
0.59	28.86	0.952448	0.058909	0.003643	0.799687	34.67
0.59	29.43	0.922190	0.093647	0.009510	0.799687	34.67
0.59	30.00	0.955903	0.071022	0.005277	0.799687	34.67
0.62	2.00	0.000000	0.000000	0.000000	0.799687	34.89
0.62	2.57	0.000000	0.000000	0.000000	0.799687	34.89
0.62	3.14	0.000000	0.000000	0.000000	0.799687	34.89
0.62	3.71	0.000000	0.000000	0.000000	0.799687	34.89
0.62	4.29	0.000000	0.000000	0.000000	0.799687	34.89
0.62	4.86	0.000000	0.000000	0.000000	0.799687	34.89
0.62	5.43	0.000000	0.000000	0.000000	0.799687	34.89
0.62	6.00	0.000000	0.000000	0.000000	0.799687	34.89
0.62	6.57	0.728474	0.159670	0.034997	0.799687	34.89
0.62	7.14	0.780431	0.138937	0.024734	0.799687	34.89
0.62	7.71	0.846898	0.176131	0.036630	0.799687	34.89
0.62	8.29	0.898772	0.007765	0.000067	0.799687	34.89
0.62	8.86	0.918461	0.021084	0.000484	0.799687	34.89
0.62	9.43	0.952696	0.026059	0.000713	0.799687	34.89
0.62	10.00	0.975443	0.026781	0.000735	0.799687	34.89
0.62	10.57	0.893376	0.139025	0.021635	0.799687	34.89
0.62	11.14	0.925340	0.022954	0.000569	0.799687	34.89
0.62	11.71	0.913112	0.135513	0.020111	0.799687	34.89
0.62	12.29	0.977635	0.029907	0.000915	0.799687	34.89
0.62	12.86	0.998826	0.002102	0.000004	0.799687	34.89
0.62	13.43	0.999770	0.000631	0.000000	0.799687	34.89
0.62	14.00	0.969080	0.145348	0.021800	0.799687	34.89
0.62	14.57	1.000000	0.000000	0.000000	0.799687	34.89
0.62	15.14	0.999619	0.002251	0.000005	0.799687	34.89
0.62	15.71	0.998750	0.005140	0.000026	0.799687	34.89
0.62	16.29	0.999942	0.000331	0.000000	0.799687	34.89
0.62	16.86	0.999888	0.000652	0.000000	0.799687	34.89
0.62	17.43	1.000000	0.000000	0.000000	0.799687	34.89
0.62	18.00	0.949463	0.118583	0.014810	0.799687	34.89
0.62	18.57	1.000000	0.000000	0.000000	0.799687	34.89
0.62	19.14	0.977027	0.033990	0.001182	0.799687	34.89
0.62	19.71	0.986973	0.027577	0.000771	0.799687	34.89
0.62	20.29	1.000000	0.000000	0.000000	0.799687	34.89
0.62	20.86	0.913576	0.147319	0.023756	0.799687	34.89
0.62	21.43	0.987011	0.025250	0.000646	0.799687	34.89
0.62	22.00	0.904380	0.137520	0.020911	0.799687	34.89
0.62	22.57	0.916638	0.127704	0.017791	0.799687	34.89
0.62	23.14	0.972770	0.087965	0.007954	0.799687	34.89
0.62	23.71	0.984520	0.063013	0.004033	0.799687	34.89
0.62	24.29	0.965577	0.070051	0.005082	0.799687	34.89
0.62	24.86	0.926102	0.108982	0.012825	0.799687	34.89
0.62	25.43	0.958330	0.045983	0.002206	0.799687	34.89
0.62	26.00	0.950424	0.050752	0.002710	0.799687	34.89
0.62	26.57	0.956736	0.056399	0.003325	0.799687	34.89
0.62	27.14	0.959872	0.042838	0.001912	0.799687	34.89
0.62	27.71	0.968830	0.033740	0.001175	0.799687	34.89
0.62	28.29	0.974751	0.034292	0.001206	0.799687	34.89
0.62	28.86	0.986697	0.023207	0.000546	0.799687	34.89
0.62	29.43	0.942318	0.089789	0.008556	0.799687	34.89
