axonal_length	MAX_EXC_WEIGHT	mean_peaks_height	std_peaks_height	fano_factor	GC_fraction	mean_degree
0.39	2.00	0.000000	0.000000	0.000000	0.998214	26.62
0.39	2.37	0.000000	0.000000	0.000000	0.998214	26.62
0.39	2.73	0.000000	0.000000	0.000000	0.998214	26.62
0.39	3.10	0.000000	0.000000	0.000000	0.998214	26.62
0.39	3.47	0.000000	0.000000	0.000000	0.998214	26.62
0.39	3.84	0.000000	0.000000	0.000000	0.998214	26.62
0.39	4.20	0.000000	0.000000	0.000000	0.998214	26.62
0.39	4.57	0.000000	0.000000	0.000000	0.998214	26.62
0.39	4.94	0.000000	0.000000	0.000000	0.998214	26.62
0.39	5.31	0.000000	0.000000	0.000000	0.998214	26.62
0.39	5.67	0.000000	0.000000	0.000000	0.998214	26.62
0.39	6.04	0.000000	0.000000	0.000000	0.998214	26.62
0.39	6.41	0.080739	0.003537	0.000155	0.998214	26.62
0.39	6.78	0.079428	0.021306	0.005715	0.998214	26.62
0.39	7.14	0.120990	0.050506	0.021083	0.998214	26.62
0.39	7.51	0.137740	0.064410	0.030119	0.998214	26.62
0.39	7.88	0.240147	0.129811	0.070168	0.998214	26.62
0.39	8.24	0.232985	0.096145	0.039676	0.998214	26.62
0.39	8.61	0.324281	0.139961	0.060408	0.998214	26.62
0.39	8.98	0.494827	0.132282	0.035363	0.998214	26.62
0.39	9.35	0.532132	0.091821	0.015844	0.998214	26.62
0.39	9.71	0.605098	0.054922	0.004985	0.998214	26.62
0.39	10.08	0.649304	0.075351	0.008744	0.998214	26.62
0.39	10.45	0.677165	0.075545	0.008428	0.998214	26.62
0.39	10.82	0.727056	0.067372	0.006243	0.998214	26.62
0.39	11.18	0.673712	0.083204	0.010276	0.998214	26.62
0.39	11.55	0.773863	0.050524	0.003299	0.998214	26.62
0.39	11.92	0.767772	0.054599	0.003883	0.998214	26.62
0.39	12.29	0.791936	0.047299	0.002825	0.998214	26.62
0.39	12.65	0.804270	0.054043	0.003631	0.998214	26.62
0.39	13.02	0.813274	0.043103	0.002284	0.998214	26.62
0.39	13.39	0.834700	0.035694	0.001526	0.998214	26.62
0.39	13.76	0.838239	0.035523	0.001505	0.998214	26.62
0.39	14.12	0.830984	0.046823	0.002638	0.998214	26.62
0.39	14.49	0.853233	0.034527	0.001397	0.998214	26.62
0.39	14.86	0.849911	0.028683	0.000968	0.998214	26.62
0.39	15.22	0.864475	0.014448	0.000241	0.998214	26.62
0.39	15.59	0.861202	0.021518	0.000538	0.998214	26.62
0.39	15.96	0.871137	0.013528	0.000210	0.998214	26.62
0.39	16.33	0.796665	0.093257	0.010917	0.998214	26.62
0.39	16.69	0.576979	0.087885	0.013387	0.998214	26.62
0.39	17.06	0.594558	0.147941	0.036811	0.998214	26.62
0.39	17.43	0.744820	0.057450	0.004431	0.998214	26.62
0.39	17.80	0.698766	0.034436	0.001697	0.998214	26.62
0.39	18.16	0.562314	0.060751	0.006563	0.998214	26.62
0.39	18.53	0.714321	0.056370	0.004448	0.998214	26.62
0.39	18.90	0.564896	0.082326	0.011998	0.998214	26.62
0.39	19.27	0.677484	0.052230	0.004027	0.998214	26.62
0.39	19.63	0.561467	0.085318	0.012964	0.998214	26.62
0.39	20.00	0.553797	0.114732	0.023769	0.998214	26.62
0.41	2.00	0.000000	0.000000	0.000000	0.998214	27.00
0.41	2.37	0.000000	0.000000	0.000000	0.998214	27.00
0.41	2.73	0.000000	0.000000	0.000000	0.998214	27.00
0.41	3.10	0.000000	0.000000	0.000000	0.998214	27.00
0.41	3.47	0.000000	0.000000	0.000000	0.998214	27.00
0.41	3.84	0.000000	0.000000	0.000000	0.998214	27.00
0.41	4.20	0.000000	0.000000	0.000000	0.998214	27.00
0.41	4.57	0.000000	0.000000	0.000000	0.998214	27.00
0.41	4.94	0.000000	0.000000	0.000000	0.998214	27.00
0.41	5.31	0.000000	0.000000	0.000000	0.998214	27.00
0.41	5.67	0.000000	0.000000	0.000000	0.998214	27.00
0.41	6.04	0.000000	0.000000	0.000000	0.998214	27.00
0.41	6.41	0.091234	0.006082	0.000405	0.998214	27.00
0.41	6.78	0.105009	0.014411	0.001978	0.998214	27.00
0.41	7.14	0.129044	0.050207	0.019534	0.998214	27.00
0.41	7.51	0.132959	0.054636	0.022451	0.998214	27.00
0.41	7.88	0.209918	0.101692	0.049263	0.998214	27.00
0.41	8.24	0.290315	0.119505	0.049193	0.998214	27.00
0.41	8.61	0.419067	0.144021	0.049496	0.998214	27.00
0.41	8.98	0.546176	0.081066	0.012032	0.998214	27.00
0.41	9.35	0.596259	0.093854	0.014773	0.998214	27.00
0.41	9.71	0.638640	0.071047	0.007904	0.998214	27.00
0.41	10.08	0.719236	0.060929	0.005162	0.998214	27.00
0.41	10.45	0.732772	0.056449	0.004349	0.998214	27.00
0.41	10.82	0.732916	0.079130	0.008543	0.998214	27.00
0.41	11.18	0.773640	0.061298	0.004857	0.998214	27.00
0.41	11.55	0.807391	0.049595	0.003046	0.998214	27.00
0.41	11.92	0.806219	0.040533	0.002038	0.998214	27.00
0.41	12.29	0.822169	0.043530	0.002305	0.998214	27.00
0.41	12.65	0.816440	0.051819	0.003289	0.998214	27.00
0.41	13.02	0.841109	0.035481	0.001497	0.998214	27.00
0.41	13.39	0.844356	0.027377	0.000888	0.998214	27.00
0.41	13.76	0.856932	0.021181	0.000524	0.998214	27.00
0.41	14.12	0.854426	0.032003	0.001199	0.998214	27.00
0.41	14.49	0.858576	0.025903	0.000781	0.998214	27.00
0.41	14.86	0.861517	0.021372	0.000530	0.998214	27.00
0.41	15.22	0.874179	0.013246	0.000201	0.998214	27.00
0.41	15.59	0.876173	0.015361	0.000269	0.998214	27.00
0.41	15.96	0.760024	0.024253	0.000774	0.998214	27.00
0.41	16.33	0.706170	0.041697	0.002462	0.998214	27.00
0.41	16.69	0.691828	0.029610	0.001267	0.998214	27.00
0.41	17.06	0.629479	0.078771	0.009857	0.998214	27.00
0.41	17.43	0.632614	0.050674	0.004059	0.998214	27.00
0.41	17.80	0.768530	0.049434	0.003180	0.998214	27.00
0.41	18.16	0.723640	0.040772	0.002297	0.998214	27.00
0.41	18.53	0.780769	0.022066	0.000624	0.998214	27.00
0.41	18.90	0.723858	0.048137	0.003201	0.998214	27.00
0.41	19.27	0.786141	0.072423	0.006672	0.998214	27.00
0.41	19.63	0.663098	0.166916	0.042016	0.998214	27.00
0.41	20.00	0.579844	0.113866	0.022360	0.998214	27.00
0.44	2.00	0.000000	0.000000	0.000000	0.998929	27.26
0.44	2.37	0.000000	0.000000	0.000000	0.998929	27.26
0.44	2.73	0.000000	0.000000	0.000000	0.998929	27.26
0.44	3.10	0.000000	0.000000	0.000000	0.998929	27.26
0.44	3.47	0.000000	0.000000	0.000000	0.998929	27.26
0.44	3.84	0.000000	0.000000	0.000000	0.998929	27.26
0.44	4.20	0.000000	0.000000	0.000000	0.998929	27.26
0.44	4.57	0.000000	0.000000	0.000000	0.998929	27.26
0.44	4.94	0.000000	0.000000	0.000000	0.998929	27.26
0.44	5.31	0.000000	0.000000	0.000000	0.998929	27.26
0.44	5.67	0.000000	0.000000	0.000000	0.998929	27.26
0.44	6.04	0.000000	0.000000	0.000000	0.998929	27.26
0.44	6.41	0.071326	0.000000	0.000000	0.998929	27.26
0.44	6.78	0.092242	0.009195	0.000917	0.998929	27.26
0.44	7.14	0.124559	0.033293	0.008899	0.998929	27.26
0.44	7.51	0.183690	0.093006	0.047091	0.998929	27.26
0.44	7.88	0.223827	0.097941	0.042856	0.998929	27.26
0.44	8.24	0.381533	0.122995	0.039650	0.998929	27.26
0.44	8.61	0.501363	0.128592	0.032982	0.998929	27.26
0.44	8.98	0.559740	0.068609	0.008410	0.998929	27.26
0.44	9.35	0.646223	0.068839	0.007333	0.998929	27.26
0.44	9.71	0.695061	0.064689	0.006021	0.998929	27.26
0.44	10.08	0.714178	0.078431	0.008613	0.998929	27.26
0.44	10.45	0.771990	0.049434	0.003165	0.998929	27.26
0.44	10.82	0.754987	0.076848	0.007822	0.998929	27.26
0.44	11.18	0.808376	0.046234	0.002644	0.998929	27.26
0.44	11.55	0.812840	0.044680	0.002456	0.998929	27.26
0.44	11.92	0.837954	0.027898	0.000929	0.998929	27.26
0.44	12.29	0.843097	0.028553	0.000967	0.998929	27.26
0.44	12.65	0.850990	0.025104	0.000741	0.998929	27.26
0.44	13.02	0.854170	0.031340	0.001150	0.998929	27.26
0.44	13.39	0.865441	0.019535	0.000441	0.998929	27.26
0.44	13.76	0.863007	0.015810	0.000290	0.998929	27.26
0.44	14.12	0.872089	0.016963	0.000330	0.998929	27.26
0.44	14.49	0.873914	0.013286	0.000202	0.998929	27.26
0.44	14.86	0.875136	0.020042	0.000459	0.998929	27.26
0.44	15.22	0.882640	0.008222	0.000077	0.998929	27.26
0.44	15.59	0.877294	0.014064	0.000225	0.998929	27.26
0.44	15.96	0.880042	0.008144	0.000075	0.998929	27.26
0.44	16.33	0.881931	0.011375	0.000147	0.998929	27.26
0.44	16.69	0.798670	0.021458	0.000577	0.998929	27.26
0.44	17.06	0.640379	0.093760	0.013728	0.998929	27.26
0.44	17.43	0.679796	0.093272	0.012797	0.998929	27.26
0.44	17.80	0.767862	0.033956	0.001502	0.998929	27.26
0.44	18.16	0.854250	0.007365	0.000064	0.998929	27.26
0.44	18.53	0.776210	0.027545	0.000977	0.998929	27.26
0.44	18.90	0.754558	0.064048	0.005436	0.998929	27.26
0.44	19.27	0.736609	0.068690	0.006405	0.998929	27.26
0.44	19.63	0.707123	0.094443	0.012614	0.998929	27.26
0.44	20.00	0.559274	0.132507	0.031394	0.998929	27.26
0.46	2.00	0.000000	0.000000	0.000000	0.998036	27.65
0.46	2.37	0.000000	0.000000	0.000000	0.998036	27.65
0.46	2.73	0.000000	0.000000	0.000000	0.998036	27.65
0.46	3.10	0.000000	0.000000	0.000000	0.998036	27.65
0.46	3.47	0.000000	0.000000	0.000000	0.998036	27.65
0.46	3.84	0.000000	0.000000	0.000000	0.998036	27.65
0.46	4.20	0.000000	0.000000	0.000000	0.998036	27.65
0.46	4.57	0.000000	0.000000	0.000000	0.998036	27.65
0.46	4.94	0.000000	0.000000	0.000000	0.998036	27.65
0.46	5.31	0.000000	0.000000	0.000000	0.998036	27.65
0.46	5.67	0.000000	0.000000	0.000000	0.998036	27.65
0.46	6.04	0.000000	0.000000	0.000000	0.998036	27.65
0.46	6.41	0.091072	0.000000	0.000000	0.998036	27.65
0.46	6.78	0.111171	0.001242	0.000014	0.998036	27.65
0.46	7.14	0.143067	0.058156	0.023640	0.998036	27.65
0.46	7.51	0.224688	0.095835	0.040876	0.998036	27.65
0.46	7.88	0.284204	0.132184	0.061479	0.998036	27.65
0.46	8.24	0.398894	0.158907	0.063303	0.998036	27.65
0.46	8.61	0.507160	0.125232	0.030923	0.998036	27.65
0.46	8.98	0.614090	0.065513	0.006989	0.998036	27.65
0.46	9.35	0.695624	0.073533	0.007773	0.998036	27.65
0.46	9.71	0.730592	0.061441	0.005167	0.998036	27.65
0.46	10.08	0.742038	0.060758	0.004975	0.998036	27.65
0.46	10.45	0.778058	0.073628	0.006967	0.998036	27.65
0.46	10.82	0.820338	0.040413	0.001991	0.998036	27.65
0.46	11.18	0.825635	0.048067	0.002798	0.998036	27.65
0.46	11.55	0.840020	0.037516	0.001676	0.998036	27.65
0.46	11.92	0.853205	0.025429	0.000758	0.998036	27.65
0.46	12.29	0.865317	0.018712	0.000405	0.998036	27.65
0.46	12.65	0.872075	0.018107	0.000376	0.998036	27.65
0.46	13.02	0.874208	0.018041	0.000372	0.998036	27.65
0.46	13.39	0.876159	0.015166	0.000263	0.998036	27.65
0.46	13.76	0.875134	0.019663	0.000442	0.998036	27.65
0.46	14.12	0.878703	0.020031	0.000457	0.998036	27.65
0.46	14.49	0.784516	0.037310	0.001774	0.998036	27.65
0.46	14.86	0.886447	0.005994	0.000041	0.998036	27.65
0.46	15.22	0.885406	0.007152	0.000058	0.998036	27.65
0.46	15.59	0.670805	0.058108	0.005033	0.998036	27.65
0.46	15.96	0.800611	0.035949	0.001614	0.998036	27.65
0.46	16.33	0.852529	0.016855	0.000333	0.998036	27.65
0.46	16.69	0.768184	0.030070	0.001177	0.998036	27.65
0.46	17.06	0.666008	0.039715	0.002368	0.998036	27.65
0.46	17.43	0.733253	0.029004	0.001147	0.998036	27.65
0.46	17.80	0.778275	0.051547	0.003414	0.998036	27.65
0.46	18.16	0.564734	0.084350	0.012599	0.998036	27.65
0.46	18.53	0.775631	0.043099	0.002395	0.998036	27.65
0.46	18.90	0.808844	0.031211	0.001204	0.998036	27.65
0.46	19.27	0.709278	0.116213	0.019041	0.998036	27.65
0.46	19.63	0.664175	0.042321	0.002697	0.998036	27.65
0.46	20.00	0.585785	0.061897	0.006540	0.998036	27.65
0.48	2.00	0.000000	0.000000	0.000000	0.998929	27.89
0.48	2.37	0.000000	0.000000	0.000000	0.998929	27.89
0.48	2.73	0.000000	0.000000	0.000000	0.998929	27.89
0.48	3.10	0.000000	0.000000	0.000000	0.998929	27.89
0.48	3.47	0.000000	0.000000	0.000000	0.998929	27.89
0.48	3.84	0.000000	0.000000	0.000000	0.998929	27.89
0.48	4.20	0.000000	0.000000	0.000000	0.998929	27.89
0.48	4.57	0.000000	0.000000	0.000000	0.998929	27.89
0.48	4.94	0.000000	0.000000	0.000000	0.998929	27.89
0.48	5.31	0.000000	0.000000	0.000000	0.998929	27.89
0.48	5.67	0.000000	0.000000	0.000000	0.998929	27.89
0.48	6.04	0.000000	0.000000	0.000000	0.998929	27.89
0.48	6.41	0.088309	0.000000	0.000000	0.998929	27.89
0.48	6.78	0.114613	0.025836	0.005824	0.998929	27.89
0.48	7.14	0.160508	0.084287	0.044261	0.998929	27.89
0.48	7.51	0.224598	0.089081	0.035332	0.998929	27.89
0.48	7.88	0.267336	0.128604	0.061866	0.998929	27.89
0.48	8.24	0.528805	0.107293	0.021769	0.998929	27.89
0.48	8.61	0.619022	0.064744	0.006772	0.998929	27.89
0.48	8.98	0.630061	0.081529	0.010550	0.998929	27.89
0.48	9.35	0.689925	0.068218	0.006745	0.998929	27.89
0.48	9.71	0.742724	0.044613	0.002680	0.998929	27.89
0.48	10.08	0.751766	0.065801	0.005759	0.998929	27.89
0.48	10.45	0.824353	0.039351	0.001878	0.998929	27.89
0.48	10.82	0.809738	0.048460	0.002900	0.998929	27.89
0.48	11.18	0.844951	0.024957	0.000737	0.998929	27.89
0.48	11.55	0.852765	0.021656	0.000550	0.998929	27.89
0.48	11.92	0.866404	0.014781	0.000252	0.998929	27.89
0.48	12.29	0.867486	0.025716	0.000762	0.998929	27.89
0.48	12.65	0.865812	0.031736	0.001163	0.998929	27.89
0.48	13.02	0.878785	0.011280	0.000145	0.998929	27.89
0.48	13.39	0.879795	0.012033	0.000165	0.998929	27.89
0.48	13.76	0.887606	0.008611	0.000084	0.998929	27.89
0.48	14.12	0.884009	0.014319	0.000232	0.998929	27.89
0.48	14.49	0.889060	0.007523	0.000064	0.998929	27.89
0.48	14.86	0.890562	0.005234	0.000031	0.998929	27.89
0.48	15.22	0.800083	0.031078	0.001207	0.998929	27.89
0.48	15.59	0.779546	0.024899	0.000795	0.998929	27.89
0.48	15.96	0.792099	0.060037	0.004550	0.998929	27.89
0.48	16.33	0.849351	0.017082	0.000344	0.998929	27.89
0.48	16.69	0.847110	0.015606	0.000288	0.998929	27.89
0.48	17.06	0.785632	0.030961	0.001220	0.998929	27.89
0.48	17.43	0.822857	0.022115	0.000594	0.998929	27.89
0.48	17.80	0.764934	0.025202	0.000830	0.998929	27.89
0.48	18.16	0.875037	0.004726	0.000026	0.998929	27.89
0.48	18.53	0.812928	0.028189	0.000977	0.998929	27.89
0.48	18.90	0.644712	0.060650	0.005706	0.998929	27.89
0.48	19.27	0.879133	0.005510	0.000035	0.998929	27.89
0.48	19.63	0.584041	0.097920	0.016417	0.998929	27.89
0.48	20.00	0.609999	0.097522	0.015591	0.998929	27.89
0.50	2.00	0.000000	0.000000	0.000000	0.998571	28.20
0.50	2.37	0.000000	0.000000	0.000000	0.998571	28.20
0.50	2.73	0.000000	0.000000	0.000000	0.998571	28.20
0.50	3.10	0.000000	0.000000	0.000000	0.998571	28.20
0.50	3.47	0.000000	0.000000	0.000000	0.998571	28.20
0.50	3.84	0.000000	0.000000	0.000000	0.998571	28.20
0.50	4.20	0.000000	0.000000	0.000000	0.998571	28.20
0.50	4.57	0.000000	0.000000	0.000000	0.998571	28.20
0.50	4.94	0.000000	0.000000	0.000000	0.998571	28.20
0.50	5.31	0.000000	0.000000	0.000000	0.998571	28.20
0.50	5.67	0.000000	0.000000	0.000000	0.998571	28.20
0.50	6.04	0.000000	0.000000	0.000000	0.998571	28.20
0.50	6.41	0.127861	0.000000	0.000000	0.998571	28.20
0.50	6.78	0.161540	0.060350	0.022546	0.998571	28.20
0.50	7.14	0.195716	0.066355	0.022497	0.998571	28.20
0.50	7.51	0.251741	0.123477	0.060564	0.998571	28.20
0.50	7.88	0.326198	0.185115	0.105052	0.998571	28.20
0.50	8.24	0.525930	0.114997	0.025145	0.998571	28.20
0.50	8.61	0.636866	0.072914	0.008348	0.998571	28.20
0.50	8.98	0.698699	0.059248	0.005024	0.998571	28.20
0.50	9.35	0.777250	0.051257	0.003380	0.998571	28.20
0.50	9.71	0.781877	0.045969	0.002703	0.998571	28.20
0.50	10.08	0.792034	0.061005	0.004699	0.998571	28.20
0.50	10.45	0.825513	0.049238	0.002937	0.998571	28.20
0.50	10.82	0.831405	0.031285	0.001177	0.998571	28.20
0.50	11.18	0.851630	0.041136	0.001987	0.998571	28.20
0.50	11.55	0.846025	0.042059	0.002091	0.998571	28.20
0.50	11.92	0.875614	0.012942	0.000191	0.998571	28.20
0.50	12.29	0.877499	0.013538	0.000209	0.998571	28.20
0.50	12.65	0.880599	0.011605	0.000153	0.998571	28.20
0.50	13.02	0.882260	0.012293	0.000171	0.998571	28.20
0.50	13.39	0.886999	0.009664	0.000105	0.998571	28.20
0.50	13.76	0.889722	0.006305	0.000045	0.998571	28.20
0.50	14.12	0.888687	0.009124	0.000094	0.998571	28.20
0.50	14.49	0.893253	0.004679	0.000025	0.998571	28.20
0.50	14.86	0.839551	0.011053	0.000146	0.998571	28.20
0.50	15.22	0.894056	0.003423	0.000013	0.998571	28.20
0.50	15.59	0.848328	0.014622	0.000252	0.998571	28.20
0.50	15.96	0.828430	0.028986	0.001014	0.998571	28.20
0.50	16.33	0.888903	0.004849	0.000026	0.998571	28.20
0.50	16.69	0.858423	0.023058	0.000619	0.998571	28.20
0.50	17.06	0.875137	0.006126	0.000043	0.998571	28.20
0.50	17.43	0.760155	0.043095	0.002443	0.998571	28.20
0.50	17.80	0.834352	0.028045	0.000943	0.998571	28.20
0.50	18.16	0.766226	0.041079	0.002202	0.998571	28.20
0.50	18.53	0.741156	0.043353	0.002536	0.998571	28.20
0.50	18.90	0.707338	0.052754	0.003934	0.998571	28.20
0.50	19.27	0.822264	0.042054	0.002151	0.998571	28.20
0.50	19.63	0.726580	0.049904	0.003428	0.998571	28.20
0.50	20.00	0.864318	0.016191	0.000303	0.998571	28.20
0.53	2.00	0.000000	0.000000	0.000000	0.998929	28.44
0.53	2.37	0.000000	0.000000	0.000000	0.998929	28.44
0.53	2.73	0.000000	0.000000	0.000000	0.998929	28.44
0.53	3.10	0.000000	0.000000	0.000000	0.998929	28.44
0.53	3.47	0.000000	0.000000	0.000000	0.998929	28.44
0.53	3.84	0.000000	0.000000	0.000000	0.998929	28.44
0.53	4.20	0.000000	0.000000	0.000000	0.998929	28.44
0.53	4.57	0.000000	0.000000	0.000000	0.998929	28.44
0.53	4.94	0.000000	0.000000	0.000000	0.998929	28.44
0.53	5.31	0.000000	0.000000	0.000000	0.998929	28.44
0.53	5.67	0.000000	0.000000	0.000000	0.998929	28.44
0.53	6.04	0.000000	0.000000	0.000000	0.998929	28.44
0.53	6.41	0.000000	0.000000	0.000000	0.998929	28.44
0.53	6.78	0.147278	0.038238	0.009928	0.998929	28.44
0.53	7.14	0.232118	0.111634	0.053689	0.998929	28.44
0.53	7.51	0.281886	0.122792	0.053489	0.998929	28.44
0.53	7.88	0.447080	0.122576	0.033606	0.998929	28.44
0.53	8.24	0.525805	0.113681	0.024578	0.998929	28.44
0.53	8.61	0.662804	0.102640	0.015894	0.998929	28.44
0.53	8.98	0.734459	0.052221	0.003713	0.998929	28.44
0.53	9.35	0.754201	0.064878	0.005581	0.998929	28.44
0.53	9.71	0.795689	0.042870	0.002310	0.998929	28.44
0.53	10.08	0.825423	0.049908	0.003018	0.998929	28.44
0.53	10.45	0.821657	0.040249	0.001972	0.998929	28.44
0.53	10.82	0.856971	0.025330	0.000749	0.998929	28.44
0.53	11.18	0.871469	0.025890	0.000769	0.998929	28.44
0.53	11.55	0.874504	0.011652	0.000155	0.998929	28.44
0.53	11.92	0.880728	0.012806	0.000186	0.998929	28.44
0.53	12.29	0.883004	0.017661	0.000353	0.998929	28.44
0.53	12.65	0.888901	0.007897	0.000070	0.998929	28.44
0.53	13.02	0.891808	0.006273	0.000044	0.998929	28.44
0.53	13.39	0.892961	0.007318	0.000060	0.998929	28.44
0.53	13.76	0.896313	0.002915	0.000009	0.998929	28.44
0.53	14.12	0.895071	0.005174	0.000030	0.998929	28.44
0.53	14.49	0.897525	0.003460	0.000013	0.998929	28.44
0.53	14.86	0.895117	0.003858	0.000017	0.998929	28.44
0.53	15.22	0.898144	0.001439	0.000002	0.998929	28.44
0.53	15.59	0.870558	0.010428	0.000125	0.998929	28.44
0.53	15.96	0.898349	0.001889	0.000004	0.998929	28.44
0.53	16.33	0.843007	0.021336	0.000540	0.998929	28.44
0.53	16.69	0.774553	0.034045	0.001496	0.998929	28.44
0.53	17.06	0.898915	0.000901	0.000001	0.998929	28.44
0.53	17.43	0.773902	0.028558	0.001054	0.998929	28.44
0.53	17.80	0.880340	0.013724	0.000214	0.998929	28.44
0.53	18.16	0.895860	0.002747	0.000008	0.998929	28.44
0.53	18.53	0.833820	0.017871	0.000383	0.998929	28.44
0.53	18.90	0.896120	0.003398	0.000013	0.998929	28.44
0.53	19.27	0.641025	0.058872	0.005407	0.998929	28.44
0.53	19.63	0.869656	0.008869	0.000090	0.998929	28.44
0.53	20.00	0.676474	0.174627	0.045079	0.998929	28.44
0.55	2.00	0.000000	0.000000	0.000000	0.998571	28.76
0.55	2.37	0.000000	0.000000	0.000000	0.998571	28.76
0.55	2.73	0.000000	0.000000	0.000000	0.998571	28.76
0.55	3.10	0.000000	0.000000	0.000000	0.998571	28.76
0.55	3.47	0.000000	0.000000	0.000000	0.998571	28.76
0.55	3.84	0.000000	0.000000	0.000000	0.998571	28.76
0.55	4.20	0.000000	0.000000	0.000000	0.998571	28.76
0.55	4.57	0.000000	0.000000	0.000000	0.998571	28.76
0.55	4.94	0.000000	0.000000	0.000000	0.998571	28.76
0.55	5.31	0.000000	0.000000	0.000000	0.998571	28.76
0.55	5.67	0.000000	0.000000	0.000000	0.998571	28.76
0.55	6.04	0.083870	0.000000	0.000000	0.998571	28.76
0.55	6.41	0.092454	0.027718	0.008310	0.998571	28.76
0.55	6.78	0.153577	0.032477	0.006868	0.998571	28.76
0.55	7.14	0.256693	0.118608	0.054804	0.998571	28.76
0.55	7.51	0.295502	0.128705	0.056057	0.998571	28.76
0.55	7.88	0.431714	0.132889	0.040905	0.998571	28.76
0.55	8.24	0.628123	0.066829	0.007110	0.998571	28.76
0.55	8.61	0.680520	0.055267	0.004488	0.998571	28.76
0.55	8.98	0.723924	0.062567	0.005408	0.998571	28.76
0.55	9.35	0.789010	0.034975	0.001550	0.998571	28.76
0.55	9.71	0.804130	0.054940	0.003754	0.998571	28.76
0.55	10.08	0.835320	0.043201	0.002234	0.998571	28.76
0.55	10.45	0.850438	0.035137	0.001452	0.998571	28.76
0.55	10.82	0.865805	0.021844	0.000551	0.998571	28.76
0.55	11.18	0.871611	0.022571	0.000584	0.998571	28.76
0.55	11.55	0.750277	0.160267	0.034235	0.998571	28.76
0.55	11.92	0.882896	0.011205	0.000142	0.998571	28.76
0.55	12.29	0.888467	0.007432	0.000062	0.998571	28.76
0.55	12.65	0.889072	0.012312	0.000171	0.998571	28.76
0.55	13.02	0.894217	0.005145	0.000030	0.998571	28.76
0.55	13.39	0.892476	0.006182	0.000043	0.998571	28.76
0.55	13.76	0.891561	0.009256	0.000096	0.998571	28.76
0.55	14.12	0.896240	0.003310	0.000012	0.998571	28.76
0.55	14.49	0.897122	0.002262	0.000006	0.998571	28.76
0.55	14.86	0.896416	0.001655	0.000003	0.998571	28.76
0.55	15.22	0.878507	0.006708	0.000051	0.998571	28.76
0.55	15.59	0.872455	0.007070	0.000057	0.998571	28.76
0.55	15.96	0.865338	0.009765	0.000110	0.998571	28.76
0.55	16.33	0.890347	0.002126	0.000005	0.998571	28.76
0.55	16.69	0.895257	0.004335	0.000021	0.998571	28.76
0.55	17.06	0.896952	0.001245	0.000002	0.998571	28.76
0.55	17.43	0.872986	0.006156	0.000043	0.998571	28.76
0.55	17.80	0.883910	0.015246	0.000263	0.998571	28.76
0.55	18.16	0.894459	0.004307	0.000021	0.998571	28.76
0.55	18.53	0.889086	0.005901	0.000039	0.998571	28.76
0.55	18.90	0.809847	0.031450	0.001221	0.998571	28.76
0.55	19.27	0.860107	0.012630	0.000185	0.998571	28.76
0.55	19.63	0.835918	0.030203	0.001091	0.998571	28.76
0.55	20.00	0.651855	0.066315	0.006746	0.998571	28.76
0.57	2.00	0.000000	0.000000	0.000000	0.998036	29.09
0.57	2.37	0.000000	0.000000	0.000000	0.998036	29.09
0.57	2.73	0.000000	0.000000	0.000000	0.998036	29.09
0.57	3.10	0.000000	0.000000	0.000000	0.998036	29.09
0.57	3.47	0.000000	0.000000	0.000000	0.998036	29.09
0.57	3.84	0.000000	0.000000	0.000000	0.998036	29.09
0.57	4.20	0.000000	0.000000	0.000000	0.998036	29.09
0.57	4.57	0.000000	0.000000	0.000000	0.998036	29.09
0.57	4.94	0.000000	0.000000	0.000000	0.998036	29.09
0.57	5.31	0.000000	0.000000	0.000000	0.998036	29.09
0.57	5.67	0.000000	0.000000	0.000000	0.998036	29.09
0.57	6.04	0.000000	0.000000	0.000000	0.998036	29.09
0.57	6.41	0.186855	0.047387	0.012017	0.998036	29.09
0.57	6.78	0.134818	0.005818	0.000251	0.998036	29.09
0.57	7.14	0.321614	0.107293	0.035794	0.998036	29.09
0.57	7.51	0.348400	0.148509	0.063304	0.998036	29.09
0.57	7.88	0.501397	0.125783	0.031554	0.998036	29.09
0.57	8.24	0.628982	0.117266	0.021863	0.998036	29.09
0.57	8.61	0.704509	0.073256	0.007617	0.998036	29.09
0.57	8.98	0.783357	0.055915	0.003991	0.998036	29.09
0.57	9.35	0.806201	0.050570	0.003172	0.998036	29.09
0.57	9.71	0.828750	0.043127	0.002244	0.998036	29.09
0.57	10.08	0.854899	0.025681	0.000771	0.998036	29.09
0.57	10.45	0.868661	0.016538	0.000315	0.998036	29.09
0.57	10.82	0.869584	0.026627	0.000815	0.998036	29.09
0.57	11.18	0.875521	0.017502	0.000350	0.998036	29.09
0.57	11.55	0.883521	0.011833	0.000158	0.998036	29.09
0.57	11.92	0.888637	0.010435	0.000123	0.998036	29.09
0.57	12.29	0.891408	0.005456	0.000033	0.998036	29.09
0.57	12.65	0.892821	0.006625	0.000049	0.998036	29.09
0.57	13.02	0.894950	0.005114	0.000029	0.998036	29.09
0.57	13.39	0.894673	0.003511	0.000014	0.998036	29.09
0.57	13.76	0.897066	0.003924	0.000017	0.998036	29.09
0.57	14.12	0.898573	0.002271	0.000006	0.998036	29.09
0.57	14.49	0.897826	0.003233	0.000012	0.998036	29.09
0.57	14.86	0.887660	0.004985	0.000028	0.998036	29.09
0.57	15.22	0.898367	0.001484	0.000002	0.998036	29.09
0.57	15.59	0.898053	0.000964	0.000001	0.998036	29.09
0.57	15.96	0.898324	0.001141	0.000001	0.998036	29.09
0.57	16.33	0.898445	0.001134	0.000001	0.998036	29.09
0.57	16.69	0.894305	0.002043	0.000005	0.998036	29.09
0.57	17.06	0.797379	0.045751	0.002625	0.998036	29.09
0.57	17.43	0.895944	0.002470	0.000007	0.998036	29.09
0.57	17.80	0.832104	0.081144	0.007913	0.998036	29.09
0.57	18.16	0.897314	0.003202	0.000011	0.998036	29.09
0.57	18.53	0.801400	0.080835	0.008154	0.998036	29.09
0.57	18.90	0.732984	0.074343	0.007540	0.998036	29.09
0.57	19.27	0.677973	0.063885	0.006020	0.998036	29.09
0.57	19.63	0.869370	0.044166	0.002244	0.998036	29.09
0.57	20.00	0.872607	0.021041	0.000507	0.998036	29.09
0.59	2.00	0.000000	0.000000	0.000000	0.998929	29.34
0.59	2.37	0.000000	0.000000	0.000000	0.998929	29.34
0.59	2.73	0.000000	0.000000	0.000000	0.998929	29.34
0.59	3.10	0.000000	0.000000	0.000000	0.998929	29.34
0.59	3.47	0.000000	0.000000	0.000000	0.998929	29.34
0.59	3.84	0.000000	0.000000	0.000000	0.998929	29.34
0.59	4.20	0.000000	0.000000	0.000000	0.998929	29.34
0.59	4.57	0.000000	0.000000	0.000000	0.998929	29.34
0.59	4.94	0.000000	0.000000	0.000000	0.998929	29.34
0.59	5.31	0.000000	0.000000	0.000000	0.998929	29.34
0.59	5.67	0.000000	0.000000	0.000000	0.998929	29.34
0.59	6.04	0.000000	0.000000	0.000000	0.998929	29.34
0.59	6.41	0.000000	0.000000	0.000000	0.998929	29.34
0.59	6.78	0.192992	0.122070	0.077210	0.998929	29.34
0.59	7.14	0.294120	0.095365	0.030921	0.998929	29.34
0.59	7.51	0.378107	0.162536	0.069869	0.998929	29.34
0.59	7.88	0.585749	0.082226	0.011543	0.998929	29.34
0.59	8.24	0.697613	0.048084	0.003314	0.998929	29.34
0.59	8.61	0.731995	0.065189	0.005805	0.998929	29.34
0.59	8.98	0.783535	0.058991	0.004441	0.998929	29.34
0.59	9.35	0.813034	0.051783	0.003298	0.998929	29.34
0.59	9.71	0.836487	0.041261	0.002035	0.998929	29.34
0.59	10.08	0.864006	0.028521	0.000942	0.998929	29.34
0.59	10.45	0.870025	0.020200	0.000469	0.998929	29.34
0.59	10.82	0.882840	0.010201	0.000118	0.998929	29.34
0.59	11.18	0.881814	0.012888	0.000188	0.998929	29.34
0.59	11.55	0.890482	0.005362	0.000032	0.998929	29.34
0.59	11.92	0.891500	0.007212	0.000058	0.998929	29.34
0.59	12.29	0.891133	0.009401	0.000099	0.998929	29.34
0.59	12.65	0.894239	0.003527	0.000014	0.998929	29.34
0.59	13.02	0.896810	0.003534	0.000014	0.998929	29.34
0.59	13.39	0.896313	0.003909	0.000017	0.998929	29.34
0.59	13.76	0.900009	0.002166	0.000005	0.998929	29.34
0.59	14.12	0.898855	0.001220	0.000002	0.998929	29.34
0.59	14.49	0.900080	0.001048	0.000001	0.998929	29.34
0.59	14.86	0.900917	0.001524	0.000003	0.998929	29.34
0.59	15.22	0.900320	0.001273	0.000002	0.998929	29.34
0.59	15.59	0.901288	0.001024	0.000001	0.998929	29.34
0.59	15.96	0.900974	0.001064	0.000001	0.998929	29.34
0.59	16.33	0.899258	0.001400	0.000002	0.998929	29.34
0.59	16.69	0.898415	0.002604	0.000008	0.998929	29.34
0.59	17.06	0.882379	0.004514	0.000023	0.998929	29.34
0.59	17.43	0.898224	0.001388	0.000002	0.998929	29.34
0.59	17.80	0.900179	0.002675	0.000008	0.998929	29.34
0.59	18.16	0.895793	0.005055	0.000029	0.998929	29.34
0.59	18.53	0.857546	0.012402	0.000179	0.998929	29.34
0.59	18.90	0.898300	0.001355	0.000002	0.998929	29.34
0.59	19.27	0.891253	0.006610	0.000049	0.998929	29.34
0.59	19.63	0.880909	0.015003	0.000256	0.998929	29.34
0.59	20.00	0.829094	0.026336	0.000837	0.998929	29.34
0.62	2.00	0.000000	0.000000	0.000000	0.998393	29.63
0.62	2.37	0.000000	0.000000	0.000000	0.998393	29.63
0.62	2.73	0.000000	0.000000	0.000000	0.998393	29.63
0.62	3.10	0.000000	0.000000	0.000000	0.998393	29.63
0.62	3.47	0.000000	0.000000	0.000000	0.998393	29.63
0.62	3.84	0.000000	0.000000	0.000000	0.998393	29.63
0.62	4.20	0.000000	0.000000	0.000000	0.998393	29.63
0.62	4.57	0.000000	0.000000	0.000000	0.998393	29.63
0.62	4.94	0.000000	0.000000	0.000000	0.998393	29.63
0.62	5.31	0.000000	0.000000	0.000000	0.998393	29.63
0.62	5.67	0.000000	0.000000	0.000000	0.998393	29.63
0.62	6.04	0.000000	0.000000	0.000000	0.998393	29.63
0.62	6.41	0.120104	0.005097	0.000216	0.998393	29.63
0.62	6.78	0.163507	0.011734	0.000842	0.998393	29.63
0.62	7.14	0.295944	0.099562	0.033495	0.998393	29.63
0.62	7.51	0.519077	0.059653	0.006855	0.998393	29.63
0.62	7.88	0.619588	0.067291	0.007308	0.998393	29.63
0.62	8.24	0.696876	0.076454	0.008388	0.998393	29.63
0.62	8.61	0.791478	0.059209	0.004429	0.998393	29.63
0.62	8.98	0.795624	0.057978	0.004225	0.998393	29.63
0.62	9.35	0.845971	0.034656	0.001420	0.998393	29.63
0.62	9.71	0.848010	0.038051	0.001707	0.998393	29.63
0.62	10.08	0.863347	0.024442	0.000692	0.998393	29.63
0.62	10.45	0.877003	0.014516	0.000240	0.998393	29.63
0.62	10.82	0.886889	0.009912	0.000111	0.998393	29.63
0.62	11.18	0.888119	0.006812	0.000052	0.998393	29.63
0.62	11.55	0.890360	0.006507	0.000048	0.998393	29.63
0.62	11.92	0.895317	0.004042	0.000018	0.998393	29.63
0.62	12.29	0.897330	0.003245	0.000012	0.998393	29.63
0.62	12.65	0.898848	0.002740	0.000008	0.998393	29.63
0.62	13.02	0.899732	0.001959	0.000004	0.998393	29.63
0.62	13.39	0.899034	0.002565	0.000007	0.998393	29.63
0.62	13.76	0.890782	0.019553	0.000429	0.998393	29.63
0.62	14.12	0.899512	0.001344	0.000002	0.998393	29.63
0.62	14.49	0.891532	0.002570	0.000007	0.998393	29.63
0.62	14.86	0.901532	0.001398	0.000002	0.998393	29.63
0.62	15.22	0.903063	0.000768	0.000001	0.998393	29.63
0.62	15.59	0.902131	0.000940	0.000001	0.998393	29.63
0.62	15.96	0.899528	0.002470	0.000007	0.998393	29.63
0.62	16.33	0.882077	0.004291	0.000021	0.998393	29.63
0.62	16.69	0.902741	0.000869	0.000001	0.998393	29.63
0.62	17.06	0.897931	0.003134	0.000011	0.998393	29.63
0.62	17.43	0.897218	0.004384	0.000021	0.998393	29.63
0.62	17.80	0.902634	0.002182	0.000005	0.998393	29.63
0.62	18.16	0.893074	0.009895	0.000110	0.998393	29.63
0.62	18.53	0.903038	0.001075	0.000001	0.998393	29.63
0.62	18.90	0.899789	0.003900	0.000017	0.998393	29.63
0.62	19.27	0.894014	0.013994	0.000219	0.998393	29.63
0.62	19.63	0.758924	0.051060	0.003435	0.998393	29.63
0.62	20.00	0.824268	0.029024	0.001022	0.998393	29.63
0.64	2.00	0.000000	0.000000	0.000000	0.998571	29.89
0.64	2.37	0.000000	0.000000	0.000000	0.998571	29.89
0.64	2.73	0.000000	0.000000	0.000000	0.998571	29.89
0.64	3.10	0.000000	0.000000	0.000000	0.998571	29.89
0.64	3.47	0.000000	0.000000	0.000000	0.998571	29.89
0.64	3.84	0.000000	0.000000	0.000000	0.998571	29.89
0.64	4.20	0.000000	0.000000	0.000000	0.998571	29.89
0.64	4.57	0.000000	0.000000	0.000000	0.998571	29.89
0.64	4.94	0.000000	0.000000	0.000000	0.998571	29.89
0.64	5.31	0.000000	0.000000	0.000000	0.998571	29.89
0.64	5.67	0.000000	0.000000	0.000000	0.998571	29.89
0.64	6.04	0.050787	0.000000	0.000000	0.998571	29.89
0.64	6.41	0.142793	0.005097	0.000182	0.998571	29.89
0.64	6.78	0.265607	0.094571	0.033672	0.998571	29.89
0.64	7.14	0.409645	0.130761	0.041739	0.998571	29.89
0.64	7.51	0.501623	0.116020	0.026834	0.998571	29.89
0.64	7.88	0.626914	0.077569	0.009598	0.998571	29.89
0.64	8.24	0.736588	0.067680	0.006219	0.998571	29.89
0.64	8.61	0.775427	0.050410	0.003277	0.998571	29.89
0.64	8.98	0.821829	0.042950	0.002245	0.998571	29.89
0.64	9.35	0.832327	0.042480	0.002168	0.998571	29.89
0.64	9.71	0.869581	0.021573	0.000535	0.998571	29.89
0.64	10.08	0.876013	0.016421	0.000308	0.998571	29.89
0.64	10.45	0.880969	0.016583	0.000312	0.998571	29.89
0.64	10.82	0.887353	0.009166	0.000095	0.998571	29.89
0.64	11.18	0.894229	0.004881	0.000027	0.998571	29.89
0.64	11.55	0.895344	0.003637	0.000015	0.998571	29.89
0.64	11.92	0.896647	0.002754	0.000008	0.998571	29.89
0.64	12.29	0.897463	0.002625	0.000008	0.998571	29.89
0.64	12.65	0.897358	0.003228	0.000012	0.998571	29.89
0.64	13.02	0.898815	0.002062	0.000005	0.998571	29.89
0.64	13.39	0.899937	0.001383	0.000002	0.998571	29.89
0.64	13.76	0.901445	0.001062	0.000001	0.998571	29.89
0.64	14.12	0.900018	0.000969	0.000001	0.998571	29.89
0.64	14.49	0.898985	0.002637	0.000008	0.998571	29.89
0.64	14.86	0.895415	0.001473	0.000002	0.998571	29.89
0.64	15.22	0.902709	0.000998	0.000001	0.998571	29.89
0.64	15.59	0.902190	0.000845	0.000001	0.998571	29.89
0.64	15.96	0.897416	0.001651	0.000003	0.998571	29.89
0.64	16.33	0.903195	0.000858	0.000001	0.998571	29.89
0.64	16.69	0.899665	0.002608	0.000008	0.998571	29.89
0.64	17.06	0.873329	0.009471	0.000103	0.998571	29.89
0.64	17.43	0.902396	0.001722	0.000003	0.998571	29.89
0.64	17.80	0.902175	0.001861	0.000004	0.998571	29.89
0.64	18.16	0.876491	0.017266	0.000340	0.998571	29.89
0.64	18.53	0.848590	0.020837	0.000512	0.998571	29.89
0.64	18.90	0.843211	0.063200	0.004737	0.998571	29.89
0.64	19.27	0.903007	0.000957	0.000001	0.998571	29.89
0.64	19.63	0.895507	0.006936	0.000054	0.998571	29.89
0.64	20.00	0.880127	0.031898	0.001156	0.998571	29.89
0.66	2.00	0.000000	0.000000	0.000000	0.998393	30.17
0.66	2.37	0.000000	0.000000	0.000000	0.998393	30.17
0.66	2.73	0.000000	0.000000	0.000000	0.998393	30.17
0.66	3.10	0.000000	0.000000	0.000000	0.998393	30.17
0.66	3.47	0.000000	0.000000	0.000000	0.998393	30.17
0.66	3.84	0.000000	0.000000	0.000000	0.998393	30.17
0.66	4.20	0.000000	0.000000	0.000000	0.998393	30.17
0.66	4.57	0.000000	0.000000	0.000000	0.998393	30.17
0.66	4.94	0.000000	0.000000	0.000000	0.998393	30.17
0.66	5.31	0.000000	0.000000	0.000000	0.998393	30.17
0.66	5.67	0.000000	0.000000	0.000000	0.998393	30.17
0.66	6.04	0.124307	0.000000	0.000000	0.998393	30.17
0.66	6.41	0.000000	0.000000	0.000000	0.998393	30.17
0.66	6.78	0.220140	0.087635	0.034887	0.998393	30.17
0.66	7.14	0.358894	0.114252	0.036371	0.998393	30.17
0.66	7.51	0.499638	0.153029	0.046869	0.998393	30.17
0.66	7.88	0.655332	0.077087	0.009068	0.998393	30.17
0.66	8.24	0.746168	0.058179	0.004536	0.998393	30.17
0.66	8.61	0.791702	0.061132	0.004720	0.998393	30.17
0.66	8.98	0.847439	0.026901	0.000854	0.998393	30.17
0.66	9.35	0.861458	0.016563	0.000318	0.998393	30.17
0.66	9.71	0.870983	0.020350	0.000475	0.998393	30.17
0.66	10.08	0.880994	0.010563	0.000127	0.998393	30.17
0.66	10.45	0.886226	0.009788	0.000108	0.998393	30.17
0.66	10.82	0.890990	0.006472	0.000047	0.998393	30.17
0.66	11.18	0.894770	0.004362	0.000021	0.998393	30.17
0.66	11.55	0.893318	0.005171	0.000030	0.998393	30.17
0.66	11.92	0.896991	0.003926	0.000017	0.998393	30.17
0.66	12.29	0.897945	0.001832	0.000004	0.998393	30.17
0.66	12.65	0.899759	0.001815	0.000004	0.998393	30.17
0.66	13.02	0.900675	0.001383	0.000002	0.998393	30.17
0.66	13.39	0.900228	0.001334	0.000002	0.998393	30.17
0.66	13.76	0.901395	0.001263	0.000002	0.998393	30.17
0.66	14.12	0.898262	0.001630	0.000003	0.998393	30.17
0.66	14.49	0.900921	0.000594	0.000000	0.998393	30.17
0.66	14.86	0.900920	0.001640	0.000003	0.998393	30.17
0.66	15.22	0.899334	0.001159	0.000001	0.998393	30.17
0.66	15.59	0.900254	0.001089	0.000001	0.998393	30.17
0.66	15.96	0.899852	0.001094	0.000001	0.998393	30.17
0.66	16.33	0.902205	0.000834	0.000001	0.998393	30.17
0.66	16.69	0.900726	0.002246	0.000006	0.998393	30.17
0.66	17.06	0.903738	0.000902	0.000001	0.998393	30.17
0.66	17.43	0.901309	0.000779	0.000001	0.998393	30.17
0.66	17.80	0.902675	0.001119	0.000001	0.998393	30.17
0.66	18.16	0.897551	0.001978	0.000004	0.998393	30.17
0.66	18.53	0.885775	0.008761	0.000087	0.998393	30.17
0.66	18.90	0.885317	0.014499	0.000237	0.998393	30.17
0.66	19.27	0.899968	0.001400	0.000002	0.998393	30.17
0.66	19.63	0.897678	0.001884	0.000004	0.998393	30.17
0.66	20.00	0.895605	0.005688	0.000036	0.998393	30.17
