base_sigma	MAX_EXC_WEIGHT	Gini	mean_peaks_height	std_peaks_height	fano_factor
0.2078	2.00	0.589609	0.000000	0.000000	0.000000
0.2078	2.37	0.589609	0.000000	0.000000	0.000000
0.2078	2.73	0.589609	0.000000	0.000000	0.000000
0.2078	3.10	0.589609	0.000000	0.000000	0.000000
0.2078	3.47	0.589609	0.000000	0.000000	0.000000
0.2078	3.84	0.589609	0.000000	0.000000	0.000000
0.2078	4.20	0.589609	0.000000	0.000000	0.000000
0.2078	4.57	0.589609	0.000000	0.000000	0.000000
0.2078	4.94	0.589609	0.000000	0.000000	0.000000
0.2078	5.31	0.589609	0.000000	0.000000	0.000000
0.2078	5.67	0.589609	0.000000	0.000000	0.000000
0.2078	6.04	0.589609	0.000000	0.000000	0.000000
0.2078	6.41	0.589609	0.000000	0.000000	0.000000
0.2078	6.78	0.589609	0.000000	0.000000	0.000000
0.2078	7.14	0.589609	0.000000	0.000000	0.000000
0.2078	7.51	0.589609	0.000000	0.000000	0.000000
0.2078	7.88	0.589609	0.000000	0.000000	0.000000
0.2078	8.24	0.589609	0.000000	0.000000	0.000000
0.2078	8.61	0.589609	0.000000	0.000000	0.000000
0.2078	8.98	0.589609	0.000000	0.000000	0.000000
0.2078	9.35	0.589609	0.000000	0.000000	0.000000
0.2078	9.71	0.589609	0.000000	0.000000	0.000000
0.2078	10.08	0.589609	0.000000	0.000000	0.000000
0.2078	10.45	0.589609	0.000000	0.000000	0.000000
0.2078	10.82	0.589609	0.000000	0.000000	0.000000
0.2078	11.18	0.589609	0.000000	0.000000	0.000000
0.2078	11.55	0.589609	0.000000	0.000000	0.000000
0.2078	11.92	0.589609	0.000000	0.000000	0.000000
0.2078	12.29	0.589609	0.000000	0.000000	0.000000
0.2078	12.65	0.589609	0.000000	0.000000	0.000000
0.2078	13.02	0.589609	0.000000	0.000000	0.000000
0.2078	13.39	0.589609	0.000000	0.000000	0.000000
0.2078	13.76	0.589609	0.000000	0.000000	0.000000
0.2078	14.12	0.589609	0.000000	0.000000	0.000000
0.2078	14.49	0.589609	0.000000	0.000000	0.000000
0.2078	14.86	0.589609	0.000000	0.000000	0.000000
0.2078	15.22	0.589609	0.000000	0.000000	0.000000
0.2078	15.59	0.589609	0.000000	0.000000	0.000000
0.2078	15.96	0.589609	0.000000	0.000000	0.000000
0.2078	16.33	0.589609	0.000000	0.000000	0.000000
0.2078	16.69	0.589609	0.000000	0.000000	0.000000
0.2078	17.06	0.589609	0.115822	0.010543	0.000960
0.2078	17.43	0.589609	0.116105	0.011190	0.001078
0.2078	17.80	0.589609	0.123309	0.018988	0.002924
0.2078	18.16	0.589609	0.130300	0.021124	0.003424
0.2078	18.53	0.589609	0.143874	0.028512	0.005650
0.2078	18.90	0.589609	0.146759	0.032300	0.007109
0.2078	19.27	0.589609	0.164707	0.038729	0.009107
0.2078	19.63	0.589609	0.202981	0.062140	0.019023
0.2078	20.00	0.589609	0.234304	0.063903	0.017428
0.2214	2.00	0.551660	0.000000	0.000000	0.000000
0.2214	2.37	0.551660	0.000000	0.000000	0.000000
0.2214	2.73	0.551660	0.000000	0.000000	0.000000
0.2214	3.10	0.551660	0.000000	0.000000	0.000000
0.2214	3.47	0.551660	0.000000	0.000000	0.000000
0.2214	3.84	0.551660	0.000000	0.000000	0.000000
0.2214	4.20	0.551660	0.000000	0.000000	0.000000
0.2214	4.57	0.551660	0.000000	0.000000	0.000000
0.2214	4.94	0.551660	0.000000	0.000000	0.000000
0.2214	5.31	0.551660	0.000000	0.000000	0.000000
0.2214	5.67	0.551660	0.000000	0.000000	0.000000
0.2214	6.04	0.551660	0.000000	0.000000	0.000000
0.2214	6.41	0.551660	0.000000	0.000000	0.000000
0.2214	6.78	0.551660	0.000000	0.000000	0.000000
0.2214	7.14	0.551660	0.000000	0.000000	0.000000
0.2214	7.51	0.551660	0.000000	0.000000	0.000000
0.2214	7.88	0.551660	0.000000	0.000000	0.000000
0.2214	8.24	0.551660	0.000000	0.000000	0.000000
0.2214	8.61	0.551660	0.000000	0.000000	0.000000
0.2214	8.98	0.551660	0.000000	0.000000	0.000000
0.2214	9.35	0.551660	0.000000	0.000000	0.000000
0.2214	9.71	0.551660	0.000000	0.000000	0.000000
0.2214	10.08	0.551660	0.000000	0.000000	0.000000
0.2214	10.45	0.551660	0.000000	0.000000	0.000000
0.2214	10.82	0.551660	0.000000	0.000000	0.000000
0.2214	11.18	0.551660	0.000000	0.000000	0.000000
0.2214	11.55	0.551660	0.000000	0.000000	0.000000
0.2214	11.92	0.551660	0.000000	0.000000	0.000000
0.2214	12.29	0.551660	0.000000	0.000000	0.000000
0.2214	12.65	0.551660	0.000000	0.000000	0.000000
0.2214	13.02	0.551660	0.000000	0.000000	0.000000
0.2214	13.39	0.551660	0.000000	0.000000	0.000000
0.2214	13.76	0.551660	0.000000	0.000000	0.000000
0.2214	14.12	0.551660	0.000000	0.000000	0.000000
0.2214	14.49	0.551660	0.000000	0.000000	0.000000
0.2214	14.86	0.551660	0.000000	0.000000	0.000000
0.2214	15.22	0.551660	0.000000	0.000000	0.000000
0.2214	15.59	0.551660	0.000000	0.000000	0.000000
0.2214	15.96	0.551660	0.000000	0.000000	0.000000
0.2214	16.33	0.551660	0.000000	0.000000	0.000000
0.2214	16.69	0.551660	0.000000	0.000000	0.000000
0.2214	17.06	0.551660	0.000000	0.000000	0.000000
0.2214	17.43	0.551660	0.000000	0.000000	0.000000
0.2214	17.80	0.551660	0.108208	0.010072	0.000938
0.2214	18.16	0.551660	0.111518	0.008887	0.000708
0.2214	18.53	0.551660	0.119703	0.015364	0.001972
0.2214	18.90	0.551660	0.123996	0.019503	0.003068
0.2214	19.27	0.551660	0.128064	0.019697	0.003029
0.2214	19.63	0.551660	0.154029	0.037319	0.009042
0.2214	20.00	0.551660	0.170336	0.043202	0.010957
0.2351	2.00	0.563375	0.000000	0.000000	0.000000
0.2351	2.37	0.563375	0.000000	0.000000	0.000000
0.2351	2.73	0.563375	0.000000	0.000000	0.000000
0.2351	3.10	0.563375	0.000000	0.000000	0.000000
0.2351	3.47	0.563375	0.000000	0.000000	0.000000
0.2351	3.84	0.563375	0.000000	0.000000	0.000000
0.2351	4.20	0.563375	0.000000	0.000000	0.000000
0.2351	4.57	0.563375	0.000000	0.000000	0.000000
0.2351	4.94	0.563375	0.000000	0.000000	0.000000
0.2351	5.31	0.563375	0.000000	0.000000	0.000000
0.2351	5.67	0.563375	0.000000	0.000000	0.000000
0.2351	6.04	0.563375	0.000000	0.000000	0.000000
0.2351	6.41	0.563375	0.000000	0.000000	0.000000
0.2351	6.78	0.563375	0.000000	0.000000	0.000000
0.2351	7.14	0.563375	0.000000	0.000000	0.000000
0.2351	7.51	0.563375	0.000000	0.000000	0.000000
0.2351	7.88	0.563375	0.000000	0.000000	0.000000
0.2351	8.24	0.563375	0.000000	0.000000	0.000000
0.2351	8.61	0.563375	0.000000	0.000000	0.000000
0.2351	8.98	0.563375	0.000000	0.000000	0.000000
0.2351	9.35	0.563375	0.000000	0.000000	0.000000
0.2351	9.71	0.563375	0.000000	0.000000	0.000000
0.2351	10.08	0.563375	0.000000	0.000000	0.000000
0.2351	10.45	0.563375	0.000000	0.000000	0.000000
0.2351	10.82	0.563375	0.000000	0.000000	0.000000
0.2351	11.18	0.563375	0.000000	0.000000	0.000000
0.2351	11.55	0.563375	0.000000	0.000000	0.000000
0.2351	11.92	0.563375	0.000000	0.000000	0.000000
0.2351	12.29	0.563375	0.000000	0.000000	0.000000
0.2351	12.65	0.563375	0.000000	0.000000	0.000000
0.2351	13.02	0.563375	0.000000	0.000000	0.000000
0.2351	13.39	0.563375	0.000000	0.000000	0.000000
0.2351	13.76	0.563375	0.000000	0.000000	0.000000
0.2351	14.12	0.563375	0.000000	0.000000	0.000000
0.2351	14.49	0.563375	0.000000	0.000000	0.000000
0.2351	14.86	0.563375	0.000000	0.000000	0.000000
0.2351	15.22	0.563375	0.000000	0.000000	0.000000
0.2351	15.59	0.563375	0.000000	0.000000	0.000000
0.2351	15.96	0.563375	0.000000	0.000000	0.000000
0.2351	16.33	0.563375	0.000000	0.000000	0.000000
0.2351	16.69	0.563375	0.000000	0.000000	0.000000
0.2351	17.06	0.563375	0.000000	0.000000	0.000000
0.2351	17.43	0.563375	0.115462	0.005698	0.000281
0.2351	17.80	0.563375	0.103869	0.002518	0.000061
0.2351	18.16	0.563375	0.114923	0.010485	0.000957
0.2351	18.53	0.563375	0.119593	0.014251	0.001698
0.2351	18.90	0.563375	0.121621	0.020086	0.003317
0.2351	19.27	0.563375	0.135486	0.025958	0.004973
0.2351	19.63	0.563375	0.159036	0.033639	0.007115
0.2351	20.00	0.563375	0.159684	0.035244	0.007779
0.2488	2.00	0.552914	0.000000	0.000000	0.000000
0.2488	2.37	0.552914	0.000000	0.000000	0.000000
0.2488	2.73	0.552914	0.000000	0.000000	0.000000
0.2488	3.10	0.552914	0.000000	0.000000	0.000000
0.2488	3.47	0.552914	0.000000	0.000000	0.000000
0.2488	3.84	0.552914	0.000000	0.000000	0.000000
0.2488	4.20	0.552914	0.000000	0.000000	0.000000
0.2488	4.57	0.552914	0.000000	0.000000	0.000000
0.2488	4.94	0.552914	0.000000	0.000000	0.000000
0.2488	5.31	0.552914	0.000000	0.000000	0.000000
0.2488	5.67	0.552914	0.000000	0.000000	0.000000
0.2488	6.04	0.552914	0.000000	0.000000	0.000000
0.2488	6.41	0.552914	0.000000	0.000000	0.000000
0.2488	6.78	0.552914	0.000000	0.000000	0.000000
0.2488	7.14	0.552914	0.000000	0.000000	0.000000
0.2488	7.51	0.552914	0.000000	0.000000	0.000000
0.2488	7.88	0.552914	0.000000	0.000000	0.000000
0.2488	8.24	0.552914	0.000000	0.000000	0.000000
0.2488	8.61	0.552914	0.000000	0.000000	0.000000
0.2488	8.98	0.552914	0.000000	0.000000	0.000000
0.2488	9.35	0.552914	0.000000	0.000000	0.000000
0.2488	9.71	0.552914	0.000000	0.000000	0.000000
0.2488	10.08	0.552914	0.000000	0.000000	0.000000
0.2488	10.45	0.552914	0.000000	0.000000	0.000000
0.2488	10.82	0.552914	0.000000	0.000000	0.000000
0.2488	11.18	0.552914	0.000000	0.000000	0.000000
0.2488	11.55	0.552914	0.000000	0.000000	0.000000
0.2488	11.92	0.552914	0.000000	0.000000	0.000000
0.2488	12.29	0.552914	0.000000	0.000000	0.000000
0.2488	12.65	0.552914	0.000000	0.000000	0.000000
0.2488	13.02	0.552914	0.000000	0.000000	0.000000
0.2488	13.39	0.552914	0.000000	0.000000	0.000000
0.2488	13.76	0.552914	0.000000	0.000000	0.000000
0.2488	14.12	0.552914	0.000000	0.000000	0.000000
0.2488	14.49	0.552914	0.000000	0.000000	0.000000
0.2488	14.86	0.552914	0.000000	0.000000	0.000000
0.2488	15.22	0.552914	0.000000	0.000000	0.000000
0.2488	15.59	0.552914	0.000000	0.000000	0.000000
0.2488	15.96	0.552914	0.000000	0.000000	0.000000
0.2488	16.33	0.552914	0.000000	0.000000	0.000000
0.2488	16.69	0.552914	0.000000	0.000000	0.000000
0.2488	17.06	0.552914	0.120774	0.000000	0.000000
0.2488	17.43	0.552914	0.117402	0.013949	0.001657
0.2488	17.80	0.552914	0.123817	0.022745	0.004178
0.2488	18.16	0.552914	0.136214	0.020261	0.003014
0.2488	18.53	0.552914	0.132890	0.018678	0.002625
0.2488	18.90	0.552914	0.178682	0.036826	0.007590
0.2488	19.27	0.552914	0.195864	0.047233	0.011390
0.2488	19.63	0.552914	0.228133	0.047559	0.009915
0.2488	20.00	0.552914	0.243269	0.035059	0.005053
0.2624	2.00	0.525797	0.000000	0.000000	0.000000
0.2624	2.37	0.525797	0.000000	0.000000	0.000000
0.2624	2.73	0.525797	0.000000	0.000000	0.000000
0.2624	3.10	0.525797	0.000000	0.000000	0.000000
0.2624	3.47	0.525797	0.000000	0.000000	0.000000
0.2624	3.84	0.525797	0.000000	0.000000	0.000000
0.2624	4.20	0.525797	0.000000	0.000000	0.000000
0.2624	4.57	0.525797	0.000000	0.000000	0.000000
0.2624	4.94	0.525797	0.000000	0.000000	0.000000
0.2624	5.31	0.525797	0.000000	0.000000	0.000000
0.2624	5.67	0.525797	0.000000	0.000000	0.000000
0.2624	6.04	0.525797	0.000000	0.000000	0.000000
0.2624	6.41	0.525797	0.000000	0.000000	0.000000
0.2624	6.78	0.525797	0.000000	0.000000	0.000000
0.2624	7.14	0.525797	0.000000	0.000000	0.000000
0.2624	7.51	0.525797	0.000000	0.000000	0.000000
0.2624	7.88	0.525797	0.000000	0.000000	0.000000
0.2624	8.24	0.525797	0.000000	0.000000	0.000000
0.2624	8.61	0.525797	0.000000	0.000000	0.000000
0.2624	8.98	0.525797	0.000000	0.000000	0.000000
0.2624	9.35	0.525797	0.000000	0.000000	0.000000
0.2624	9.71	0.525797	0.000000	0.000000	0.000000
0.2624	10.08	0.525797	0.000000	0.000000	0.000000
0.2624	10.45	0.525797	0.000000	0.000000	0.000000
0.2624	10.82	0.525797	0.000000	0.000000	0.000000
0.2624	11.18	0.525797	0.000000	0.000000	0.000000
0.2624	11.55	0.525797	0.000000	0.000000	0.000000
0.2624	11.92	0.525797	0.000000	0.000000	0.000000
0.2624	12.29	0.525797	0.000000	0.000000	0.000000
0.2624	12.65	0.525797	0.000000	0.000000	0.000000
0.2624	13.02	0.525797	0.000000	0.000000	0.000000
0.2624	13.39	0.525797	0.000000	0.000000	0.000000
0.2624	13.76	0.525797	0.000000	0.000000	0.000000
0.2624	14.12	0.525797	0.000000	0.000000	0.000000
0.2624	14.49	0.525797	0.000000	0.000000	0.000000
0.2624	14.86	0.525797	0.000000	0.000000	0.000000
0.2624	15.22	0.525797	0.000000	0.000000	0.000000
0.2624	15.59	0.525797	0.000000	0.000000	0.000000
0.2624	15.96	0.525797	0.000000	0.000000	0.000000
0.2624	16.33	0.525797	0.000000	0.000000	0.000000
0.2624	16.69	0.525797	0.000000	0.000000	0.000000
0.2624	17.06	0.525797	0.000000	0.000000	0.000000
0.2624	17.43	0.525797	0.113189	0.016737	0.002475
0.2624	17.80	0.525797	0.114453	0.012479	0.001361
0.2624	18.16	0.525797	0.116497	0.015845	0.002155
0.2624	18.53	0.525797	0.119473	0.014336	0.001720
0.2624	18.90	0.525797	0.143480	0.024459	0.004169
0.2624	19.27	0.525797	0.144450	0.029767	0.006134
0.2624	19.63	0.525797	0.194575	0.036257	0.006756
0.2624	20.00	0.525797	0.207477	0.036242	0.006331
0.2761	2.00	0.537698	0.000000	0.000000	0.000000
0.2761	2.37	0.537698	0.000000	0.000000	0.000000
0.2761	2.73	0.537698	0.000000	0.000000	0.000000
0.2761	3.10	0.537698	0.000000	0.000000	0.000000
0.2761	3.47	0.537698	0.000000	0.000000	0.000000
0.2761	3.84	0.537698	0.000000	0.000000	0.000000
0.2761	4.20	0.537698	0.000000	0.000000	0.000000
0.2761	4.57	0.537698	0.000000	0.000000	0.000000
0.2761	4.94	0.537698	0.000000	0.000000	0.000000
0.2761	5.31	0.537698	0.000000	0.000000	0.000000
0.2761	5.67	0.537698	0.000000	0.000000	0.000000
0.2761	6.04	0.537698	0.000000	0.000000	0.000000
0.2761	6.41	0.537698	0.000000	0.000000	0.000000
0.2761	6.78	0.537698	0.000000	0.000000	0.000000
0.2761	7.14	0.537698	0.000000	0.000000	0.000000
0.2761	7.51	0.537698	0.000000	0.000000	0.000000
0.2761	7.88	0.537698	0.000000	0.000000	0.000000
0.2761	8.24	0.537698	0.000000	0.000000	0.000000
0.2761	8.61	0.537698	0.000000	0.000000	0.000000
0.2761	8.98	0.537698	0.000000	0.000000	0.000000
0.2761	9.35	0.537698	0.000000	0.000000	0.000000
0.2761	9.71	0.537698	0.000000	0.000000	0.000000
0.2761	10.08	0.537698	0.000000	0.000000	0.000000
0.2761	10.45	0.537698	0.000000	0.000000	0.000000
0.2761	10.82	0.537698	0.000000	0.000000	0.000000
0.2761	11.18	0.537698	0.000000	0.000000	0.000000
0.2761	11.55	0.537698	0.000000	0.000000	0.000000
0.2761	11.92	0.537698	0.000000	0.000000	0.000000
0.2761	12.29	0.537698	0.000000	0.000000	0.000000
0.2761	12.65	0.537698	0.000000	0.000000	0.000000
0.2761	13.02	0.537698	0.000000	0.000000	0.000000
0.2761	13.39	0.537698	0.000000	0.000000	0.000000
0.2761	13.76	0.537698	0.000000	0.000000	0.000000
0.2761	14.12	0.537698	0.000000	0.000000	0.000000
0.2761	14.49	0.537698	0.000000	0.000000	0.000000
0.2761	14.86	0.537698	0.000000	0.000000	0.000000
0.2761	15.22	0.537698	0.000000	0.000000	0.000000
0.2761	15.59	0.537698	0.000000	0.000000	0.000000
0.2761	15.96	0.537698	0.000000	0.000000	0.000000
0.2761	16.33	0.537698	0.000000	0.000000	0.000000
0.2761	16.69	0.537698	0.000000	0.000000	0.000000
0.2761	17.06	0.537698	0.000000	0.000000	0.000000
0.2761	17.43	0.537698	0.000000	0.000000	0.000000
0.2761	17.80	0.537698	0.110661	0.001889	0.000032
0.2761	18.16	0.537698	0.108322	0.011669	0.001257
0.2761	18.53	0.537698	0.121221	0.014785	0.001803
0.2761	18.90	0.537698	0.118333	0.018956	0.003037
0.2761	19.27	0.537698	0.125753	0.018218	0.002639
0.2761	19.63	0.537698	0.145820	0.026696	0.004887
0.2761	20.00	0.537698	0.154747	0.038664	0.009660
0.2898	2.00	0.510694	0.000000	0.000000	0.000000
0.2898	2.37	0.510694	0.000000	0.000000	0.000000
0.2898	2.73	0.510694	0.000000	0.000000	0.000000
0.2898	3.10	0.510694	0.000000	0.000000	0.000000
0.2898	3.47	0.510694	0.000000	0.000000	0.000000
0.2898	3.84	0.510694	0.000000	0.000000	0.000000
0.2898	4.20	0.510694	0.000000	0.000000	0.000000
0.2898	4.57	0.510694	0.000000	0.000000	0.000000
0.2898	4.94	0.510694	0.000000	0.000000	0.000000
0.2898	5.31	0.510694	0.000000	0.000000	0.000000
0.2898	5.67	0.510694	0.000000	0.000000	0.000000
0.2898	6.04	0.510694	0.000000	0.000000	0.000000
0.2898	6.41	0.510694	0.000000	0.000000	0.000000
0.2898	6.78	0.510694	0.000000	0.000000	0.000000
0.2898	7.14	0.510694	0.000000	0.000000	0.000000
0.2898	7.51	0.510694	0.000000	0.000000	0.000000
0.2898	7.88	0.510694	0.000000	0.000000	0.000000
0.2898	8.24	0.510694	0.000000	0.000000	0.000000
0.2898	8.61	0.510694	0.000000	0.000000	0.000000
0.2898	8.98	0.510694	0.000000	0.000000	0.000000
0.2898	9.35	0.510694	0.000000	0.000000	0.000000
0.2898	9.71	0.510694	0.000000	0.000000	0.000000
0.2898	10.08	0.510694	0.000000	0.000000	0.000000
0.2898	10.45	0.510694	0.000000	0.000000	0.000000
0.2898	10.82	0.510694	0.000000	0.000000	0.000000
0.2898	11.18	0.510694	0.000000	0.000000	0.000000
0.2898	11.55	0.510694	0.000000	0.000000	0.000000
0.2898	11.92	0.510694	0.000000	0.000000	0.000000
0.2898	12.29	0.510694	0.000000	0.000000	0.000000
0.2898	12.65	0.510694	0.000000	0.000000	0.000000
0.2898	13.02	0.510694	0.000000	0.000000	0.000000
0.2898	13.39	0.510694	0.000000	0.000000	0.000000
0.2898	13.76	0.510694	0.000000	0.000000	0.000000
