base_sigma	MAX_EXC_WEIGHT	Gini	mean_peaks_height	std_peaks_height	fano_factor
0.1367	2.00	0.487710	0.000000	0.000000	0.000000
0.1367	2.37	0.487710	0.000000	0.000000	0.000000
0.1367	2.73	0.487710	0.000000	0.000000	0.000000
0.1367	3.10	0.487710	0.000000	0.000000	0.000000
0.1367	3.47	0.487710	0.000000	0.000000	0.000000
0.1367	3.84	0.487710	0.000000	0.000000	0.000000
0.1367	4.20	0.487710	0.000000	0.000000	0.000000
0.1367	4.57	0.487710	0.000000	0.000000	0.000000
0.1367	4.94	0.487710	0.000000	0.000000	0.000000
0.1367	5.31	0.487710	0.000000	0.000000	0.000000
0.1367	5.67	0.487710	0.000000	0.000000	0.000000
0.1367	6.04	0.487710	0.000000	0.000000	0.000000
0.1367	6.41	0.487710	0.000000	0.000000	0.000000
0.1367	6.78	0.487710	0.000000	0.000000	0.000000
0.1367	7.14	0.487710	0.000000	0.000000	0.000000
0.1367	7.51	0.487710	0.000000	0.000000	0.000000
0.1367	7.88	0.487710	0.000000	0.000000	0.000000
0.1367	8.24	0.487710	0.000000	0.000000	0.000000
0.1367	8.61	0.487710	0.000000	0.000000	0.000000
0.1367	8.98	0.487710	0.000000	0.000000	0.000000
0.1367	9.35	0.487710	0.000000	0.000000	0.000000
0.1367	9.71	0.487710	0.074404	0.000000	0.000000
0.1367	10.08	0.487710	0.084592	0.023571	0.006568
0.1367	10.45	0.487710	0.194678	0.092780	0.044217
0.1367	10.82	0.487710	0.175013	0.126230	0.091045
0.1367	11.18	0.487710	0.312556	0.131715	0.055506
0.1367	11.55	0.487710	0.609097	0.103372	0.017544
0.1367	11.92	0.487710	0.699031	0.063927	0.005846
0.1367	12.29	0.487710	0.746958	0.056751	0.004312
0.1367	12.65	0.487710	0.805221	0.016765	0.000349
0.1367	13.02	0.487710	0.846868	0.011650	0.000160
0.1367	13.39	0.487710	0.868936	0.007721	0.000069
0.1367	13.76	0.487710	0.877429	0.007090	0.000057
0.1367	14.12	0.487710	0.883728	0.005464	0.000034
0.1367	14.49	0.487710	0.902883	0.004182	0.000019
0.1367	14.86	0.487710	0.904701	0.006632	0.000049
0.1367	15.22	0.487710	0.908999	0.003626	0.000014
0.1367	15.59	0.487710	0.918997	0.004508	0.000022
0.1367	15.96	0.487710	0.925641	0.003477	0.000013
0.1367	16.33	0.487710	0.925976	0.003201	0.000011
0.1367	16.69	0.487710	0.934069	0.004131	0.000018
0.1367	17.06	0.487710	0.932022	0.002439	0.000006
0.1367	17.43	0.487710	0.941371	0.002111	0.000005
0.1367	17.80	0.487710	0.943171	0.003667	0.000014
0.1367	18.16	0.487710	0.943017	0.004286	0.000019
0.1367	18.53	0.487710	0.946827	0.003314	0.000012
0.1367	18.90	0.487710	0.947627	0.002463	0.000006
0.1367	19.27	0.487710	0.950405	0.001739	0.000003
0.1367	19.63	0.487710	0.949423	0.002012	0.000004
0.1367	20.00	0.487710	0.953990	0.001591	0.000003
0.1429	2.00	0.464341	0.000000	0.000000	0.000000
0.1429	2.37	0.464341	0.000000	0.000000	0.000000
0.1429	2.73	0.464341	0.000000	0.000000	0.000000
0.1429	3.10	0.464341	0.000000	0.000000	0.000000
0.1429	3.47	0.464341	0.000000	0.000000	0.000000
0.1429	3.84	0.464341	0.000000	0.000000	0.000000
0.1429	4.20	0.464341	0.000000	0.000000	0.000000
0.1429	4.57	0.464341	0.000000	0.000000	0.000000
0.1429	4.94	0.464341	0.000000	0.000000	0.000000
0.1429	5.31	0.464341	0.000000	0.000000	0.000000
0.1429	5.67	0.464341	0.000000	0.000000	0.000000
0.1429	6.04	0.464341	0.000000	0.000000	0.000000
0.1429	6.41	0.464341	0.000000	0.000000	0.000000
0.1429	6.78	0.464341	0.000000	0.000000	0.000000
0.1429	7.14	0.464341	0.000000	0.000000	0.000000
0.1429	7.51	0.464341	0.000000	0.000000	0.000000
0.1429	7.88	0.464341	0.000000	0.000000	0.000000
0.1429	8.24	0.464341	0.000000	0.000000	0.000000
0.1429	8.61	0.464341	0.000000	0.000000	0.000000
0.1429	8.98	0.464341	0.000000	0.000000	0.000000
0.1429	9.35	0.464341	0.000000	0.000000	0.000000
0.1429	9.71	0.464341	0.000000	0.000000	0.000000
0.1429	10.08	0.464341	0.000000	0.000000	0.000000
0.1429	10.45	0.464341	0.000000	0.000000	0.000000
0.1429	10.82	0.464341	0.059967	0.005999	0.000600
0.1429	11.18	0.464341	0.062702	0.013728	0.003006
0.1429	11.55	0.464341	0.079169	0.041806	0.022076
0.1429	11.92	0.464341	0.243272	0.170220	0.119105
0.1429	12.29	0.464341	0.636960	0.082807	0.010765
0.1429	12.65	0.464341	0.808065	0.024828	0.000763
0.1429	13.02	0.464341	0.849851	0.019644	0.000454
0.1429	13.39	0.464341	0.879759	0.010029	0.000114
0.1429	13.76	0.464341	0.899057	0.005578	0.000035
0.1429	14.12	0.464341	0.911062	0.005441	0.000032
0.1429	14.49	0.464341	0.916883	0.003507	0.000013
0.1429	14.86	0.464341	0.924392	0.003280	0.000012
0.1429	15.22	0.464341	0.930537	0.003751	0.000015
0.1429	15.59	0.464341	0.937911	0.002591	0.000007
0.1429	15.96	0.464341	0.940607	0.002552	0.000007
0.1429	16.33	0.464341	0.944964	0.002340	0.000006
0.1429	16.69	0.464341	0.949930	0.002236	0.000005
0.1429	17.06	0.464341	0.951566	0.002339	0.000006
0.1429	17.43	0.464341	0.952552	0.001873	0.000004
0.1429	17.80	0.464341	0.957617	0.001912	0.000004
0.1429	18.16	0.464341	0.959252	0.001760	0.000003
0.1429	18.53	0.464341	0.962527	0.001600	0.000003
0.1429	18.90	0.464341	0.960090	0.001327	0.000002
0.1429	19.27	0.464341	0.962997	0.001693	0.000003
0.1429	19.63	0.464341	0.963986	0.001416	0.000002
0.1429	20.00	0.464341	0.962792	0.001482	0.000002
0.1493	2.00	0.452395	0.000000	0.000000	0.000000
0.1493	2.37	0.452395	0.000000	0.000000	0.000000
0.1493	2.73	0.452395	0.000000	0.000000	0.000000
0.1493	3.10	0.452395	0.000000	0.000000	0.000000
0.1493	3.47	0.452395	0.000000	0.000000	0.000000
0.1493	3.84	0.452395	0.000000	0.000000	0.000000
0.1493	4.20	0.452395	0.000000	0.000000	0.000000
0.1493	4.57	0.452395	0.000000	0.000000	0.000000
0.1493	4.94	0.452395	0.000000	0.000000	0.000000
0.1493	5.31	0.452395	0.000000	0.000000	0.000000
0.1493	5.67	0.452395	0.000000	0.000000	0.000000
0.1493	6.04	0.452395	0.000000	0.000000	0.000000
0.1493	6.41	0.452395	0.000000	0.000000	0.000000
0.1493	6.78	0.452395	0.000000	0.000000	0.000000
0.1493	7.14	0.452395	0.000000	0.000000	0.000000
0.1493	7.51	0.452395	0.000000	0.000000	0.000000
0.1493	7.88	0.452395	0.000000	0.000000	0.000000
0.1493	8.24	0.452395	0.000000	0.000000	0.000000
0.1493	8.61	0.452395	0.000000	0.000000	0.000000
0.1493	8.98	0.452395	0.000000	0.000000	0.000000
0.1493	9.35	0.452395	0.000000	0.000000	0.000000
0.1493	9.71	0.452395	0.000000	0.000000	0.000000
0.1493	10.08	0.452395	0.000000	0.000000	0.000000
0.1493	10.45	0.452395	0.000000	0.000000	0.000000
0.1493	10.82	0.452395	0.056330	0.004863	0.000420
0.1493	11.18	0.452395	0.063616	0.011076	0.001929
0.1493	11.55	0.452395	0.071793	0.029001	0.011715
0.1493	11.92	0.452395	0.099132	0.061064	0.037614
0.1493	12.29	0.452395	0.371331	0.165188	0.073485
0.1493	12.65	0.452395	0.702284	0.099455	0.014084
0.1493	13.02	0.452395	0.810569	0.063931	0.005042
0.1493	13.39	0.452395	0.828015	0.064739	0.005062
0.1493	13.76	0.452395	0.893948	0.024226	0.000657
0.1493	14.12	0.452395	0.900077	0.015658	0.000272
0.1493	14.49	0.452395	0.917166	0.013053	0.000186
0.1493	14.86	0.452395	0.925661	0.005299	0.000030
0.1493	15.22	0.452395	0.932694	0.005576	0.000033
0.1493	15.59	0.452395	0.931647	0.012711	0.000173
0.1493	15.96	0.452395	0.941592	0.004677	0.000023
0.1493	16.33	0.452395	0.944159	0.003145	0.000010
0.1493	16.69	0.452395	0.949469	0.004596	0.000022
0.1493	17.06	0.452395	0.953463	0.001937	0.000004
0.1493	17.43	0.452395	0.955461	0.001543	0.000002
0.1493	17.80	0.452395	0.956637	0.001334	0.000002
0.1493	18.16	0.452395	0.958420	0.001289	0.000002
0.1493	18.53	0.452395	0.961384	0.001337	0.000002
0.1493	18.90	0.452395	0.962450	0.001267	0.000002
0.1493	19.27	0.452395	0.961566	0.001261	0.000002
0.1493	19.63	0.452395	0.963434	0.001373	0.000002
0.1493	20.00	0.452395	0.962529	0.001527	0.000002
0.1561	2.00	0.458149	0.000000	0.000000	0.000000
0.1561	2.37	0.458149	0.000000	0.000000	0.000000
0.1561	2.73	0.458149	0.000000	0.000000	0.000000
0.1561	3.10	0.458149	0.000000	0.000000	0.000000
0.1561	3.47	0.458149	0.000000	0.000000	0.000000
0.1561	3.84	0.458149	0.000000	0.000000	0.000000
0.1561	4.20	0.458149	0.000000	0.000000	0.000000
0.1561	4.57	0.458149	0.000000	0.000000	0.000000
0.1561	4.94	0.458149	0.000000	0.000000	0.000000
0.1561	5.31	0.458149	0.000000	0.000000	0.000000
0.1561	5.67	0.458149	0.000000	0.000000	0.000000
0.1561	6.04	0.458149	0.000000	0.000000	0.000000
0.1561	6.41	0.458149	0.000000	0.000000	0.000000
0.1561	6.78	0.458149	0.000000	0.000000	0.000000
0.1561	7.14	0.458149	0.000000	0.000000	0.000000
0.1561	7.51	0.458149	0.000000	0.000000	0.000000
0.1561	7.88	0.458149	0.000000	0.000000	0.000000
0.1561	8.24	0.458149	0.000000	0.000000	0.000000
0.1561	8.61	0.458149	0.000000	0.000000	0.000000
0.1561	8.98	0.458149	0.000000	0.000000	0.000000
0.1561	9.35	0.458149	0.000000	0.000000	0.000000
0.1561	9.71	0.458149	0.000000	0.000000	0.000000
0.1561	10.08	0.458149	0.000000	0.000000	0.000000
0.1561	10.45	0.458149	0.000000	0.000000	0.000000
0.1561	10.82	0.458149	0.056497	0.003098	0.000170
0.1561	11.18	0.458149	0.066998	0.025773	0.009914
0.1561	11.55	0.458149	0.104471	0.045876	0.020145
0.1561	11.92	0.458149	0.334470	0.138932	0.057709
0.1561	12.29	0.458149	0.610423	0.102175	0.017102
0.1561	12.65	0.458149	0.714638	0.058668	0.004816
0.1561	13.02	0.458149	0.797531	0.036481	0.001669
0.1561	13.39	0.458149	0.851057	0.028475	0.000953
0.1561	13.76	0.458149	0.880477	0.015252	0.000264
0.1561	14.12	0.458149	0.889264	0.027470	0.000849
0.1561	14.49	0.458149	0.893519	0.019725	0.000435
0.1561	14.86	0.458149	0.917541	0.015218	0.000252
0.1561	15.22	0.458149	0.925699	0.007684	0.000064
0.1561	15.59	0.458149	0.931894	0.005976	0.000038
0.1561	15.96	0.458149	0.937745	0.003415	0.000012
0.1561	16.33	0.458149	0.937762	0.003257	0.000011
0.1561	16.69	0.458149	0.942466	0.003298	0.000012
0.1561	17.06	0.458149	0.945214	0.004337	0.000020
0.1561	17.43	0.458149	0.945900	0.001996	0.000004
0.1561	17.80	0.458149	0.952937	0.001723	0.000003
0.1561	18.16	0.458149	0.951832	0.002635	0.000007
0.1561	18.53	0.458149	0.955729	0.001821	0.000003
0.1561	18.90	0.458149	0.957741	0.002039	0.000004
0.1561	19.27	0.458149	0.958561	0.002020	0.000004
0.1561	19.63	0.458149	0.958957	0.001955	0.000004
0.1561	20.00	0.458149	0.960549	0.001125	0.000001
0.1636	2.00	0.441797	0.000000	0.000000	0.000000
0.1636	2.37	0.441797	0.000000	0.000000	0.000000
0.1636	2.73	0.441797	0.000000	0.000000	0.000000
0.1636	3.10	0.441797	0.000000	0.000000	0.000000
0.1636	3.47	0.441797	0.000000	0.000000	0.000000
0.1636	3.84	0.441797	0.000000	0.000000	0.000000
0.1636	4.20	0.441797	0.000000	0.000000	0.000000
0.1636	4.57	0.441797	0.000000	0.000000	0.000000
0.1636	4.94	0.441797	0.000000	0.000000	0.000000
0.1636	5.31	0.441797	0.000000	0.000000	0.000000
0.1636	5.67	0.441797	0.000000	0.000000	0.000000
0.1636	6.04	0.441797	0.000000	0.000000	0.000000
0.1636	6.41	0.441797	0.000000	0.000000	0.000000
0.1636	6.78	0.441797	0.000000	0.000000	0.000000
0.1636	7.14	0.441797	0.000000	0.000000	0.000000
0.1636	7.51	0.441797	0.000000	0.000000	0.000000
0.1636	7.88	0.441797	0.000000	0.000000	0.000000
0.1636	8.24	0.441797	0.000000	0.000000	0.000000
0.1636	8.61	0.441797	0.000000	0.000000	0.000000
0.1636	8.98	0.441797	0.000000	0.000000	0.000000
0.1636	9.35	0.441797	0.000000	0.000000	0.000000
0.1636	9.71	0.441797	0.000000	0.000000	0.000000
0.1636	10.08	0.441797	0.062398	0.011022	0.001947
0.1636	10.45	0.441797	0.062379	0.007408	0.000880
0.1636	10.82	0.441797	0.070221	0.016835	0.004036
0.1636	11.18	0.441797	0.126901	0.085740	0.057930
0.1636	11.55	0.441797	0.502031	0.170162	0.057676
0.1636	11.92	0.441797	0.643410	0.109184	0.018528
0.1636	12.29	0.441797	0.769736	0.026608	0.000920
0.1636	12.65	0.441797	0.823116	0.024987	0.000759
0.1636	13.02	0.441797	0.848793	0.020075	0.000475
0.1636	13.39	0.441797	0.864769	0.011561	0.000155
0.1636	13.76	0.441797	0.887885	0.006432	0.000047
0.1636	14.12	0.441797	0.898661	0.006700	0.000050
0.1636	14.49	0.441797	0.903603	0.012536	0.000174
0.1636	14.86	0.441797	0.911915	0.007928	0.000069
0.1636	15.22	0.441797	0.926919	0.002926	0.000009
0.1636	15.59	0.441797	0.924254	0.009642	0.000101
0.1636	15.96	0.441797	0.928059	0.008369	0.000075
0.1636	16.33	0.441797	0.931843	0.008916	0.000085
0.1636	16.69	0.441797	0.935762	0.003781	0.000015
0.1636	17.06	0.441797	0.937119	0.010389	0.000115
0.1636	17.43	0.441797	0.947599	0.003318	0.000012
0.1636	17.80	0.441797	0.946066	0.004156	0.000018
0.1636	18.16	0.441797	0.947043	0.006073	0.000039
0.1636	18.53	0.441797	0.952822	0.002533	0.000007
0.1636	18.90	0.441797	0.954614	0.002294	0.000006
0.1636	19.27	0.441797	0.952416	0.002429	0.000006
0.1636	19.63	0.441797	0.957094	0.001833	0.000004
0.1636	20.00	0.441797	0.959570	0.001765	0.000003
0.1724	2.00	0.419467	0.000000	0.000000	0.000000
0.1724	2.37	0.419467	0.000000	0.000000	0.000000
0.1724	2.73	0.419467	0.000000	0.000000	0.000000
0.1724	3.10	0.419467	0.000000	0.000000	0.000000
0.1724	3.47	0.419467	0.000000	0.000000	0.000000
0.1724	3.84	0.419467	0.000000	0.000000	0.000000
0.1724	4.20	0.419467	0.000000	0.000000	0.000000
0.1724	4.57	0.419467	0.000000	0.000000	0.000000
0.1724	4.94	0.419467	0.000000	0.000000	0.000000
0.1724	5.31	0.419467	0.000000	0.000000	0.000000
0.1724	5.67	0.419467	0.000000	0.000000	0.000000
0.1724	6.04	0.419467	0.000000	0.000000	0.000000
0.1724	6.41	0.419467	0.000000	0.000000	0.000000
0.1724	6.78	0.419467	0.000000	0.000000	0.000000
0.1724	7.14	0.419467	0.000000	0.000000	0.000000
0.1724	7.51	0.419467	0.000000	0.000000	0.000000
0.1724	7.88	0.419467	0.000000	0.000000	0.000000
0.1724	8.24	0.419467	0.000000	0.000000	0.000000
0.1724	8.61	0.419467	0.000000	0.000000	0.000000
0.1724	8.98	0.419467	0.000000	0.000000	0.000000
0.1724	9.35	0.419467	0.000000	0.000000	0.000000
0.1724	9.71	0.419467	0.000000	0.000000	0.000000
0.1724	10.08	0.419467	0.000000	0.000000	0.000000
0.1724	10.45	0.419467	0.000000	0.000000	0.000000
0.1724	10.82	0.419467	0.051095	0.000000	0.000000
0.1724	11.18	0.419467	0.056068	0.003106	0.000172
0.1724	11.55	0.419467	0.054458	0.004632	0.000394
0.1724	11.92	0.419467	0.059398	0.009896	0.001649
0.1724	12.29	0.419467	0.103402	0.072745	0.051178
0.1724	12.65	0.419467	0.278184	0.126045	0.057111
0.1724	13.02	0.419467	0.610514	0.092746	0.014089
0.1724	13.39	0.419467	0.734348	0.044575	0.002706
0.1724	13.76	0.419467	0.820040	0.033380	0.001359
0.1724	14.12	0.419467	0.865342	0.013500	0.000211
0.1724	14.49	0.419467	0.890702	0.006251	0.000044
0.1724	14.86	0.419467	0.901108	0.004818	0.000026
0.1724	15.22	0.419467	0.909863	0.008377	0.000077
0.1724	15.59	0.419467	0.914904	0.003467	0.000013
0.1724	15.96	0.419467	0.922507	0.004776	0.000025
0.1724	16.33	0.419467	0.925224	0.004191	0.000019
0.1724	16.69	0.419467	0.932786	0.002805	0.000008
0.1724	17.06	0.419467	0.932867	0.003025	0.000010
0.1724	17.43	0.419467	0.938123	0.002021	0.000004
0.1724	17.80	0.419467	0.940777	0.002902	0.000009
0.1724	18.16	0.419467	0.944623	0.002052	0.000004
0.1724	18.53	0.419467	0.944413	0.002217	0.000005
0.1724	18.90	0.419467	0.950555	0.001508	0.000002
0.1724	19.27	0.419467	0.950346	0.001854	0.000004
0.1724	19.63	0.419467	0.951910	0.001803	0.000003
0.1724	20.00	0.419467	0.952696	0.001542	0.000002
0.1836	2.00	0.418119	0.000000	0.000000	0.000000
0.1836	2.37	0.418119	0.000000	0.000000	0.000000
0.1836	2.73	0.418119	0.000000	0.000000	0.000000
0.1836	3.10	0.418119	0.000000	0.000000	0.000000
0.1836	3.47	0.418119	0.000000	0.000000	0.000000
0.1836	3.84	0.418119	0.000000	0.000000	0.000000
0.1836	4.20	0.418119	0.000000	0.000000	0.000000
0.1836	4.57	0.418119	0.000000	0.000000	0.000000
0.1836	4.94	0.418119	0.000000	0.000000	0.000000
0.1836	5.31	0.418119	0.000000	0.000000	0.000000
0.1836	5.67	0.418119	0.000000	0.000000	0.000000
0.1836	6.04	0.418119	0.000000	0.000000	0.000000
0.1836	6.41	0.418119	0.000000	0.000000	0.000000
0.1836	6.78	0.418119	0.000000	0.000000	0.000000
0.1836	7.14	0.418119	0.000000	0.000000	0.000000
0.1836	7.51	0.418119	0.000000	0.000000	0.000000
0.1836	7.88	0.418119	0.000000	0.000000	0.000000
0.1836	8.24	0.418119	0.000000	0.000000	0.000000
0.1836	8.61	0.418119	0.000000	0.000000	0.000000
0.1836	8.98	0.418119	0.000000	0.000000	0.000000
0.1836	9.35	0.418119	0.000000	0.000000	0.000000
0.1836	9.71	0.418119	0.000000	0.000000	0.000000
0.1836	10.08	0.418119	0.000000	0.000000	0.000000
0.1836	10.45	0.418119	0.000000	0.000000	0.000000
0.1836	10.82	0.418119	0.000000	0.000000	0.000000
0.1836	11.18	0.418119	0.058161	0.006472	0.000720
0.1836	11.55	0.418119	0.083260	0.055019	0.036357
0.1836	11.92	0.418119	0.132617	0.078803	0.046826
0.1836	12.29	0.418119	0.337446	0.175195	0.090957
0.1836	12.65	0.418119	0.674760	0.102153	0.015465
0.1836	13.02	0.418119	0.790338	0.058640	0.004351
0.1836	13.39	0.418119	0.837467	0.027202	0.000884
0.1836	13.76	0.418119	0.878719	0.008842	0.000089
0.1836	14.12	0.418119	0.890198	0.008666	0.000084
0.1836	14.49	0.418119	0.908518	0.004158	0.000019
0.1836	14.86	0.418119	0.911263	0.008352	0.000077
0.1836	15.22	0.418119	0.914206	0.006961	0.000053
0.1836	15.59	0.418119	0.925964	0.005578	0.000034
0.1836	15.96	0.418119	0.933116	0.003727	0.000015
0.1836	16.33	0.418119	0.935148	0.004032	0.000017
0.1836	16.69	0.418119	0.938032	0.002056	0.000005
0.1836	17.06	0.418119	0.943842	0.002543	0.000007
0.1836	17.43	0.418119	0.946601	0.002753	0.000008
0.1836	17.80	0.418119	0.949605	0.002355	0.000006
0.1836	18.16	0.418119	0.951841	0.002532	0.000007
0.1836	18.53	0.418119	0.952796	0.002201	0.000005
0.1836	18.90	0.418119	0.953027	0.001515	0.000002
0.1836	19.27	0.418119	0.955270	0.001654	0.000003
0.1836	19.63	0.418119	0.956680	0.001456	0.000002
0.1836	20.00	0.418119	0.958685	0.001343	0.000002
0.2032	2.00	0.403612	0.000000	0.000000	0.000000
0.2032	2.37	0.403612	0.000000	0.000000	0.000000
0.2032	2.73	0.403612	0.000000	0.000000	0.000000
0.2032	3.10	0.403612	0.000000	0.000000	0.000000
0.2032	3.47	0.403612	0.000000	0.000000	0.000000
0.2032	3.84	0.403612	0.000000	0.000000	0.000000
0.2032	4.20	0.403612	0.000000	0.000000	0.000000
0.2032	4.57	0.403612	0.000000	0.000000	0.000000
0.2032	4.94	0.403612	0.000000	0.000000	0.000000
0.2032	5.31	0.403612	0.000000	0.000000	0.000000
0.2032	5.67	0.403612	0.000000	0.000000	0.000000
0.2032	6.04	0.403612	0.000000	0.000000	0.000000
0.2032	6.41	0.403612	0.000000	0.000000	0.000000
0.2032	6.78	0.403612	0.000000	0.000000	0.000000
0.2032	7.14	0.403612	0.000000	0.000000	0.000000
0.2032	7.51	0.403612	0.000000	0.000000	0.000000
0.2032	7.88	0.403612	0.000000	0.000000	0.000000
0.2032	8.24	0.403612	0.000000	0.000000	0.000000
0.2032	8.61	0.403612	0.000000	0.000000	0.000000
0.2032	8.98	0.403612	0.000000	0.000000	0.000000
0.2032	9.35	0.403612	0.000000	0.000000	0.000000
0.2032	9.71	0.403612	0.000000	0.000000	0.000000
0.2032	10.08	0.403612	0.000000	0.000000	0.000000
0.2032	10.45	0.403612	0.000000	0.000000	0.000000
0.2032	10.82	0.403612	0.000000	0.000000	0.000000
0.2032	11.18	0.403612	0.051473	0.000000	0.000000
0.2032	11.55	0.403612	0.059840	0.010631	0.001889
0.2032	11.92	0.403612	0.059014	0.009007	0.001375
0.2032	12.29	0.403612	0.092310	0.048108	0.025072
0.2032	12.65	0.403612	0.228979	0.106574	0.049602
0.2032	13.02	0.403612	0.596558	0.091484	0.014029
0.2032	13.39	0.403612	0.793146	0.036072	0.001640
0.2032	13.76	0.403612	0.834362	0.028987	0.001007
0.2032	14.12	0.403612	0.885381	0.008113	0.000074
0.2032	14.49	0.403612	0.904675	0.006959	0.000054
0.2032	14.86	0.403612	0.914270	0.004858	0.000026
0.2032	15.22	0.403612	0.925860	0.004456	0.000021
0.2032	15.59	0.403612	0.933329	0.003572	0.000014
0.2032	15.96	0.403612	0.940904	0.002724	0.000008
0.2032	16.33	0.403612	0.942072	0.002591	0.000007
0.2032	16.69	0.403612	0.949994	0.001938	0.000004
0.2032	17.06	0.403612	0.952196	0.001907	0.000004
0.2032	17.43	0.403612	0.954703	0.002181	0.000005
0.2032	17.80	0.403612	0.956328	0.001554	0.000003
0.2032	18.16	0.403612	0.958805	0.001476	0.000002
0.2032	18.53	0.403612	0.961468	0.001990	0.000004
0.2032	18.90	0.403612	0.962558	0.001237	0.000002
0.2032	19.27	0.403612	0.961255	0.001710	0.000003
0.2032	19.63	0.403612	0.963404	0.001584	0.000003
0.2032	20.00	0.403612	0.966270	0.001579	0.000003
0.2357	2.00	0.373491	0.000000	0.000000	0.000000
0.2357	2.37	0.373491	0.000000	0.000000	0.000000
0.2357	2.73	0.373491	0.000000	0.000000	0.000000
0.2357	3.10	0.373491	0.000000	0.000000	0.000000
0.2357	3.47	0.373491	0.000000	0.000000	0.000000
0.2357	3.84	0.373491	0.000000	0.000000	0.000000
0.2357	4.20	0.373491	0.000000	0.000000	0.000000
0.2357	4.57	0.373491	0.000000	0.000000	0.000000
0.2357	4.94	0.373491	0.000000	0.000000	0.000000
0.2357	5.31	0.373491	0.000000	0.000000	0.000000
0.2357	5.67	0.373491	0.000000	0.000000	0.000000
0.2357	6.04	0.373491	0.000000	0.000000	0.000000
0.2357	6.41	0.373491	0.000000	0.000000	0.000000
0.2357	6.78	0.373491	0.000000	0.000000	0.000000
0.2357	7.14	0.373491	0.000000	0.000000	0.000000
0.2357	7.51	0.373491	0.000000	0.000000	0.000000
0.2357	7.88	0.373491	0.000000	0.000000	0.000000
0.2357	8.24	0.373491	0.000000	0.000000	0.000000
0.2357	8.61	0.373491	0.000000	0.000000	0.000000
0.2357	8.98	0.373491	0.000000	0.000000	0.000000
0.2357	9.35	0.373491	0.000000	0.000000	0.000000
0.2357	9.71	0.373491	0.000000	0.000000	0.000000
0.2357	10.08	0.373491	0.000000	0.000000	0.000000
0.2357	10.45	0.373491	0.000000	0.000000	0.000000
0.2357	10.82	0.373491	0.000000	0.000000	0.000000
0.2357	11.18	0.373491	0.000000	0.000000	0.000000
0.2357	11.55	0.373491	0.056019	0.005242	0.000491
0.2357	11.92	0.373491	0.058344	0.008098	0.001124
0.2357	12.29	0.373491	0.065445	0.018893	0.005454
0.2357	12.65	0.373491	0.099294	0.060388	0.036726
0.2357	13.02	0.373491	0.325683	0.113679	0.039680
0.2357	13.39	0.373491	0.490701	0.118589	0.028660
0.2357	13.76	0.373491	0.709539	0.055372	0.004321
0.2357	14.12	0.373491	0.809908	0.037154	0.001704
0.2357	14.49	0.373491	0.869931	0.024722	0.000703
0.2357	14.86	0.373491	0.897066	0.011006	0.000135
0.2357	15.22	0.373491	0.910423	0.009342	0.000096
0.2357	15.59	0.373491	0.923931	0.007534	0.000061
0.2357	15.96	0.373491	0.928865	0.003780	0.000015
0.2357	16.33	0.373491	0.935869	0.004035	0.000017
0.2357	16.69	0.373491	0.941194	0.002937	0.000009
0.2357	17.06	0.373491	0.944759	0.002015	0.000004
0.2357	17.43	0.373491	0.948623	0.001873	0.000004
0.2357	17.80	0.373491	0.949972	0.002083	0.000005
0.2357	18.16	0.373491	0.952550	0.002826	0.000008
0.2357	18.53	0.373491	0.953871	0.001643	0.000003
0.2357	18.90	0.373491	0.955417	0.002106	0.000005
0.2357	19.27	0.373491	0.962684	0.001607	0.000003
0.2357	19.63	0.373491	0.959265	0.001376	0.000002
0.2357	20.00	0.373491	0.963788	0.001922	0.000004
0.2573	2.00	0.389104	0.000000	0.000000	0.000000
0.2573	2.37	0.389104	0.000000	0.000000	0.000000
0.2573	2.73	0.389104	0.000000	0.000000	0.000000
0.2573	3.10	0.389104	0.000000	0.000000	0.000000
0.2573	3.47	0.389104	0.000000	0.000000	0.000000
0.2573	3.84	0.389104	0.000000	0.000000	0.000000
0.2573	4.20	0.389104	0.000000	0.000000	0.000000
0.2573	4.57	0.389104	0.000000	0.000000	0.000000
0.2573	4.94	0.389104	0.000000	0.000000	0.000000
0.2573	5.31	0.389104	0.000000	0.000000	0.000000
0.2573	5.67	0.389104	0.000000	0.000000	0.000000
0.2573	6.04	0.389104	0.000000	0.000000	0.000000
0.2573	6.41	0.389104	0.000000	0.000000	0.000000
0.2573	6.78	0.389104	0.000000	0.000000	0.000000
0.2573	7.14	0.389104	0.000000	0.000000	0.000000
0.2573	7.51	0.389104	0.000000	0.000000	0.000000
0.2573	7.88	0.389104	0.000000	0.000000	0.000000
0.2573	8.24	0.389104	0.000000	0.000000	0.000000
0.2573	8.61	0.389104	0.000000	0.000000	0.000000
0.2573	8.98	0.389104	0.000000	0.000000	0.000000
0.2573	9.35	0.389104	0.000000	0.000000	0.000000
0.2573	9.71	0.389104	0.000000	0.000000	0.000000
0.2573	10.08	0.389104	0.000000	0.000000	0.000000
0.2573	10.45	0.389104	0.000000	0.000000	0.000000
0.2573	10.82	0.389104	0.050264	0.000000	0.000000
0.2573	11.18	0.389104	0.054771	0.003709	0.000251
0.2573	11.55	0.389104	0.055910	0.005602	0.000561
0.2573	11.92	0.389104	0.072872	0.034666	0.016491
0.2573	12.29	0.389104	0.094489	0.063524	0.042706
0.2573	12.65	0.389104	0.332895	0.160321	0.077210
0.2573	13.02	0.389104	0.594311	0.111100	0.020769
0.2573	13.39	0.389104	0.827443	0.027623	0.000922
0.2573	13.76	0.389104	0.849815	0.021552	0.000547
0.2573	14.12	0.389104	0.882986	0.022189	0.000558
0.2573	14.49	0.389104	0.905002	0.008392	0.000078
0.2573	14.86	0.389104	0.899468	0.020323	0.000459
0.2573	15.22	0.389104	0.925033	0.004733	0.000024
0.2573	15.59	0.389104	0.922981	0.009801	0.000104
0.2573	15.96	0.389104	0.932638	0.004273	0.000020
0.2573	16.33	0.389104	0.938403	0.001995	0.000004
0.2573	16.69	0.389104	0.941873	0.003004	0.000010
0.2573	17.06	0.389104	0.944700	0.002211	0.000005
0.2573	17.43	0.389104	0.950041	0.001770	0.000003
0.2573	17.80	0.389104	0.951862	0.001645	0.000003
0.2573	18.16	0.389104	0.955389	0.002031	0.000004
0.2573	18.53	0.389104	0.956190	0.001501	0.000002
0.2573	18.90	0.389104	0.958428	0.001400	0.000002
0.2573	19.27	0.389104	0.959312	0.001265	0.000002
0.2573	19.63	0.389104	0.959085	0.001590	0.000003
0.2573	20.00	0.389104	0.959117	0.001115	0.000001
0.3208	2.00	0.372763	0.000000	0.000000	0.000000
0.3208	2.37	0.372763	0.000000	0.000000	0.000000
0.3208	2.73	0.372763	0.000000	0.000000	0.000000
0.3208	3.10	0.372763	0.000000	0.000000	0.000000
0.3208	3.47	0.372763	0.000000	0.000000	0.000000
0.3208	3.84	0.372763	0.000000	0.000000	0.000000
0.3208	4.20	0.372763	0.000000	0.000000	0.000000
0.3208	4.57	0.372763	0.000000	0.000000	0.000000
0.3208	4.94	0.372763	0.000000	0.000000	0.000000
0.3208	5.31	0.372763	0.000000	0.000000	0.000000
0.3208	5.67	0.372763	0.000000	0.000000	0.000000
0.3208	6.04	0.372763	0.000000	0.000000	0.000000
0.3208	6.41	0.372763	0.000000	0.000000	0.000000
0.3208	6.78	0.372763	0.000000	0.000000	0.000000
0.3208	7.14	0.372763	0.000000	0.000000	0.000000
0.3208	7.51	0.372763	0.000000	0.000000	0.000000
0.3208	7.88	0.372763	0.000000	0.000000	0.000000
0.3208	8.24	0.372763	0.000000	0.000000	0.000000
0.3208	8.61	0.372763	0.000000	0.000000	0.000000
0.3208	8.98	0.372763	0.000000	0.000000	0.000000
0.3208	9.35	0.372763	0.000000	0.000000	0.000000
0.3208	9.71	0.372763	0.000000	0.000000	0.000000
0.3208	10.08	0.372763	0.000000	0.000000	0.000000
0.3208	10.45	0.372763	0.000000	0.000000	0.000000
0.3208	10.82	0.372763	0.000000	0.000000	0.000000
0.3208	11.18	0.372763	0.052153	0.000000	0.000000
0.3208	11.55	0.372763	0.055606	0.002815	0.000143
0.3208	11.92	0.372763	0.063117	0.021885	0.007589
0.3208	12.29	0.372763	0.070168	0.030026	0.012848
0.3208	12.65	0.372763	0.116885	0.070431	0.042440
0.3208	13.02	0.372763	0.288548	0.132536	0.060876
0.3208	13.39	0.372763	0.594842	0.069354	0.008086
0.3208	13.76	0.372763	0.788306	0.034528	0.001512
0.3208	14.12	0.372763	0.840928	0.015563	0.000288
0.3208	14.49	0.372763	0.870643	0.010050	0.000116
0.3208	14.86	0.372763	0.890029	0.006631	0.000049
0.3208	15.22	0.372763	0.907617	0.004127	0.000019
0.3208	15.59	0.372763	0.920809	0.005666	0.000035
0.3208	15.96	0.372763	0.922133	0.007497	0.000061
0.3208	16.33	0.372763	0.934098	0.003217	0.000011
0.3208	16.69	0.372763	0.936514	0.004125	0.000018
0.3208	17.06	0.372763	0.943090	0.003840	0.000016
0.3208	17.43	0.372763	0.947444	0.002599	0.000007
0.3208	17.80	0.372763	0.945674	0.002762	0.000008
0.3208	18.16	0.372763	0.950092	0.002392	0.000006
0.3208	18.53	0.372763	0.954083	0.001663	0.000003
0.3208	18.90	0.372763	0.956717	0.001918	0.000004
0.3208	19.27	0.372763	0.957292	0.001594	0.000003
0.3208	19.63	0.372763	0.960589	0.002163	0.000005
0.3208	20.00	0.372763	0.961791	0.001785	0.000003
0.4544	2.00	0.370094	0.000000	0.000000	0.000000
0.4544	2.37	0.370094	0.000000	0.000000	0.000000
0.4544	2.73	0.370094	0.000000	0.000000	0.000000
0.4544	3.10	0.370094	0.000000	0.000000	0.000000
0.4544	3.47	0.370094	0.000000	0.000000	0.000000
0.4544	3.84	0.370094	0.000000	0.000000	0.000000
0.4544	4.20	0.370094	0.000000	0.000000	0.000000
0.4544	4.57	0.370094	0.000000	0.000000	0.000000
0.4544	4.94	0.370094	0.000000	0.000000	0.000000
0.4544	5.31	0.370094	0.000000	0.000000	0.000000
0.4544	5.67	0.370094	0.000000	0.000000	0.000000
0.4544	6.04	0.370094	0.000000	0.000000	0.000000
0.4544	6.41	0.370094	0.000000	0.000000	0.000000
0.4544	6.78	0.370094	0.000000	0.000000	0.000000
0.4544	7.14	0.370094	0.000000	0.000000	0.000000
0.4544	7.51	0.370094	0.000000	0.000000	0.000000
0.4544	7.88	0.370094	0.000000	0.000000	0.000000
0.4544	8.24	0.370094	0.000000	0.000000	0.000000
0.4544	8.61	0.370094	0.000000	0.000000	0.000000
0.4544	8.98	0.370094	0.000000	0.000000	0.000000
0.4544	9.35	0.370094	0.000000	0.000000	0.000000
0.4544	9.71	0.370094	0.000000	0.000000	0.000000
0.4544	10.08	0.370094	0.000000	0.000000	0.000000
0.4544	10.45	0.370094	0.000000	0.000000	0.000000
0.4544	10.82	0.370094	0.000000	0.000000	0.000000
0.4544	11.18	0.370094	0.052995	0.000000	0.000000
0.4544	11.55	0.370094	0.055238	0.003497	0.000221
0.4544	11.92	0.370094	0.061518	0.014994	0.003654
0.4544	12.29	0.370094	0.073294	0.021961	0.006580
0.4544	12.65	0.370094	0.117564	0.065481	0.036471
0.4544	13.02	0.370094	0.322119	0.128429	0.051205
0.4544	13.39	0.370094	0.669129	0.062318	0.005804
0.4544	13.76	0.370094	0.771847	0.034541	0.001546
0.4544	14.12	0.370094	0.819932	0.020647	0.000520
0.4544	14.49	0.370094	0.867952	0.014559	0.000244
0.4544	14.86	0.370094	0.898871	0.007803	0.000068
0.4544	15.22	0.370094	0.916001	0.004003	0.000017
0.4544	15.59	0.370094	0.920234	0.003984	0.000017
0.4544	15.96	0.370094	0.924298	0.005044	0.000028
0.4544	16.33	0.370094	0.935964	0.003639	0.000014
0.4544	16.69	0.370094	0.937887	0.003531	0.000013
0.4544	17.06	0.370094	0.942200	0.002574	0.000007
0.4544	17.43	0.370094	0.949298	0.002286	0.000006
0.4544	17.80	0.370094	0.947967	0.002923	0.000009
0.4544	18.16	0.370094	0.954539	0.002419	0.000006
0.4544	18.53	0.370094	0.958505	0.001817	0.000003
0.4544	18.90	0.370094	0.959369	0.001658	0.000003
0.4544	19.27	0.370094	0.963895	0.002257	0.000005
0.4544	19.63	0.370094	0.965417	0.001823	0.000003
0.4544	20.00	0.370094	0.965247	0.001566	0.000003
