base_sigma	MAX_EXC_WEIGHT	Gini	mean_peaks_height	std_peaks_height	fano_factor
0.0642	2.00	0.724366	0.000000	0.000000	0.000000
0.0642	2.37	0.724366	0.000000	0.000000	0.000000
0.0642	2.73	0.724366	0.000000	0.000000	0.000000
0.0642	3.10	0.724366	0.000000	0.000000	0.000000
0.0642	3.47	0.724366	0.000000	0.000000	0.000000
0.0642	3.84	0.724366	0.000000	0.000000	0.000000
0.0642	4.20	0.724366	0.000000	0.000000	0.000000
0.0642	4.57	0.724366	0.000000	0.000000	0.000000
0.0642	4.94	0.724366	0.000000	0.000000	0.000000
0.0642	5.31	0.724366	0.000000	0.000000	0.000000
0.0642	5.67	0.724366	0.000000	0.000000	0.000000
0.0642	6.04	0.724366	0.000000	0.000000	0.000000
0.0642	6.41	0.724366	0.000000	0.000000	0.000000
0.0642	6.78	0.724366	0.000000	0.000000	0.000000
0.0642	7.14	0.724366	0.000000	0.000000	0.000000
0.0642	7.51	0.724366	0.000000	0.000000	0.000000
0.0642	7.88	0.724366	0.000000	0.000000	0.000000
0.0642	8.24	0.724366	0.220406	0.013356	0.000809
0.0642	8.61	0.724366	0.208356	0.054741	0.014382
0.0642	8.98	0.724366	0.255586	0.104346	0.042600
0.0642	9.35	0.724366	0.307743	0.111324	0.040271
0.0642	9.71	0.724366	0.307287	0.137919	0.061902
0.0642	10.08	0.724366	0.415560	0.125760	0.038058
0.0642	10.45	0.724366	0.440287	0.141248	0.045314
0.0642	10.82	0.724366	0.570220	0.078355	0.010767
0.0642	11.18	0.724366	0.650671	0.057422	0.005067
0.0642	11.55	0.724366	0.716253	0.048270	0.003253
0.0642	11.92	0.724366	0.764028	0.052431	0.003598
0.0642	12.29	0.724366	0.807127	0.032690	0.001324
0.0642	12.65	0.724366	0.817947	0.028365	0.000984
0.0642	13.02	0.724366	0.852402	0.019714	0.000456
0.0642	13.39	0.724366	0.864261	0.014169	0.000232
0.0642	13.76	0.724366	0.868355	0.012175	0.000171
0.0642	14.12	0.724366	0.881159	0.012842	0.000187
0.0642	14.49	0.724366	0.888565	0.006755	0.000051
0.0642	14.86	0.724366	0.893792	0.007018	0.000055
0.0642	15.22	0.724366	0.895244	0.007990	0.000071
0.0642	15.59	0.724366	0.897651	0.009162	0.000094
0.0642	15.96	0.724366	0.899905	0.005460	0.000033
0.0642	16.33	0.724366	0.905694	0.004188	0.000019
0.0642	16.69	0.724366	0.908727	0.004431	0.000022
0.0642	17.06	0.724366	0.910315	0.002898	0.000009
0.0642	17.43	0.724366	0.912550	0.002194	0.000005
0.0642	17.80	0.724366	0.915026	0.003009	0.000010
0.0642	18.16	0.724366	0.916579	0.003006	0.000010
0.0642	18.53	0.724366	0.919917	0.002874	0.000009
0.0642	18.90	0.724366	0.915689	0.001611	0.000003
0.0642	19.27	0.724366	0.919555	0.002029	0.000004
0.0642	19.63	0.724366	0.920345	0.001341	0.000002
0.0642	20.00	0.724366	0.920915	0.002211	0.000005
0.0664	2.00	0.723828	0.000000	0.000000	0.000000
0.0664	2.37	0.723828	0.000000	0.000000	0.000000
0.0664	2.73	0.723828	0.000000	0.000000	0.000000
0.0664	3.10	0.723828	0.000000	0.000000	0.000000
0.0664	3.47	0.723828	0.000000	0.000000	0.000000
0.0664	3.84	0.723828	0.000000	0.000000	0.000000
0.0664	4.20	0.723828	0.000000	0.000000	0.000000
0.0664	4.57	0.723828	0.000000	0.000000	0.000000
0.0664	4.94	0.723828	0.000000	0.000000	0.000000
0.0664	5.31	0.723828	0.000000	0.000000	0.000000
0.0664	5.67	0.723828	0.000000	0.000000	0.000000
0.0664	6.04	0.723828	0.000000	0.000000	0.000000
0.0664	6.41	0.723828	0.000000	0.000000	0.000000
0.0664	6.78	0.723828	0.000000	0.000000	0.000000
0.0664	7.14	0.723828	0.000000	0.000000	0.000000
0.0664	7.51	0.723828	0.172632	0.012279	0.000873
0.0664	7.88	0.723828	0.220417	0.010736	0.000523
0.0664	8.24	0.723828	0.264218	0.045274	0.007758
0.0664	8.61	0.723828	0.343618	0.022301	0.001447
0.0664	8.98	0.723828	0.339074	0.086449	0.022041
0.0664	9.35	0.723828	0.370956	0.070710	0.013478
0.0664	9.71	0.723828	0.427618	0.161970	0.061350
0.0664	10.08	0.723828	0.518547	0.136922	0.036154
0.0664	10.45	0.723828	0.653774	0.060968	0.005686
0.0664	10.82	0.723828	0.696044	0.044301	0.002820
0.0664	11.18	0.723828	0.750645	0.030798	0.001264
0.0664	11.55	0.723828	0.772110	0.029932	0.001160
0.0664	11.92	0.723828	0.792086	0.025760	0.000838
0.0664	12.29	0.723828	0.820401	0.017595	0.000377
0.0664	12.65	0.723828	0.838208	0.018625	0.000414
0.0664	13.02	0.723828	0.849941	0.014647	0.000252
0.0664	13.39	0.723828	0.853548	0.007697	0.000069
0.0664	13.76	0.723828	0.865252	0.006706	0.000052
0.0664	14.12	0.723828	0.873360	0.004244	0.000021
0.0664	14.49	0.723828	0.873174	0.009549	0.000104
0.0664	14.86	0.723828	0.875377	0.011879	0.000161
0.0664	15.22	0.723828	0.886916	0.004087	0.000019
0.0664	15.59	0.723828	0.889801	0.004167	0.000020
0.0664	15.96	0.723828	0.890155	0.004303	0.000021
0.0664	16.33	0.723828	0.894712	0.005360	0.000032
0.0664	16.69	0.723828	0.896455	0.003158	0.000011
0.0664	17.06	0.723828	0.895210	0.002873	0.000009
0.0664	17.43	0.723828	0.897944	0.003071	0.000011
0.0664	17.80	0.723828	0.903961	0.002896	0.000009
0.0664	18.16	0.723828	0.904066	0.002470	0.000007
0.0664	18.53	0.723828	0.904228	0.002194	0.000005
0.0664	18.90	0.723828	0.905391	0.001523	0.000003
0.0664	19.27	0.723828	0.903593	0.003582	0.000014
0.0664	19.63	0.723828	0.909608	0.001639	0.000003
0.0664	20.00	0.723828	0.904136	0.002783	0.000009
0.0687	2.00	0.712243	0.000000	0.000000	0.000000
0.0687	2.37	0.712243	0.000000	0.000000	0.000000
0.0687	2.73	0.712243	0.000000	0.000000	0.000000
0.0687	3.10	0.712243	0.000000	0.000000	0.000000
0.0687	3.47	0.712243	0.000000	0.000000	0.000000
0.0687	3.84	0.712243	0.000000	0.000000	0.000000
0.0687	4.20	0.712243	0.000000	0.000000	0.000000
0.0687	4.57	0.712243	0.000000	0.000000	0.000000
0.0687	4.94	0.712243	0.000000	0.000000	0.000000
0.0687	5.31	0.712243	0.000000	0.000000	0.000000
0.0687	5.67	0.712243	0.000000	0.000000	0.000000
0.0687	6.04	0.712243	0.000000	0.000000	0.000000
0.0687	6.41	0.712243	0.000000	0.000000	0.000000
0.0687	6.78	0.712243	0.000000	0.000000	0.000000
0.0687	7.14	0.712243	0.115749	0.000000	0.000000
0.0687	7.51	0.712243	0.000000	0.000000	0.000000
0.0687	7.88	0.712243	0.156580	0.024069	0.003700
0.0687	8.24	0.712243	0.177300	0.034410	0.006678
0.0687	8.61	0.712243	0.204429	0.046453	0.010556
0.0687	8.98	0.712243	0.246816	0.036836	0.005497
0.0687	9.35	0.712243	0.333873	0.106897	0.034225
0.0687	9.71	0.712243	0.363402	0.103962	0.029741
0.0687	10.08	0.712243	0.372739	0.110711	0.032883
0.0687	10.45	0.712243	0.504179	0.140215	0.038995
0.0687	10.82	0.712243	0.482144	0.126297	0.033083
0.0687	11.18	0.712243	0.656950	0.101304	0.015622
0.0687	11.55	0.712243	0.691554	0.101491	0.014895
0.0687	11.92	0.712243	0.776095	0.057500	0.004260
0.0687	12.29	0.712243	0.765225	0.078717	0.008097
0.0687	12.65	0.712243	0.811274	0.056964	0.004000
0.0687	13.02	0.712243	0.838799	0.044156	0.002324
0.0687	13.39	0.712243	0.849328	0.036513	0.001570
0.0687	13.76	0.712243	0.875243	0.018700	0.000400
0.0687	14.12	0.712243	0.869911	0.030255	0.001052
0.0687	14.49	0.712243	0.882309	0.016978	0.000327
0.0687	14.86	0.712243	0.883356	0.025074	0.000712
0.0687	15.22	0.712243	0.896766	0.013427	0.000201
0.0687	15.59	0.712243	0.901385	0.013090	0.000190
0.0687	15.96	0.712243	0.904455	0.007513	0.000062
0.0687	16.33	0.712243	0.909657	0.006162	0.000042
0.0687	16.69	0.712243	0.914052	0.005362	0.000031
0.0687	17.06	0.712243	0.916677	0.004653	0.000024
0.0687	17.43	0.712243	0.918028	0.004655	0.000024
0.0687	17.80	0.712243	0.916289	0.005639	0.000035
0.0687	18.16	0.712243	0.920176	0.004367	0.000021
0.0687	18.53	0.712243	0.921138	0.003952	0.000017
0.0687	18.90	0.712243	0.924847	0.003902	0.000016
0.0687	19.27	0.712243	0.924822	0.002203	0.000005
0.0687	19.63	0.712243	0.900421	0.006946	0.000054
0.0687	20.00	0.712243	0.741153	0.048639	0.003192
0.0710	2.00	0.675959	0.000000	0.000000	0.000000
0.0710	2.37	0.675959	0.000000	0.000000	0.000000
0.0710	2.73	0.675959	0.000000	0.000000	0.000000
0.0710	3.10	0.675959	0.000000	0.000000	0.000000
0.0710	3.47	0.675959	0.000000	0.000000	0.000000
0.0710	3.84	0.675959	0.000000	0.000000	0.000000
0.0710	4.20	0.675959	0.000000	0.000000	0.000000
0.0710	4.57	0.675959	0.000000	0.000000	0.000000
0.0710	4.94	0.675959	0.000000	0.000000	0.000000
0.0710	5.31	0.675959	0.000000	0.000000	0.000000
0.0710	5.67	0.675959	0.000000	0.000000	0.000000
0.0710	6.04	0.675959	0.000000	0.000000	0.000000
0.0710	6.41	0.675959	0.000000	0.000000	0.000000
0.0710	6.78	0.675959	0.000000	0.000000	0.000000
0.0710	7.14	0.675959	0.000000	0.000000	0.000000
0.0710	7.51	0.675959	0.000000	0.000000	0.000000
0.0710	7.88	0.675959	0.000000	0.000000	0.000000
0.0710	8.24	0.675959	0.000000	0.000000	0.000000
0.0710	8.61	0.675959	0.000000	0.000000	0.000000
0.0710	8.98	0.675959	0.000000	0.000000	0.000000
0.0710	9.35	0.675959	0.000000	0.000000	0.000000
0.0710	9.71	0.675959	0.083834	0.001575	0.000030
0.0710	10.08	0.675959	0.092766	0.004923	0.000261
0.0710	10.45	0.675959	0.181256	0.088674	0.043381
0.0710	10.82	0.675959	0.270045	0.110731	0.045405
0.0710	11.18	0.675959	0.484708	0.090628	0.016945
0.0710	11.55	0.675959	0.596815	0.070114	0.008237
0.0710	11.92	0.675959	0.699914	0.040322	0.002323
0.0710	12.29	0.675959	0.752866	0.032644	0.001415
0.0710	12.65	0.675959	0.799883	0.023940	0.000716
0.0710	13.02	0.675959	0.822343	0.024991	0.000759
0.0710	13.39	0.675959	0.842686	0.030443	0.001100
0.0710	13.76	0.675959	0.862491	0.012669	0.000186
0.0710	14.12	0.675959	0.870839	0.011706	0.000157
0.0710	14.49	0.675959	0.887681	0.010845	0.000132
0.0710	14.86	0.675959	0.890843	0.009538	0.000102
0.0710	15.22	0.675959	0.891749	0.012456	0.000174
0.0710	15.59	0.675959	0.904964	0.005707	0.000036
0.0710	15.96	0.675959	0.907047	0.004352	0.000021
0.0710	16.33	0.675959	0.909263	0.005178	0.000029
0.0710	16.69	0.675959	0.913964	0.005783	0.000037
0.0710	17.06	0.675959	0.915073	0.003676	0.000015
0.0710	17.43	0.675959	0.917478	0.002852	0.000009
0.0710	17.80	0.675959	0.920407	0.003365	0.000012
0.0710	18.16	0.675959	0.921151	0.003763	0.000015
0.0710	18.53	0.675959	0.925185	0.002826	0.000009
0.0710	18.90	0.675959	0.927316	0.004104	0.000018
0.0710	19.27	0.675959	0.924492	0.003161	0.000011
0.0710	19.63	0.675959	0.925840	0.003527	0.000013
0.0710	20.00	0.675959	0.926326	0.001950	0.000004
0.0733	2.00	0.681054	0.000000	0.000000	0.000000
0.0733	2.37	0.681054	0.000000	0.000000	0.000000
0.0733	2.73	0.681054	0.000000	0.000000	0.000000
0.0733	3.10	0.681054	0.000000	0.000000	0.000000
0.0733	3.47	0.681054	0.000000	0.000000	0.000000
0.0733	3.84	0.681054	0.000000	0.000000	0.000000
0.0733	4.20	0.681054	0.000000	0.000000	0.000000
0.0733	4.57	0.681054	0.000000	0.000000	0.000000
0.0733	4.94	0.681054	0.000000	0.000000	0.000000
0.0733	5.31	0.681054	0.000000	0.000000	0.000000
0.0733	5.67	0.681054	0.000000	0.000000	0.000000
0.0733	6.04	0.681054	0.000000	0.000000	0.000000
0.0733	6.41	0.681054	0.000000	0.000000	0.000000
0.0733	6.78	0.681054	0.000000	0.000000	0.000000
0.0733	7.14	0.681054	0.000000	0.000000	0.000000
0.0733	7.51	0.681054	0.000000	0.000000	0.000000
0.0733	7.88	0.681054	0.161014	0.020004	0.002485
0.0733	8.24	0.681054	0.178337	0.000000	0.000000
0.0733	8.61	0.681054	0.214658	0.029882	0.004160
0.0733	8.98	0.681054	0.281384	0.043919	0.006855
0.0733	9.35	0.681054	0.367826	0.034454	0.003227
0.0733	9.71	0.681054	0.441648	0.026124	0.001545
0.0733	10.08	0.681054	0.528999	0.034399	0.002237
0.0733	10.45	0.681054	0.596280	0.037106	0.002309
0.0733	10.82	0.681054	0.676623	0.031076	0.001427
0.0733	11.18	0.681054	0.714767	0.029575	0.001224
0.0733	11.55	0.681054	0.762483	0.026649	0.000931
0.0733	11.92	0.681054	0.787348	0.015199	0.000293
0.0733	12.29	0.681054	0.808769	0.016805	0.000349
0.0733	12.65	0.681054	0.828466	0.019114	0.000441
0.0733	13.02	0.681054	0.838539	0.025046	0.000748
0.0733	13.39	0.681054	0.858444	0.008961	0.000094
0.0733	13.76	0.681054	0.870220	0.006725	0.000052
0.0733	14.12	0.681054	0.873784	0.005784	0.000038
0.0733	14.49	0.681054	0.880426	0.007710	0.000068
0.0733	14.86	0.681054	0.882576	0.008253	0.000077
0.0733	15.22	0.681054	0.890686	0.006247	0.000044
0.0733	15.59	0.681054	0.896658	0.004777	0.000025
0.0733	15.96	0.681054	0.902141	0.004346	0.000021
0.0733	16.33	0.681054	0.906086	0.005906	0.000038
0.0733	16.69	0.681054	0.907002	0.005076	0.000028
0.0733	17.06	0.681054	0.908338	0.006128	0.000041
0.0733	17.43	0.681054	0.912798	0.005018	0.000028
0.0733	17.80	0.681054	0.916527	0.003948	0.000017
0.0733	18.16	0.681054	0.919891	0.003213	0.000011
0.0733	18.53	0.681054	0.919379	0.003673	0.000015
0.0733	18.90	0.681054	0.921761	0.003522	0.000013
0.0733	19.27	0.681054	0.924078	0.003255	0.000011
0.0733	19.63	0.681054	0.926376	0.005708	0.000035
0.0733	20.00	0.681054	0.927742	0.002927	0.000009
0.0756	2.00	0.679342	0.000000	0.000000	0.000000
0.0756	2.37	0.679342	0.000000	0.000000	0.000000
0.0756	2.73	0.679342	0.000000	0.000000	0.000000
0.0756	3.10	0.679342	0.000000	0.000000	0.000000
0.0756	3.47	0.679342	0.000000	0.000000	0.000000
0.0756	3.84	0.679342	0.000000	0.000000	0.000000
0.0756	4.20	0.679342	0.000000	0.000000	0.000000
0.0756	4.57	0.679342	0.000000	0.000000	0.000000
0.0756	4.94	0.679342	0.000000	0.000000	0.000000
0.0756	5.31	0.679342	0.000000	0.000000	0.000000
0.0756	5.67	0.679342	0.000000	0.000000	0.000000
0.0756	6.04	0.679342	0.000000	0.000000	0.000000
0.0756	6.41	0.679342	0.000000	0.000000	0.000000
0.0756	6.78	0.679342	0.000000	0.000000	0.000000
0.0756	7.14	0.679342	0.000000	0.000000	0.000000
0.0756	7.51	0.679342	0.000000	0.000000	0.000000
0.0756	7.88	0.679342	0.000000	0.000000	0.000000
0.0756	8.24	0.679342	0.000000	0.000000	0.000000
0.0756	8.61	0.679342	0.000000	0.000000	0.000000
0.0756	8.98	0.679342	0.000000	0.000000	0.000000
0.0756	9.35	0.679342	0.104364	0.000000	0.000000
0.0756	9.71	0.679342	0.089091	0.000000	0.000000
0.0756	10.08	0.679342	0.129737	0.040363	0.012557
0.0756	10.45	0.679342	0.142754	0.042464	0.012631
0.0756	10.82	0.679342	0.223718	0.077311	0.026716
0.0756	11.18	0.679342	0.393145	0.116506	0.034526
0.0756	11.55	0.679342	0.516486	0.130448	0.032947
0.0756	11.92	0.679342	0.653528	0.115785	0.020513
0.0756	12.29	0.679342	0.691670	0.097703	0.013801
0.0756	12.65	0.679342	0.793469	0.038925	0.001909
0.0756	13.02	0.679342	0.826477	0.032095	0.001246
0.0756	13.39	0.679342	0.848705	0.019046	0.000427
0.0756	13.76	0.679342	0.854723	0.017461	0.000357
0.0756	14.12	0.679342	0.871515	0.014521	0.000242
0.0756	14.49	0.679342	0.878605	0.014052	0.000225
0.0756	14.86	0.679342	0.879607	0.013185	0.000198
0.0756	15.22	0.679342	0.891690	0.007440	0.000062
0.0756	15.59	0.679342	0.899727	0.004375	0.000021
0.0756	15.96	0.679342	0.901483	0.005303	0.000031
0.0756	16.33	0.679342	0.899917	0.005639	0.000035
0.0756	16.69	0.679342	0.911164	0.004137	0.000019
0.0756	17.06	0.679342	0.913988	0.002713	0.000008
0.0756	17.43	0.679342	0.914609	0.002575	0.000007
0.0756	17.80	0.679342	0.917048	0.002405	0.000006
0.0756	18.16	0.679342	0.915591	0.002487	0.000007
0.0756	18.53	0.679342	0.923019	0.002207	0.000005
0.0756	18.90	0.679342	0.921235	0.002627	0.000007
0.0756	19.27	0.679342	0.923246	0.002345	0.000006
0.0756	19.63	0.679342	0.923981	0.001764	0.000003
0.0756	20.00	0.679342	0.925050	0.002359	0.000006
0.0779	2.00	0.638796	0.000000	0.000000	0.000000
0.0779	2.37	0.638796	0.000000	0.000000	0.000000
0.0779	2.73	0.638796	0.000000	0.000000	0.000000
0.0779	3.10	0.638796	0.000000	0.000000	0.000000
0.0779	3.47	0.638796	0.000000	0.000000	0.000000
0.0779	3.84	0.638796	0.000000	0.000000	0.000000
0.0779	4.20	0.638796	0.000000	0.000000	0.000000
0.0779	4.57	0.638796	0.000000	0.000000	0.000000
0.0779	4.94	0.638796	0.000000	0.000000	0.000000
0.0779	5.31	0.638796	0.000000	0.000000	0.000000
0.0779	5.67	0.638796	0.000000	0.000000	0.000000
0.0779	6.04	0.638796	0.000000	0.000000	0.000000
0.0779	6.41	0.638796	0.000000	0.000000	0.000000
0.0779	6.78	0.638796	0.000000	0.000000	0.000000
0.0779	7.14	0.638796	0.000000	0.000000	0.000000
0.0779	7.51	0.638796	0.000000	0.000000	0.000000
0.0779	7.88	0.638796	0.000000	0.000000	0.000000
0.0779	8.24	0.638796	0.000000	0.000000	0.000000
0.0779	8.61	0.638796	0.000000	0.000000	0.000000
0.0779	8.98	0.638796	0.000000	0.000000	0.000000
0.0779	9.35	0.638796	0.000000	0.000000	0.000000
0.0779	9.71	0.638796	0.115644	0.013907	0.001672
0.0779	10.08	0.638796	0.175558	0.056908	0.018447
0.0779	10.45	0.638796	0.231891	0.050782	0.011121
0.0779	10.82	0.638796	0.327685	0.102877	0.032298
0.0779	11.18	0.638796	0.462631	0.035423	0.002712
0.0779	11.55	0.638796	0.491527	0.071469	0.010392
0.0779	11.92	0.638796	0.605609	0.044519	0.003273
0.0779	12.29	0.638796	0.600608	0.116875	0.022743
0.0779	12.65	0.638796	0.688610	0.049263	0.003524
0.0779	13.02	0.638796	0.751935	0.040393	0.002170
0.0779	13.39	0.638796	0.790293	0.032459	0.001333
0.0779	13.76	0.638796	0.800795	0.030171	0.001137
0.0779	14.12	0.638796	0.841439	0.022454	0.000599
0.0779	14.49	0.638796	0.862342	0.017701	0.000363
0.0779	14.86	0.638796	0.877417	0.012959	0.000191
0.0779	15.22	0.638796	0.880800	0.015494	0.000273
0.0779	15.59	0.638796	0.881956	0.016151	0.000296
0.0779	15.96	0.638796	0.897237	0.010556	0.000124
0.0779	16.33	0.638796	0.901460	0.011042	0.000135
0.0779	16.69	0.638796	0.907308	0.008977	0.000089
0.0779	17.06	0.638796	0.917341	0.005288	0.000030
0.0779	17.43	0.638796	0.919749	0.005142	0.000029
0.0779	17.80	0.638796	0.923827	0.006012	0.000039
0.0779	18.16	0.638796	0.923991	0.004201	0.000019
0.0779	18.53	0.638796	0.928209	0.003278	0.000012
0.0779	18.90	0.638796	0.926712	0.005609	0.000034
0.0779	19.27	0.638796	0.929697	0.004566	0.000022
0.0779	19.63	0.638796	0.934600	0.004810	0.000025
0.0779	20.00	0.638796	0.933527	0.003064	0.000010
0.0802	2.00	0.640235	0.000000	0.000000	0.000000
0.0802	2.37	0.640235	0.000000	0.000000	0.000000
0.0802	2.73	0.640235	0.000000	0.000000	0.000000
0.0802	3.10	0.640235	0.000000	0.000000	0.000000
0.0802	3.47	0.640235	0.000000	0.000000	0.000000
0.0802	3.84	0.640235	0.000000	0.000000	0.000000
0.0802	4.20	0.640235	0.000000	0.000000	0.000000
0.0802	4.57	0.640235	0.000000	0.000000	0.000000
0.0802	4.94	0.640235	0.000000	0.000000	0.000000
0.0802	5.31	0.640235	0.000000	0.000000	0.000000
0.0802	5.67	0.640235	0.000000	0.000000	0.000000
0.0802	6.04	0.640235	0.000000	0.000000	0.000000
0.0802	6.41	0.640235	0.000000	0.000000	0.000000
0.0802	6.78	0.640235	0.000000	0.000000	0.000000
0.0802	7.14	0.640235	0.000000	0.000000	0.000000
0.0802	7.51	0.640235	0.000000	0.000000	0.000000
0.0802	7.88	0.640235	0.000000	0.000000	0.000000
0.0802	8.24	0.640235	0.000000	0.000000	0.000000
0.0802	8.61	0.640235	0.000000	0.000000	0.000000
0.0802	8.98	0.640235	0.000000	0.000000	0.000000
0.0802	9.35	0.640235	0.091705	0.000000	0.000000
0.0802	9.71	0.640235	0.107065	0.017617	0.002899
0.0802	10.08	0.640235	0.199529	0.046509	0.010841
0.0802	10.45	0.640235	0.273415	0.067602	0.016715
0.0802	10.82	0.640235	0.278204	0.066650	0.015968
0.0802	11.18	0.640235	0.394216	0.093241	0.022054
0.0802	11.55	0.640235	0.552679	0.108524	0.021310
0.0802	11.92	0.640235	0.614019	0.084195	0.011545
0.0802	12.29	0.640235	0.715295	0.115102	0.018522
0.0802	12.65	0.640235	0.758353	0.059274	0.004633
0.0802	13.02	0.640235	0.804253	0.034260	0.001459
0.0802	13.39	0.640235	0.835497	0.018542	0.000411
0.0802	13.76	0.640235	0.855802	0.017954	0.000377
0.0802	14.12	0.640235	0.869502	0.013003	0.000194
0.0802	14.49	0.640235	0.879312	0.008232	0.000077
0.0802	14.86	0.640235	0.878209	0.013286	0.000201
0.0802	15.22	0.640235	0.887996	0.007480	0.000063
0.0802	15.59	0.640235	0.889587	0.006842	0.000053
0.0802	15.96	0.640235	0.900012	0.003978	0.000018
0.0802	16.33	0.640235	0.903138	0.007635	0.000065
0.0802	16.69	0.640235	0.905419	0.007252	0.000058
0.0802	17.06	0.640235	0.905244	0.005814	0.000037
0.0802	17.43	0.640235	0.907859	0.004079	0.000018
0.0802	17.80	0.640235	0.912861	0.004671	0.000024
0.0802	18.16	0.640235	0.918133	0.004101	0.000018
0.0802	18.53	0.640235	0.918782	0.002677	0.000008
0.0802	18.90	0.640235	0.919975	0.002679	0.000008
0.0802	19.27	0.640235	0.921392	0.002493	0.000007
0.0802	19.63	0.640235	0.920928	0.002673	0.000008
0.0802	20.00	0.640235	0.923007	0.002436	0.000006
0.0825	2.00	0.628796	0.000000	0.000000	0.000000
0.0825	2.37	0.628796	0.000000	0.000000	0.000000
0.0825	2.73	0.628796	0.000000	0.000000	0.000000
0.0825	3.10	0.628796	0.000000	0.000000	0.000000
0.0825	3.47	0.628796	0.000000	0.000000	0.000000
0.0825	3.84	0.628796	0.000000	0.000000	0.000000
0.0825	4.20	0.628796	0.000000	0.000000	0.000000
0.0825	4.57	0.628796	0.000000	0.000000	0.000000
0.0825	4.94	0.628796	0.000000	0.000000	0.000000
0.0825	5.31	0.628796	0.000000	0.000000	0.000000
0.0825	5.67	0.628796	0.000000	0.000000	0.000000
0.0825	6.04	0.628796	0.000000	0.000000	0.000000
0.0825	6.41	0.628796	0.000000	0.000000	0.000000
0.0825	6.78	0.628796	0.000000	0.000000	0.000000
0.0825	7.14	0.628796	0.000000	0.000000	0.000000
0.0825	7.51	0.628796	0.000000	0.000000	0.000000
0.0825	7.88	0.628796	0.000000	0.000000	0.000000
0.0825	8.24	0.628796	0.000000	0.000000	0.000000
0.0825	8.61	0.628796	0.000000	0.000000	0.000000
0.0825	8.98	0.628796	0.000000	0.000000	0.000000
0.0825	9.35	0.628796	0.092372	0.003658	0.000145
0.0825	9.71	0.628796	0.102945	0.017326	0.002916
0.0825	10.08	0.628796	0.142870	0.030159	0.006367
0.0825	10.45	0.628796	0.165009	0.036419	0.008038
0.0825	10.82	0.628796	0.211163	0.051626	0.012622
0.0825	11.18	0.628796	0.241087	0.077585	0.024968
0.0825	11.55	0.628796	0.273569	0.072626	0.019281
0.0825	11.92	0.628796	0.372064	0.086357	0.020044
0.0825	12.29	0.628796	0.412075	0.125701	0.038344
0.0825	12.65	0.628796	0.587445	0.072234	0.008882
0.0825	13.02	0.628796	0.657418	0.054778	0.004564
0.0825	13.39	0.628796	0.738257	0.047928	0.003111
0.0825	13.76	0.628796	0.771227	0.034931	0.001582
0.0825	14.12	0.628796	0.797042	0.034932	0.001531
0.0825	14.49	0.628796	0.821151	0.032817	0.001312
0.0825	14.86	0.628796	0.851953	0.021183	0.000527
0.0825	15.22	0.628796	0.844871	0.024765	0.000726
0.0825	15.59	0.628796	0.856008	0.022989	0.000617
0.0825	15.96	0.628796	0.875329	0.010909	0.000136
0.0825	16.33	0.628796	0.881327	0.015303	0.000266
0.0825	16.69	0.628796	0.886950	0.010386	0.000122
0.0825	17.06	0.628796	0.898995	0.005390	0.000032
0.0825	17.43	0.628796	0.895913	0.011988	0.000160
0.0825	17.80	0.628796	0.906210	0.004175	0.000019
0.0825	18.16	0.628796	0.910474	0.004519	0.000022
0.0825	18.53	0.628796	0.911073	0.005069	0.000028
0.0825	18.90	0.628796	0.910435	0.007745	0.000066
0.0825	19.27	0.628796	0.918860	0.002750	0.000008
0.0825	19.63	0.628796	0.918715	0.004066	0.000018
0.0825	20.00	0.628796	0.919082	0.004429	0.000021
0.0848	2.00	0.605133	0.000000	0.000000	0.000000
0.0848	2.37	0.605133	0.000000	0.000000	0.000000
0.0848	2.73	0.605133	0.000000	0.000000	0.000000
0.0848	3.10	0.605133	0.000000	0.000000	0.000000
0.0848	3.47	0.605133	0.000000	0.000000	0.000000
0.0848	3.84	0.605133	0.000000	0.000000	0.000000
0.0848	4.20	0.605133	0.000000	0.000000	0.000000
0.0848	4.57	0.605133	0.000000	0.000000	0.000000
0.0848	4.94	0.605133	0.000000	0.000000	0.000000
0.0848	5.31	0.605133	0.000000	0.000000	0.000000
0.0848	5.67	0.605133	0.000000	0.000000	0.000000
0.0848	6.04	0.605133	0.000000	0.000000	0.000000
0.0848	6.41	0.605133	0.000000	0.000000	0.000000
0.0848	6.78	0.605133	0.000000	0.000000	0.000000
0.0848	7.14	0.605133	0.000000	0.000000	0.000000
0.0848	7.51	0.605133	0.000000	0.000000	0.000000
0.0848	7.88	0.605133	0.000000	0.000000	0.000000
0.0848	8.24	0.605133	0.000000	0.000000	0.000000
0.0848	8.61	0.605133	0.000000	0.000000	0.000000
0.0848	8.98	0.605133	0.000000	0.000000	0.000000
0.0848	9.35	0.605133	0.000000	0.000000	0.000000
0.0848	9.71	0.605133	0.000000	0.000000	0.000000
0.0848	10.08	0.605133	0.113939	0.023445	0.004824
0.0848	10.45	0.605133	0.130013	0.039474	0.011985
0.0848	10.82	0.605133	0.145465	0.045654	0.014328
0.0848	11.18	0.605133	0.215928	0.092459	0.039590
0.0848	11.55	0.605133	0.241345	0.087061	0.031406
0.0848	11.92	0.605133	0.459149	0.094199	0.019326
0.0848	12.29	0.605133	0.549170	0.079281	0.011446
0.0848	12.65	0.605133	0.661025	0.056530	0.004834
0.0848	13.02	0.605133	0.743067	0.037649	0.001908
0.0848	13.39	0.605133	0.773083	0.026301	0.000895
0.0848	13.76	0.605133	0.795035	0.035054	0.001546
0.0848	14.12	0.605133	0.816778	0.039064	0.001868
0.0848	14.49	0.605133	0.843433	0.020007	0.000475
0.0848	14.86	0.605133	0.855267	0.019313	0.000436
0.0848	15.22	0.605133	0.868873	0.011533	0.000153
0.0848	15.59	0.605133	0.883092	0.006404	0.000046
0.0848	15.96	0.605133	0.882150	0.011224	0.000143
0.0848	16.33	0.605133	0.896045	0.007550	0.000064
0.0848	16.69	0.605133	0.897309	0.006145	0.000042
0.0848	17.06	0.605133	0.906245	0.005920	0.000039
0.0848	17.43	0.605133	0.907460	0.007997	0.000070
0.0848	17.80	0.605133	0.904821	0.009589	0.000102
0.0848	18.16	0.605133	0.912725	0.007488	0.000061
0.0848	18.53	0.605133	0.917811	0.002742	0.000008
0.0848	18.90	0.605133	0.919016	0.003499	0.000013
0.0848	19.27	0.605133	0.924075	0.002873	0.000009
0.0848	19.63	0.605133	0.928398	0.003430	0.000013
0.0848	20.00	0.605133	0.927166	0.002792	0.000008
0.0872	2.00	0.606091	0.000000	0.000000	0.000000
0.0872	2.37	0.606091	0.000000	0.000000	0.000000
0.0872	2.73	0.606091	0.000000	0.000000	0.000000
0.0872	3.10	0.606091	0.000000	0.000000	0.000000
0.0872	3.47	0.606091	0.000000	0.000000	0.000000
0.0872	3.84	0.606091	0.000000	0.000000	0.000000
0.0872	4.20	0.606091	0.000000	0.000000	0.000000
0.0872	4.57	0.606091	0.000000	0.000000	0.000000
0.0872	4.94	0.606091	0.000000	0.000000	0.000000
0.0872	5.31	0.606091	0.000000	0.000000	0.000000
0.0872	5.67	0.606091	0.000000	0.000000	0.000000
0.0872	6.04	0.606091	0.000000	0.000000	0.000000
0.0872	6.41	0.606091	0.000000	0.000000	0.000000
0.0872	6.78	0.606091	0.000000	0.000000	0.000000
0.0872	7.14	0.606091	0.000000	0.000000	0.000000
0.0872	7.51	0.606091	0.000000	0.000000	0.000000
0.0872	7.88	0.606091	0.000000	0.000000	0.000000
0.0872	8.24	0.606091	0.000000	0.000000	0.000000
0.0872	8.61	0.606091	0.000000	0.000000	0.000000
0.0872	8.98	0.606091	0.000000	0.000000	0.000000
0.0872	9.35	0.606091	0.000000	0.000000	0.000000
0.0872	9.71	0.606091	0.000000	0.000000	0.000000
0.0872	10.08	0.606091	0.087049	0.003459	0.000137
0.0872	10.45	0.606091	0.126624	0.025083	0.004969
0.0872	10.82	0.606091	0.166613	0.055311	0.018361
0.0872	11.18	0.606091	0.253492	0.072075	0.020493
0.0872	11.55	0.606091	0.370571	0.107136	0.030974
0.0872	11.92	0.606091	0.461262	0.119360	0.030887
0.0872	12.29	0.606091	0.531875	0.108997	0.022337
0.0872	12.65	0.606091	0.608014	0.074418	0.009108
0.0872	13.02	0.606091	0.721337	0.031776	0.001400
0.0872	13.39	0.606091	0.760302	0.021972	0.000635
0.0872	13.76	0.606091	0.781112	0.032518	0.001354
0.0872	14.12	0.606091	0.795957	0.037263	0.001745
0.0872	14.49	0.606091	0.829696	0.012837	0.000199
0.0872	14.86	0.606091	0.826529	0.026765	0.000867
0.0872	15.22	0.606091	0.846433	0.014862	0.000261
0.0872	15.59	0.606091	0.858357	0.016059	0.000300
0.0872	15.96	0.606091	0.869408	0.017177	0.000339
0.0872	16.33	0.606091	0.872665	0.011874	0.000162
0.0872	16.69	0.606091	0.876311	0.015491	0.000274
0.0872	17.06	0.606091	0.890195	0.008538	0.000082
0.0872	17.43	0.606091	0.893228	0.008169	0.000075
0.0872	17.80	0.606091	0.894574	0.008628	0.000083
0.0872	18.16	0.606091	0.900950	0.006289	0.000044
0.0872	18.53	0.606091	0.902816	0.007052	0.000055
0.0872	18.90	0.606091	0.899552	0.012798	0.000182
0.0872	19.27	0.606091	0.908391	0.010063	0.000111
0.0872	19.63	0.606091	0.908510	0.004964	0.000027
0.0872	20.00	0.606091	0.905928	0.013361	0.000197
0.0897	2.00	0.615775	0.000000	0.000000	0.000000
0.0897	2.37	0.615775	0.000000	0.000000	0.000000
0.0897	2.73	0.615775	0.000000	0.000000	0.000000
0.0897	3.10	0.615775	0.000000	0.000000	0.000000
0.0897	3.47	0.615775	0.000000	0.000000	0.000000
0.0897	3.84	0.615775	0.000000	0.000000	0.000000
0.0897	4.20	0.615775	0.000000	0.000000	0.000000
0.0897	4.57	0.615775	0.000000	0.000000	0.000000
0.0897	4.94	0.615775	0.000000	0.000000	0.000000
0.0897	5.31	0.615775	0.000000	0.000000	0.000000
0.0897	5.67	0.615775	0.000000	0.000000	0.000000
0.0897	6.04	0.615775	0.000000	0.000000	0.000000
0.0897	6.41	0.615775	0.000000	0.000000	0.000000
0.0897	6.78	0.615775	0.000000	0.000000	0.000000
0.0897	7.14	0.615775	0.000000	0.000000	0.000000
0.0897	7.51	0.615775	0.000000	0.000000	0.000000
0.0897	7.88	0.615775	0.000000	0.000000	0.000000
0.0897	8.24	0.615775	0.000000	0.000000	0.000000
0.0897	8.61	0.615775	0.000000	0.000000	0.000000
0.0897	8.98	0.615775	0.000000	0.000000	0.000000
0.0897	9.35	0.615775	0.103500	0.025044	0.006060
0.0897	9.71	0.615775	0.157920	0.045474	0.013094
0.0897	10.08	0.615775	0.183515	0.046206	0.011634
0.0897	10.45	0.615775	0.271834	0.070568	0.018319
0.0897	10.82	0.615775	0.342011	0.091029	0.024228
0.0897	11.18	0.615775	0.468481	0.061016	0.007947
0.0897	11.55	0.615775	0.504586	0.066231	0.008693
0.0897	11.92	0.615775	0.605073	0.037402	0.002312
0.0897	12.29	0.615775	0.692539	0.034578	0.001726
0.0897	12.65	0.615775	0.725072	0.041972	0.002430
0.0897	13.02	0.615775	0.753981	0.043426	0.002501
0.0897	13.39	0.615775	0.785134	0.036121	0.001662
0.0897	13.76	0.615775	0.802867	0.026898	0.000901
0.0897	14.12	0.615775	0.821994	0.035755	0.001555
0.0897	14.49	0.615775	0.828111	0.028495	0.000981
0.0897	14.86	0.615775	0.843955	0.019415	0.000447
0.0897	15.22	0.615775	0.856556	0.014301	0.000239
0.0897	15.59	0.615775	0.866543	0.017417	0.000350
0.0897	15.96	0.615775	0.875589	0.008897	0.000090
0.0897	16.33	0.615775	0.883839	0.007271	0.000060
0.0897	16.69	0.615775	0.888042	0.011529	0.000150
0.0897	17.06	0.615775	0.894113	0.008019	0.000072
0.0897	17.43	0.615775	0.900249	0.008784	0.000086
0.0897	17.80	0.615775	0.895112	0.008997	0.000090
0.0897	18.16	0.615775	0.906998	0.006652	0.000049
0.0897	18.53	0.615775	0.908138	0.004957	0.000027
0.0897	18.90	0.615775	0.912320	0.006669	0.000049
0.0897	19.27	0.615775	0.919328	0.003754	0.000015
0.0897	19.63	0.615775	0.918046	0.003196	0.000011
0.0897	20.00	0.615775	0.919593	0.005216	0.000030
0.0921	2.00	0.594365	0.000000	0.000000	0.000000
0.0921	2.37	0.594365	0.000000	0.000000	0.000000
0.0921	2.73	0.594365	0.000000	0.000000	0.000000
0.0921	3.10	0.594365	0.000000	0.000000	0.000000
0.0921	3.47	0.594365	0.000000	0.000000	0.000000
0.0921	3.84	0.594365	0.000000	0.000000	0.000000
0.0921	4.20	0.594365	0.000000	0.000000	0.000000
0.0921	4.57	0.594365	0.000000	0.000000	0.000000
0.0921	4.94	0.594365	0.000000	0.000000	0.000000
0.0921	5.31	0.594365	0.000000	0.000000	0.000000
0.0921	5.67	0.594365	0.000000	0.000000	0.000000
0.0921	6.04	0.594365	0.000000	0.000000	0.000000
0.0921	6.41	0.594365	0.000000	0.000000	0.000000
0.0921	6.78	0.594365	0.000000	0.000000	0.000000
0.0921	7.14	0.594365	0.000000	0.000000	0.000000
0.0921	7.51	0.594365	0.000000	0.000000	0.000000
0.0921	7.88	0.594365	0.000000	0.000000	0.000000
0.0921	8.24	0.594365	0.000000	0.000000	0.000000
0.0921	8.61	0.594365	0.000000	0.000000	0.000000
0.0921	8.98	0.594365	0.000000	0.000000	0.000000
0.0921	9.35	0.594365	0.000000	0.000000	0.000000
0.0921	9.71	0.594365	0.000000	0.000000	0.000000
0.0921	10.08	0.594365	0.099939	0.011895	0.001416
0.0921	10.45	0.594365	0.103201	0.024956	0.006035
0.0921	10.82	0.594365	0.153196	0.069330	0.031376
0.0921	11.18	0.594365	0.283604	0.108350	0.041395
0.0921	11.55	0.594365	0.403647	0.117695	0.034317
0.0921	11.92	0.594365	0.564258	0.077337	0.010600
0.0921	12.29	0.594365	0.644969	0.043737	0.002966
0.0921	12.65	0.594365	0.697878	0.036431	0.001902
0.0921	13.02	0.594365	0.748487	0.030880	0.001274
0.0921	13.39	0.594365	0.786711	0.021037	0.000563
0.0921	13.76	0.594365	0.794977	0.016144	0.000328
0.0921	14.12	0.594365	0.812289	0.020946	0.000540
0.0921	14.49	0.594365	0.830233	0.013340	0.000214
0.0921	14.86	0.594365	0.837930	0.011887	0.000169
0.0921	15.22	0.594365	0.846497	0.011782	0.000164
0.0921	15.59	0.594365	0.856664	0.015995	0.000299
0.0921	15.96	0.594365	0.870222	0.012536	0.000181
0.0921	16.33	0.594365	0.879331	0.009346	0.000099
0.0921	16.69	0.594365	0.879944	0.011977	0.000163
0.0921	17.06	0.594365	0.888429	0.010357	0.000121
0.0921	17.43	0.594365	0.894601	0.008237	0.000076
0.0921	17.80	0.594365	0.898263	0.009313	0.000097
0.0921	18.16	0.594365	0.902806	0.008440	0.000079
0.0921	18.53	0.594365	0.900374	0.009678	0.000104
0.0921	18.90	0.594365	0.906268	0.010110	0.000113
0.0921	19.27	0.594365	0.912979	0.007269	0.000058
0.0921	19.63	0.594365	0.911167	0.007456	0.000061
0.0921	20.00	0.594365	0.911732	0.009423	0.000097
