base_sigma	MAX_EXC_WEIGHT	Gini	mean_peaks_height	std_peaks_height	fano_factor
0.0300	5.00	0.935383	0.000000	0.000000	0.000000
0.0300	5.51	0.935383	0.346182	0.016123	0.000751
0.0300	6.02	0.935383	0.350114	0.126025	0.045363
0.0300	6.53	0.935383	0.343178	0.141272	0.058155
0.0300	7.04	0.935383	0.594604	0.073715	0.009139
0.0300	7.55	0.935383	0.699673	0.089822	0.011531
0.0300	8.06	0.935383	0.775816	0.071098	0.006516
0.0300	8.57	0.935383	0.828789	0.086389	0.009005
0.0300	9.08	0.935383	0.834883	0.092704	0.010294
0.0300	9.59	0.935383	0.878028	0.080443	0.007370
0.0300	10.10	0.935383	0.911952	0.066308	0.004821
0.0300	10.61	0.935383	0.945250	0.028858	0.000881
0.0300	11.12	0.935383	0.948931	0.031883	0.001071
0.0300	11.63	0.935383	0.963507	0.016516	0.000283
0.0300	12.14	0.935383	0.961341	0.029988	0.000935
0.0300	12.65	0.935383	0.969181	0.017831	0.000328
0.0300	13.16	0.935383	0.978578	0.007567	0.000059
0.0300	13.67	0.935383	0.963667	0.015008	0.000234
0.0300	14.18	0.935383	0.741669	0.173202	0.040448
0.0300	14.69	0.935383	0.838105	0.124454	0.018481
0.0300	15.20	0.935383	0.655646	0.212597	0.068936
0.0300	15.71	0.935383	0.591954	0.178321	0.053718
0.0300	16.22	0.935383	0.701660	0.113309	0.018298
0.0300	16.73	0.935383	0.630369	0.173444	0.047723
0.0300	17.24	0.935383	0.680057	0.163915	0.039509
0.0300	17.76	0.935383	0.610318	0.135547	0.030104
0.0300	18.27	0.935383	0.680721	0.157153	0.036281
0.0300	18.78	0.935383	0.714846	0.146103	0.029861
0.0300	19.29	0.935383	0.766148	0.149350	0.029114
0.0300	19.80	0.935383	0.670600	0.147349	0.032377
0.0300	20.31	0.935383	0.775510	0.121470	0.019026
0.0300	20.82	0.935383	0.865240	0.059713	0.004121
0.0300	21.33	0.935383	0.792177	0.129429	0.021147
0.0300	21.84	0.935383	0.827255	0.117159	0.016592
0.0300	22.35	0.935383	0.825021	0.106337	0.013706
0.0300	22.86	0.935383	0.827227	0.129690	0.020332
0.0300	23.37	0.935383	0.906427	0.054037	0.003221
0.0300	23.88	0.935383	0.841520	0.103898	0.012828
0.0300	24.39	0.935383	0.926208	0.050213	0.002722
0.0300	24.90	0.935383	0.944640	0.036684	0.001425
0.0300	25.41	0.935383	0.876670	0.090405	0.009323
0.0300	25.92	0.935383	0.866420	0.092692	0.009916
0.0300	26.43	0.935383	0.879955	0.094014	0.010044
0.0300	26.94	0.935383	0.831010	0.100321	0.012111
0.0300	27.45	0.935383	0.903373	0.062317	0.004299
0.0300	27.96	0.935383	0.863806	0.088770	0.009123
0.0300	28.47	0.935383	0.873326	0.079348	0.007209
0.0300	28.98	0.935383	0.877433	0.068253	0.005309
0.0300	29.49	0.935383	0.851468	0.068178	0.005459
0.0300	30.00	0.935383	0.884365	0.061765	0.004314
0.0437	5.00	0.904229	0.000000	0.000000	0.000000
0.0437	5.51	0.904229	0.000000	0.000000	0.000000
0.0437	6.02	0.904229	0.000000	0.000000	0.000000
0.0437	6.53	0.904229	0.000000	0.000000	0.000000
0.0437	7.04	0.904229	0.000000	0.000000	0.000000
0.0437	7.55	0.904229	0.282957	0.107396	0.040762
0.0437	8.06	0.904229	0.401247	0.173090	0.074668
0.0437	8.57	0.904229	0.560849	0.179665	0.057555
0.0437	9.08	0.904229	0.728891	0.082588	0.009358
0.0437	9.59	0.904229	0.801667	0.046128	0.002654
0.0437	10.10	0.904229	0.845751	0.060296	0.004299
0.0437	10.61	0.904229	0.867327	0.043507	0.002182
0.0437	11.12	0.904229	0.892341	0.038976	0.001702
0.0437	11.63	0.904229	0.911670	0.029171	0.000933
0.0437	12.14	0.904229	0.926700	0.020809	0.000467
0.0437	12.65	0.904229	0.922105	0.025642	0.000713
0.0437	13.16	0.904229	0.935734	0.014575	0.000227
0.0437	13.67	0.904229	0.936980	0.014394	0.000221
0.0437	14.18	0.904229	0.943000	0.007787	0.000064
0.0437	14.69	0.904229	0.888875	0.090253	0.009164
0.0437	15.20	0.904229	0.947236	0.004792	0.000024
0.0437	15.71	0.904229	0.947076	0.006156	0.000040
0.0437	16.22	0.904229	0.950200	0.003987	0.000017
0.0437	16.73	0.904229	0.949303	0.002714	0.000008
0.0437	17.24	0.904229	0.947887	0.002559	0.000007
0.0437	17.76	0.904229	0.951311	0.001668	0.000003
0.0437	18.27	0.904229	0.952176	0.001071	0.000001
0.0437	18.78	0.904229	0.952822	0.001674	0.000003
0.0437	19.29	0.904229	0.954602	0.001454	0.000002
0.0437	19.80	0.904229	0.951586	0.001153	0.000001
0.0437	20.31	0.904229	0.911772	0.022617	0.000561
0.0437	20.82	0.904229	0.836442	0.034030	0.001384
0.0437	21.33	0.904229	0.831929	0.050275	0.003038
0.0437	21.84	0.904229	0.933829	0.010120	0.000110
0.0437	22.35	0.904229	0.677083	0.194273	0.055742
0.0437	22.86	0.904229	0.852673	0.024717	0.000717
0.0437	23.37	0.904229	0.820184	0.037816	0.001744
0.0437	23.88	0.904229	0.829020	0.034160	0.001408
0.0437	24.39	0.904229	0.783051	0.125641	0.020159
0.0437	24.90	0.904229	0.861505	0.053805	0.003360
0.0437	25.41	0.904229	0.866365	0.079508	0.007297
0.0437	25.92	0.904229	0.860150	0.073069	0.006207
0.0437	26.43	0.904229	0.825287	0.099201	0.011924
0.0437	26.94	0.904229	0.891827	0.059619	0.003986
0.0437	27.45	0.904229	0.843766	0.112685	0.015049
0.0437	27.96	0.904229	0.853722	0.100582	0.011850
0.0437	28.47	0.904229	0.858299	0.081458	0.007731
0.0437	28.98	0.904229	0.850429	0.078729	0.007288
0.0437	29.49	0.904229	0.864625	0.077590	0.006963
0.0437	30.00	0.904229	0.889395	0.071639	0.005770
0.0573	5.00	0.866050	0.000000	0.000000	0.000000
0.0573	5.51	0.866050	0.000000	0.000000	0.000000
0.0573	6.02	0.866050	0.000000	0.000000	0.000000
0.0573	6.53	0.866050	0.000000	0.000000	0.000000
0.0573	7.04	0.866050	0.000000	0.000000	0.000000
0.0573	7.55	0.866050	0.000000	0.000000	0.000000
0.0573	8.06	0.866050	0.106480	0.000000	0.000000
0.0573	8.57	0.866050	0.137823	0.015469	0.001736
0.0573	9.08	0.866050	0.198241	0.072537	0.026541
0.0573	9.59	0.866050	0.297568	0.093607	0.029446
0.0573	10.10	0.866050	0.369391	0.119631	0.038744
0.0573	10.61	0.866050	0.536777	0.168685	0.053010
0.0573	11.12	0.866050	0.648298	0.135748	0.028425
0.0573	11.63	0.866050	0.806687	0.067328	0.005619
0.0573	12.14	0.866050	0.845615	0.067500	0.005388
0.0573	12.65	0.866050	0.896801	0.034827	0.001353
0.0573	13.16	0.866050	0.909094	0.035823	0.001412
0.0573	13.67	0.866050	0.938765	0.019402	0.000401
0.0573	14.18	0.866050	0.934500	0.020813	0.000464
0.0573	14.69	0.866050	0.945037	0.017862	0.000338
0.0573	15.20	0.866050	0.954660	0.016832	0.000297
0.0573	15.71	0.866050	0.961635	0.011977	0.000149
0.0573	16.22	0.866050	0.968187	0.009761	0.000098
0.0573	16.73	0.866050	0.967748	0.009272	0.000089
0.0573	17.24	0.866050	0.970461	0.009201	0.000087
0.0573	17.76	0.866050	0.972790	0.004130	0.000018
0.0573	18.27	0.866050	0.976856	0.004268	0.000019
0.0573	18.78	0.866050	0.976275	0.004246	0.000018
0.0573	19.29	0.866050	0.978026	0.002952	0.000009
0.0573	19.80	0.866050	0.979483	0.003016	0.000009
0.0573	20.31	0.866050	0.981660	0.001242	0.000002
0.0573	20.82	0.866050	0.979710	0.001448	0.000002
0.0573	21.33	0.866050	0.979416	0.001453	0.000002
0.0573	21.84	0.866050	0.981670	0.002496	0.000006
0.0573	22.35	0.866050	0.983382	0.000673	0.000000
0.0573	22.86	0.866050	0.982670	0.000707	0.000001
0.0573	23.37	0.866050	0.981105	0.000875	0.000001
0.0573	23.88	0.866050	0.983533	0.000457	0.000000
0.0573	24.39	0.866050	0.981874	0.000963	0.000001
0.0573	24.90	0.866050	0.981647	0.000796	0.000001
0.0573	25.41	0.866050	0.960882	0.022263	0.000516
0.0573	25.92	0.866050	0.956520	0.021191	0.000469
0.0573	26.43	0.866050	0.876392	0.118884	0.016127
0.0573	26.94	0.866050	0.861858	0.153667	0.027398
0.0573	27.45	0.866050	0.929659	0.035895	0.001386
0.0573	27.96	0.866050	0.814554	0.143588	0.025311
0.0573	28.47	0.866050	0.920629	0.062305	0.004217
0.0573	28.98	0.866050	0.962920	0.027277	0.000773
0.0573	29.49	0.866050	0.963606	0.019296	0.000386
0.0573	30.00	0.866050	0.885293	0.115798	0.015146
0.0710	5.00	0.839886	0.000000	0.000000	0.000000
0.0710	5.51	0.839886	0.000000	0.000000	0.000000
0.0710	6.02	0.839886	0.000000	0.000000	0.000000
0.0710	6.53	0.839886	0.000000	0.000000	0.000000
0.0710	7.04	0.839886	0.000000	0.000000	0.000000
0.0710	7.55	0.839886	0.000000	0.000000	0.000000
0.0710	8.06	0.839886	0.000000	0.000000	0.000000
0.0710	8.57	0.839886	0.000000	0.000000	0.000000
0.0710	9.08	0.839886	0.000000	0.000000	0.000000
0.0710	9.59	0.839886	0.136114	0.023276	0.003980
0.0710	10.10	0.839886	0.134916	0.029208	0.006323
0.0710	10.61	0.839886	0.200976	0.051833	0.013368
0.0710	11.12	0.839886	0.260115	0.090313	0.031357
0.0710	11.63	0.839886	0.325093	0.134999	0.056060
0.0710	12.14	0.839886	0.468697	0.152904	0.049882
0.0710	12.65	0.839886	0.594745	0.153637	0.039688
0.0710	13.16	0.839886	0.713705	0.102646	0.014763
0.0710	13.67	0.839886	0.794217	0.123819	0.019304
0.0710	14.18	0.839886	0.860970	0.056972	0.003770
0.0710	14.69	0.839886	0.871121	0.067347	0.005207
0.0710	15.20	0.839886	0.908061	0.043128	0.002048
0.0710	15.71	0.839886	0.918565	0.030954	0.001043
0.0710	16.22	0.839886	0.926199	0.026993	0.000787
0.0710	16.73	0.839886	0.942053	0.023705	0.000596
0.0710	17.24	0.839886	0.954456	0.019669	0.000405
0.0710	17.76	0.839886	0.953090	0.023481	0.000578
0.0710	18.27	0.839886	0.962638	0.013804	0.000198
0.0710	18.78	0.839886	0.965936	0.010693	0.000118
0.0710	19.29	0.839886	0.968096	0.005924	0.000036
0.0710	19.80	0.839886	0.971323	0.007758	0.000062
0.0710	20.31	0.839886	0.970901	0.005976	0.000037
0.0710	20.82	0.839886	0.976414	0.002666	0.000007
0.0710	21.33	0.839886	0.975492	0.002760	0.000008
0.0710	21.84	0.839886	0.977426	0.002192	0.000005
0.0710	22.35	0.839886	0.978619	0.001471	0.000002
0.0710	22.86	0.839886	0.978948	0.001092	0.000001
0.0710	23.37	0.839886	0.978789	0.000988	0.000001
0.0710	23.88	0.839886	0.980352	0.000668	0.000000
0.0710	24.39	0.839886	0.979658	0.000966	0.000001
0.0710	24.90	0.839886	0.972369	0.002375	0.000006
0.0710	25.41	0.839886	0.975532	0.000986	0.000001
0.0710	25.92	0.839886	0.937156	0.036167	0.001396
0.0710	26.43	0.839886	0.922722	0.019801	0.000425
0.0710	26.94	0.839886	0.968653	0.008802	0.000080
0.0710	27.45	0.839886	0.734868	0.198042	0.053371
0.0710	27.96	0.839886	0.838550	0.103332	0.012733
0.0710	28.47	0.839886	0.750459	0.196280	0.051336
0.0710	28.98	0.839886	0.874802	0.035445	0.001436
0.0710	29.49	0.839886	0.756346	0.242253	0.077592
0.0710	30.00	0.839886	0.850993	0.167535	0.032983
0.0847	5.00	0.782103	0.000000	0.000000	0.000000
0.0847	5.51	0.782103	0.000000	0.000000	0.000000
0.0847	6.02	0.782103	0.000000	0.000000	0.000000
0.0847	6.53	0.782103	0.000000	0.000000	0.000000
0.0847	7.04	0.782103	0.000000	0.000000	0.000000
0.0847	7.55	0.782103	0.000000	0.000000	0.000000
0.0847	8.06	0.782103	0.000000	0.000000	0.000000
0.0847	8.57	0.782103	0.000000	0.000000	0.000000
0.0847	9.08	0.782103	0.000000	0.000000	0.000000
0.0847	9.59	0.782103	0.000000	0.000000	0.000000
0.0847	10.10	0.782103	0.000000	0.000000	0.000000
0.0847	10.61	0.782103	0.000000	0.000000	0.000000
0.0847	11.12	0.782103	0.120881	0.020065	0.003330
0.0847	11.63	0.782103	0.151303	0.030291	0.006064
0.0847	12.14	0.782103	0.286903	0.078465	0.021459
0.0847	12.65	0.782103	0.348450	0.081474	0.019050
0.0847	13.16	0.782103	0.496924	0.070049	0.009874
0.0847	13.67	0.782103	0.554240	0.089074	0.014316
0.0847	14.18	0.782103	0.658477	0.162152	0.039930
0.0847	14.69	0.782103	0.793429	0.054645	0.003764
0.0847	15.20	0.782103	0.817694	0.083141	0.008454
0.0847	15.71	0.782103	0.834836	0.093854	0.010551
0.0847	16.22	0.782103	0.891937	0.054211	0.003295
0.0847	16.73	0.782103	0.883716	0.068085	0.005245
0.0847	17.24	0.782103	0.906063	0.046705	0.002408
0.0847	17.76	0.782103	0.916392	0.053836	0.003163
0.0847	18.27	0.782103	0.944342	0.019019	0.000383
0.0847	18.78	0.782103	0.941552	0.035591	0.001345
0.0847	19.29	0.782103	0.953281	0.020424	0.000438
0.0847	19.80	0.782103	0.955096	0.030069	0.000947
0.0847	20.31	0.782103	0.960886	0.017259	0.000310
0.0847	20.82	0.782103	0.962371	0.017683	0.000325
0.0847	21.33	0.782103	0.966816	0.009398	0.000091
0.0847	21.84	0.782103	0.967637	0.014397	0.000214
0.0847	22.35	0.782103	0.972100	0.007262	0.000054
0.0847	22.86	0.782103	0.976410	0.004968	0.000025
0.0847	23.37	0.782103	0.977223	0.004534	0.000021
0.0847	23.88	0.782103	0.973852	0.008428	0.000073
0.0847	24.39	0.782103	0.977553	0.003588	0.000013
0.0847	24.90	0.782103	0.979537	0.003710	0.000014
0.0847	25.41	0.782103	0.979654	0.003687	0.000014
0.0847	25.92	0.782103	0.979125	0.003884	0.000015
0.0847	26.43	0.782103	0.981765	0.002963	0.000009
0.0847	26.94	0.782103	0.983501	0.002362	0.000006
0.0847	27.45	0.782103	0.982699	0.002093	0.000004
0.0847	27.96	0.782103	0.983156	0.002202	0.000005
0.0847	28.47	0.782103	0.984583	0.002272	0.000005
0.0847	28.98	0.782103	0.981619	0.001248	0.000002
0.0847	29.49	0.782103	0.983915	0.000648	0.000000
0.0847	30.00	0.782103	0.983717	0.001783	0.000003
0.0984	5.00	0.740628	0.000000	0.000000	0.000000
0.0984	5.51	0.740628	0.000000	0.000000	0.000000
0.0984	6.02	0.740628	0.000000	0.000000	0.000000
0.0984	6.53	0.740628	0.000000	0.000000	0.000000
0.0984	7.04	0.740628	0.000000	0.000000	0.000000
0.0984	7.55	0.740628	0.000000	0.000000	0.000000
0.0984	8.06	0.740628	0.000000	0.000000	0.000000
0.0984	8.57	0.740628	0.000000	0.000000	0.000000
0.0984	9.08	0.740628	0.000000	0.000000	0.000000
0.0984	9.59	0.740628	0.000000	0.000000	0.000000
0.0984	10.10	0.740628	0.000000	0.000000	0.000000
0.0984	10.61	0.740628	0.000000	0.000000	0.000000
0.0984	11.12	0.740628	0.000000	0.000000	0.000000
0.0984	11.63	0.740628	0.000000	0.000000	0.000000
0.0984	12.14	0.740628	0.000000	0.000000	0.000000
0.0984	12.65	0.740628	0.112480	0.007674	0.000524
0.0984	13.16	0.740628	0.114153	0.015186	0.002020
0.0984	13.67	0.740628	0.180238	0.050154	0.013956
0.0984	14.18	0.740628	0.210523	0.072713	0.025114
0.0984	14.69	0.740628	0.291945	0.106587	0.038914
0.0984	15.20	0.740628	0.435330	0.095874	0.021115
0.0984	15.71	0.740628	0.593645	0.073664	0.009141
0.0984	16.22	0.740628	0.692175	0.067202	0.006525
0.0984	16.73	0.740628	0.762778	0.054650	0.003915
0.0984	17.24	0.740628	0.817111	0.038841	0.001846
0.0984	17.76	0.740628	0.842667	0.042981	0.002192
0.0984	18.27	0.740628	0.848679	0.059600	0.004185
0.0984	18.78	0.740628	0.877359	0.029001	0.000959
0.0984	19.29	0.740628	0.914229	0.026301	0.000757
0.0984	19.80	0.740628	0.898094	0.040781	0.001852
0.0984	20.31	0.740628	0.930421	0.029174	0.000915
0.0984	20.82	0.740628	0.924143	0.029336	0.000931
0.0984	21.33	0.740628	0.933442	0.030600	0.001003
0.0984	21.84	0.740628	0.945316	0.025217	0.000673
0.0984	22.35	0.740628	0.947848	0.028655	0.000866
0.0984	22.86	0.740628	0.962670	0.011684	0.000142
0.0984	23.37	0.740628	0.958609	0.021369	0.000476
0.0984	23.88	0.740628	0.953401	0.020035	0.000421
0.0984	24.39	0.740628	0.964007	0.017204	0.000307
0.0984	24.90	0.740628	0.972099	0.007445	0.000057
0.0984	25.41	0.740628	0.972497	0.006557	0.000044
0.0984	25.92	0.740628	0.973521	0.007371	0.000056
0.0984	26.43	0.740628	0.972559	0.007721	0.000061
0.0984	26.94	0.740628	0.976259	0.005942	0.000036
0.0984	27.45	0.740628	0.977654	0.003753	0.000014
0.0984	27.96	0.740628	0.978066	0.005342	0.000029
0.0984	28.47	0.740628	0.981039	0.002705	0.000007
0.0984	28.98	0.740628	0.980383	0.003858	0.000015
0.0984	29.49	0.740628	0.981327	0.001919	0.000004
0.0984	30.00	0.740628	0.981312	0.002272	0.000005
0.1120	5.00	0.699640	0.000000	0.000000	0.000000
0.1120	5.51	0.699640	0.000000	0.000000	0.000000
0.1120	6.02	0.699640	0.000000	0.000000	0.000000
0.1120	6.53	0.699640	0.000000	0.000000	0.000000
0.1120	7.04	0.699640	0.000000	0.000000	0.000000
0.1120	7.55	0.699640	0.000000	0.000000	0.000000
0.1120	8.06	0.699640	0.000000	0.000000	0.000000
0.1120	8.57	0.699640	0.000000	0.000000	0.000000
0.1120	9.08	0.699640	0.000000	0.000000	0.000000
0.1120	9.59	0.699640	0.000000	0.000000	0.000000
0.1120	10.10	0.699640	0.000000	0.000000	0.000000
0.1120	10.61	0.699640	0.000000	0.000000	0.000000
0.1120	11.12	0.699640	0.000000	0.000000	0.000000
0.1120	11.63	0.699640	0.000000	0.000000	0.000000
0.1120	12.14	0.699640	0.105733	0.000000	0.000000
0.1120	12.65	0.699640	0.124058	0.013927	0.001563
0.1120	13.16	0.699640	0.154488	0.032709	0.006925
0.1120	13.67	0.699640	0.184902	0.036645	0.007263
0.1120	14.18	0.699640	0.217940	0.074786	0.025663
0.1120	14.69	0.699640	0.262715	0.085612	0.027899
0.1120	15.20	0.699640	0.281483	0.092892	0.030655
0.1120	15.71	0.699640	0.342357	0.114035	0.037983
0.1120	16.22	0.699640	0.462805	0.096854	0.020269
0.1120	16.73	0.699640	0.457434	0.099668	0.021716
0.1120	17.24	0.699640	0.562227	0.075270	0.010077
0.1120	17.76	0.699640	0.638770	0.055920	0.004895
0.1120	18.27	0.699640	0.661960	0.058409	0.005154
0.1120	18.78	0.699640	0.696096	0.122990	0.021731
0.1120	19.29	0.699640	0.706911	0.095986	0.013033
0.1120	19.80	0.699640	0.728361	0.074865	0.007695
0.1120	20.31	0.699640	0.688713	0.153513	0.034218
0.1120	20.82	0.699640	0.772309	0.069734	0.006296
0.1120	21.33	0.699640	0.789919	0.063829	0.005158
0.1120	21.84	0.699640	0.795600	0.075659	0.007195
0.1120	22.35	0.699640	0.866431	0.043852	0.002219
0.1120	22.86	0.699640	0.836137	0.075356	0.006791
0.1120	23.37	0.699640	0.882455	0.052657	0.003142
0.1120	23.88	0.699640	0.896736	0.048704	0.002645
0.1120	24.39	0.699640	0.909863	0.041790	0.001919
0.1120	24.90	0.699640	0.904647	0.042797	0.002025
0.1120	25.41	0.699640	0.911083	0.036329	0.001449
0.1120	25.92	0.699640	0.914094	0.036937	0.001493
0.1120	26.43	0.699640	0.938551	0.021120	0.000475
0.1120	26.94	0.699640	0.936032	0.026484	0.000749
0.1120	27.45	0.699640	0.941016	0.019682	0.000412
0.1120	27.96	0.699640	0.944186	0.029079	0.000896
0.1120	28.47	0.699640	0.950251	0.022982	0.000556
0.1120	28.98	0.699640	0.955471	0.015854	0.000263
0.1120	29.49	0.699640	0.952196	0.015005	0.000236
0.1120	30.00	0.699640	0.961916	0.007630	0.000061
0.1257	5.00	0.665482	0.000000	0.000000	0.000000
0.1257	5.51	0.665482	0.000000	0.000000	0.000000
0.1257	6.02	0.665482	0.000000	0.000000	0.000000
0.1257	6.53	0.665482	0.000000	0.000000	0.000000
0.1257	7.04	0.665482	0.000000	0.000000	0.000000
0.1257	7.55	0.665482	0.000000	0.000000	0.000000
0.1257	8.06	0.665482	0.000000	0.000000	0.000000
0.1257	8.57	0.665482	0.000000	0.000000	0.000000
0.1257	9.08	0.665482	0.000000	0.000000	0.000000
0.1257	9.59	0.665482	0.000000	0.000000	0.000000
0.1257	10.10	0.665482	0.000000	0.000000	0.000000
0.1257	10.61	0.665482	0.000000	0.000000	0.000000
0.1257	11.12	0.665482	0.000000	0.000000	0.000000
0.1257	11.63	0.665482	0.000000	0.000000	0.000000
0.1257	12.14	0.665482	0.000000	0.000000	0.000000
0.1257	12.65	0.665482	0.000000	0.000000	0.000000
0.1257	13.16	0.665482	0.000000	0.000000	0.000000
0.1257	13.67	0.665482	0.126470	0.010945	0.000947
0.1257	14.18	0.665482	0.150142	0.038682	0.009966
0.1257	14.69	0.665482	0.150138	0.029728	0.005886
0.1257	15.20	0.665482	0.185985	0.057198	0.017591
0.1257	15.71	0.665482	0.357967	0.092544	0.023925
0.1257	16.22	0.665482	0.490931	0.067423	0.009260
0.1257	16.73	0.665482	0.569817	0.075874	0.010103
0.1257	17.24	0.665482	0.627076	0.085439	0.011641
0.1257	17.76	0.665482	0.669974	0.080143	0.009587
0.1257	18.27	0.665482	0.761661	0.071141	0.006645
0.1257	18.78	0.665482	0.788073	0.064450	0.005271
0.1257	19.29	0.665482	0.825433	0.041008	0.002037
0.1257	19.80	0.665482	0.844667	0.047989	0.002726
0.1257	20.31	0.665482	0.874915	0.032286	0.001191
0.1257	20.82	0.665482	0.868154	0.056419	0.003667
0.1257	21.33	0.665482	0.898564	0.033304	0.001234
0.1257	21.84	0.665482	0.923552	0.020983	0.000477
0.1257	22.35	0.665482	0.908876	0.037013	0.001507
0.1257	22.86	0.665482	0.930922	0.016268	0.000284
0.1257	23.37	0.665482	0.932599	0.020712	0.000460
0.1257	23.88	0.665482	0.946943	0.009602	0.000097
0.1257	24.39	0.665482	0.950903	0.013338	0.000187
0.1257	24.90	0.665482	0.942222	0.014042	0.000209
0.1257	25.41	0.665482	0.956725	0.012305	0.000158
0.1257	25.92	0.665482	0.956005	0.012916	0.000174
0.1257	26.43	0.665482	0.963650	0.008194	0.000070
0.1257	26.94	0.665482	0.966662	0.008934	0.000083
0.1257	27.45	0.665482	0.966257	0.008818	0.000080
0.1257	27.96	0.665482	0.968362	0.008777	0.000080
0.1257	28.47	0.665482	0.969226	0.008441	0.000074
0.1257	28.98	0.665482	0.970231	0.008291	0.000071
0.1257	29.49	0.665482	0.971153	0.006527	0.000044
0.1257	30.00	0.665482	0.972291	0.006608	0.000045
0.1394	5.00	0.630636	0.000000	0.000000	0.000000
0.1394	5.51	0.630636	0.000000	0.000000	0.000000
0.1394	6.02	0.630636	0.000000	0.000000	0.000000
0.1394	6.53	0.630636	0.000000	0.000000	0.000000
0.1394	7.04	0.630636	0.000000	0.000000	0.000000
0.1394	7.55	0.630636	0.000000	0.000000	0.000000
0.1394	8.06	0.630636	0.000000	0.000000	0.000000
0.1394	8.57	0.630636	0.000000	0.000000	0.000000
0.1394	9.08	0.630636	0.000000	0.000000	0.000000
0.1394	9.59	0.630636	0.000000	0.000000	0.000000
0.1394	10.10	0.630636	0.000000	0.000000	0.000000
0.1394	10.61	0.630636	0.000000	0.000000	0.000000
0.1394	11.12	0.630636	0.000000	0.000000	0.000000
0.1394	11.63	0.630636	0.000000	0.000000	0.000000
0.1394	12.14	0.630636	0.000000	0.000000	0.000000
0.1394	12.65	0.630636	0.124664	0.013996	0.001571
0.1394	13.16	0.630636	0.150678	0.031989	0.006791
0.1394	13.67	0.630636	0.161599	0.032746	0.006636
0.1394	14.18	0.630636	0.217718	0.042879	0.008445
0.1394	14.69	0.630636	0.314518	0.060848	0.011772
0.1394	15.20	0.630636	0.349666	0.054583	0.008520
0.1394	15.71	0.630636	0.378944	0.059192	0.009246
0.1394	16.22	0.630636	0.433296	0.067928	0.010649
0.1394	16.73	0.630636	0.467221	0.052817	0.005971
0.1394	17.24	0.630636	0.494907	0.061606	0.007669
0.1394	17.76	0.630636	0.537765	0.077840	0.011267
0.1394	18.27	0.630636	0.534542	0.097549	0.017802
0.1394	18.78	0.630636	0.578169	0.095219	0.015682
0.1394	19.29	0.630636	0.592863	0.101361	0.017330
0.1394	19.80	0.630636	0.621196	0.082957	0.011078
0.1394	20.31	0.630636	0.730137	0.067424	0.006226
0.1394	20.82	0.630636	0.699678	0.109077	0.017005
0.1394	21.33	0.630636	0.765650	0.078293	0.008006
0.1394	21.84	0.630636	0.774133	0.074131	0.007099
0.1394	22.35	0.630636	0.810958	0.062327	0.004790
0.1394	22.86	0.630636	0.832776	0.074774	0.006714
0.1394	23.37	0.630636	0.833135	0.069641	0.005821
0.1394	23.88	0.630636	0.882780	0.043239	0.002118
0.1394	24.39	0.630636	0.879332	0.036141	0.001485
0.1394	24.90	0.630636	0.912048	0.033211	0.001209
0.1394	25.41	0.630636	0.926180	0.035505	0.001361
0.1394	25.92	0.630636	0.941312	0.019352	0.000398
0.1394	26.43	0.630636	0.945081	0.022300	0.000526
0.1394	26.94	0.630636	0.943617	0.019583	0.000406
0.1394	27.45	0.630636	0.945869	0.027945	0.000826
0.1394	27.96	0.630636	0.959728	0.012472	0.000162
0.1394	28.47	0.630636	0.965427	0.008395	0.000073
0.1394	28.98	0.630636	0.969605	0.005809	0.000035
0.1394	29.49	0.630636	0.965944	0.010673	0.000118
0.1394	30.00	0.630636	0.967331	0.007526	0.000059
0.1531	5.00	0.598904	0.000000	0.000000	0.000000
0.1531	5.51	0.598904	0.000000	0.000000	0.000000
0.1531	6.02	0.598904	0.000000	0.000000	0.000000
0.1531	6.53	0.598904	0.000000	0.000000	0.000000
0.1531	7.04	0.598904	0.000000	0.000000	0.000000
0.1531	7.55	0.598904	0.000000	0.000000	0.000000
0.1531	8.06	0.598904	0.000000	0.000000	0.000000
0.1531	8.57	0.598904	0.000000	0.000000	0.000000
0.1531	9.08	0.598904	0.000000	0.000000	0.000000
0.1531	9.59	0.598904	0.000000	0.000000	0.000000
0.1531	10.10	0.598904	0.000000	0.000000	0.000000
0.1531	10.61	0.598904	0.000000	0.000000	0.000000
0.1531	11.12	0.598904	0.000000	0.000000	0.000000
0.1531	11.63	0.598904	0.000000	0.000000	0.000000
0.1531	12.14	0.598904	0.000000	0.000000	0.000000
0.1531	12.65	0.598904	0.000000	0.000000	0.000000
0.1531	13.16	0.598904	0.000000	0.000000	0.000000
0.1531	13.67	0.598904	0.000000	0.000000	0.000000
0.1531	14.18	0.598904	0.000000	0.000000	0.000000
0.1531	14.69	0.598904	0.102159	0.001714	0.000029
0.1531	15.20	0.598904	0.114045	0.008868	0.000690
0.1531	15.71	0.598904	0.137553	0.024527	0.004373
0.1531	16.22	0.598904	0.168157	0.039850	0.009444
0.1531	16.73	0.598904	0.200775	0.071081	0.025165
0.1531	17.24	0.598904	0.246498	0.078107	0.024749
0.1531	17.76	0.598904	0.261523	0.093052	0.033109
0.1531	18.27	0.598904	0.314721	0.132260	0.055581
0.1531	18.78	0.598904	0.430318	0.124586	0.036070
0.1531	19.29	0.598904	0.519327	0.139770	0.037617
0.1531	19.80	0.598904	0.625380	0.085371	0.011654
0.1531	20.31	0.598904	0.615365	0.092727	0.013973
0.1531	20.82	0.598904	0.620643	0.099799	0.016048
0.1531	21.33	0.598904	0.735777	0.071447	0.006938
0.1531	21.84	0.598904	0.729014	0.081147	0.009033
0.1531	22.35	0.598904	0.816466	0.047031	0.002709
0.1531	22.86	0.598904	0.792576	0.078897	0.007854
0.1531	23.37	0.598904	0.838928	0.049037	0.002866
0.1531	23.88	0.598904	0.878799	0.027549	0.000864
0.1531	24.39	0.598904	0.863584	0.043988	0.002241
0.1531	24.90	0.598904	0.900212	0.028100	0.000877
0.1531	25.41	0.598904	0.912337	0.018977	0.000395
0.1531	25.92	0.598904	0.913424	0.015492	0.000263
0.1531	26.43	0.598904	0.925858	0.015507	0.000260
0.1531	26.94	0.598904	0.927467	0.016090	0.000279
0.1531	27.45	0.598904	0.931041	0.015005	0.000242
0.1531	27.96	0.598904	0.938042	0.012700	0.000172
0.1531	28.47	0.598904	0.946222	0.011297	0.000135
0.1531	28.98	0.598904	0.947549	0.012443	0.000163
0.1531	29.49	0.598904	0.949603	0.014978	0.000236
0.1531	30.00	0.598904	0.949293	0.012856	0.000174
0.1667	5.00	0.589892	0.000000	0.000000	0.000000
0.1667	5.51	0.589892	0.000000	0.000000	0.000000
0.1667	6.02	0.589892	0.000000	0.000000	0.000000
0.1667	6.53	0.589892	0.000000	0.000000	0.000000
0.1667	7.04	0.589892	0.000000	0.000000	0.000000
0.1667	7.55	0.589892	0.000000	0.000000	0.000000
0.1667	8.06	0.589892	0.000000	0.000000	0.000000
0.1667	8.57	0.589892	0.000000	0.000000	0.000000
0.1667	9.08	0.589892	0.000000	0.000000	0.000000
0.1667	9.59	0.589892	0.000000	0.000000	0.000000
0.1667	10.10	0.589892	0.000000	0.000000	0.000000
0.1667	10.61	0.589892	0.000000	0.000000	0.000000
0.1667	11.12	0.589892	0.000000	0.000000	0.000000
0.1667	11.63	0.589892	0.000000	0.000000	0.000000
0.1667	12.14	0.589892	0.000000	0.000000	0.000000
0.1667	12.65	0.589892	0.000000	0.000000	0.000000
0.1667	13.16	0.589892	0.000000	0.000000	0.000000
0.1667	13.67	0.589892	0.000000	0.000000	0.000000
0.1667	14.18	0.589892	0.000000	0.000000	0.000000
0.1667	14.69	0.589892	0.105663	0.000000	0.000000
0.1667	15.20	0.589892	0.125403	0.016520	0.002176
0.1667	15.71	0.589892	0.144051	0.034545	0.008284
0.1667	16.22	0.589892	0.190404	0.051359	0.013853
0.1667	16.73	0.589892	0.266085	0.059412	0.013266
0.1667	17.24	0.589892	0.376857	0.054354	0.007839
0.1667	17.76	0.589892	0.417885	0.045510	0.004956
0.1667	18.27	0.589892	0.491295	0.046601	0.004420
0.1667	18.78	0.589892	0.570482	0.049662	0.004323
0.1667	19.29	0.589892	0.591630	0.118619	0.023783
0.1667	19.80	0.589892	0.607934	0.135517	0.030209
0.1667	20.31	0.589892	0.693532	0.098268	0.013924
0.1667	20.82	0.589892	0.714239	0.084897	0.010091
0.1667	21.33	0.589892	0.712456	0.127343	0.022761
0.1667	21.84	0.589892	0.672584	0.166475	0.041205
0.1667	22.35	0.589892	0.797812	0.062375	0.004877
0.1667	22.86	0.589892	0.777144	0.109538	0.015439
0.1667	23.37	0.589892	0.740106	0.152127	0.031269
0.1667	23.88	0.589892	0.834411	0.078090	0.007308
0.1667	24.39	0.589892	0.864206	0.053704	0.003337
0.1667	24.90	0.589892	0.858220	0.052639	0.003229
0.1667	25.41	0.589892	0.895800	0.036589	0.001494
0.1667	25.92	0.589892	0.877166	0.058910	0.003956
0.1667	26.43	0.589892	0.905126	0.035544	0.001396
0.1667	26.94	0.589892	0.899696	0.039682	0.001750
0.1667	27.45	0.589892	0.927434	0.026996	0.000786
0.1667	27.96	0.589892	0.923387	0.029843	0.000964
0.1667	28.47	0.589892	0.922501	0.027358	0.000811
0.1667	28.98	0.589892	0.938410	0.019502	0.000405
0.1667	29.49	0.589892	0.934951	0.017142	0.000314
0.1667	30.00	0.589892	0.942851	0.013531	0.000194
0.1804	5.00	0.567807	0.000000	0.000000	0.000000
0.1804	5.51	0.567807	0.000000	0.000000	0.000000
0.1804	6.02	0.567807	0.000000	0.000000	0.000000
0.1804	6.53	0.567807	0.000000	0.000000	0.000000
0.1804	7.04	0.567807	0.000000	0.000000	0.000000
0.1804	7.55	0.567807	0.000000	0.000000	0.000000
0.1804	8.06	0.567807	0.000000	0.000000	0.000000
0.1804	8.57	0.567807	0.000000	0.000000	0.000000
0.1804	9.08	0.567807	0.000000	0.000000	0.000000
0.1804	9.59	0.567807	0.000000	0.000000	0.000000
0.1804	10.10	0.567807	0.000000	0.000000	0.000000
0.1804	10.61	0.567807	0.000000	0.000000	0.000000
0.1804	11.12	0.567807	0.000000	0.000000	0.000000
0.1804	11.63	0.567807	0.000000	0.000000	0.000000
0.1804	12.14	0.567807	0.000000	0.000000	0.000000
0.1804	12.65	0.567807	0.000000	0.000000	0.000000
0.1804	13.16	0.567807	0.000000	0.000000	0.000000
0.1804	13.67	0.567807	0.112052	0.000578	0.000003
0.1804	14.18	0.567807	0.138032	0.022020	0.003513
0.1804	14.69	0.567807	0.166831	0.044270	0.011747
0.1804	15.20	0.567807	0.249629	0.037110	0.005517
0.1804	15.71	0.567807	0.290236	0.034922	0.004202
0.1804	16.22	0.567807	0.348782	0.030489	0.002665
0.1804	16.73	0.567807	0.397249	0.019155	0.000924
0.1804	17.24	0.567807	0.441152	0.021074	0.001007
0.1804	17.76	0.567807	0.465139	0.024168	0.001256
0.1804	18.27	0.567807	0.509347	0.026598	0.001389
0.1804	18.78	0.567807	0.534189	0.039309	0.002893
0.1804	19.29	0.567807	0.557124	0.044463	0.003549
0.1804	19.80	0.567807	0.558933	0.057832	0.005984
0.1804	20.31	0.567807	0.594878	0.092688	0.014442
0.1804	20.82	0.567807	0.589242	0.101251	0.017398
0.1804	21.33	0.567807	0.564758	0.117027	0.024250
0.1804	21.84	0.567807	0.604403	0.099329	0.016324
0.1804	22.35	0.567807	0.606622	0.133945	0.029576
0.1804	22.86	0.567807	0.612315	0.141734	0.032808
0.1804	23.37	0.567807	0.684594	0.093886	0.012876
0.1804	23.88	0.567807	0.722310	0.111135	0.017099
0.1804	24.39	0.567807	0.708337	0.096247	0.013078
0.1804	24.90	0.567807	0.796265	0.061279	0.004716
0.1804	25.41	0.567807	0.779713	0.089092	0.010180
0.1804	25.92	0.567807	0.762455	0.139585	0.025554
0.1804	26.43	0.567807	0.815663	0.102451	0.012868
0.1804	26.94	0.567807	0.802138	0.113257	0.015991
0.1804	27.45	0.567807	0.850933	0.064574	0.004900
0.1804	27.96	0.567807	0.853196	0.057898	0.003929
0.1804	28.47	0.567807	0.887224	0.048526	0.002654
0.1804	28.98	0.567807	0.893360	0.043812	0.002149
0.1804	29.49	0.567807	0.894450	0.073150	0.005982
0.1804	30.00	0.567807	0.914463	0.037192	0.001513
0.1941	5.00	0.525039	0.000000	0.000000	0.000000
0.1941	5.51	0.525039	0.000000	0.000000	0.000000
0.1941	6.02	0.525039	0.000000	0.000000	0.000000
0.1941	6.53	0.525039	0.000000	0.000000	0.000000
0.1941	7.04	0.525039	0.000000	0.000000	0.000000
0.1941	7.55	0.525039	0.000000	0.000000	0.000000
0.1941	8.06	0.525039	0.000000	0.000000	0.000000
0.1941	8.57	0.525039	0.000000	0.000000	0.000000
0.1941	9.08	0.525039	0.000000	0.000000	0.000000
0.1941	9.59	0.525039	0.000000	0.000000	0.000000
0.1941	10.10	0.525039	0.000000	0.000000	0.000000
0.1941	10.61	0.525039	0.000000	0.000000	0.000000
0.1941	11.12	0.525039	0.000000	0.000000	0.000000
0.1941	11.63	0.525039	0.000000	0.000000	0.000000
0.1941	12.14	0.525039	0.000000	0.000000	0.000000
0.1941	12.65	0.525039	0.000000	0.000000	0.000000
0.1941	13.16	0.525039	0.000000	0.000000	0.000000
0.1941	13.67	0.525039	0.000000	0.000000	0.000000
0.1941	14.18	0.525039	0.000000	0.000000	0.000000
0.1941	14.69	0.525039	0.000000	0.000000	0.000000
0.1941	15.20	0.525039	0.000000	0.000000	0.000000
0.1941	15.71	0.525039	0.105295	0.003008	0.000086
0.1941	16.22	0.525039	0.119284	0.016928	0.002402
0.1941	16.73	0.525039	0.130070	0.021385	0.003516
0.1941	17.24	0.525039	0.142399	0.030219	0.006413
0.1941	17.76	0.525039	0.204777	0.040471	0.007999
0.1941	18.27	0.525039	0.238657	0.049698	0.010349
0.1941	18.78	0.525039	0.320917	0.055782	0.009696
0.1941	19.29	0.525039	0.400726	0.050392	0.006337
0.1941	19.80	0.525039	0.445279	0.058206	0.007609
0.1941	20.31	0.525039	0.527710	0.056548	0.006059
0.1941	20.82	0.525039	0.525482	0.066330	0.008373
0.1941	21.33	0.525039	0.572603	0.073154	0.009346
0.1941	21.84	0.525039	0.575336	0.101467	0.017895
0.1941	22.35	0.525039	0.586287	0.109896	0.020599
0.1941	22.86	0.525039	0.702816	0.059897	0.005105
0.1941	23.37	0.525039	0.691046	0.066770	0.006452
0.1941	23.88	0.525039	0.757285	0.059876	0.004734
0.1941	24.39	0.525039	0.786797	0.052465	0.003498
0.1941	24.90	0.525039	0.785489	0.065837	0.005518
0.1941	25.41	0.525039	0.799840	0.067285	0.005660
0.1941	25.92	0.525039	0.848495	0.043024	0.002182
0.1941	26.43	0.525039	0.828591	0.053136	0.003408
0.1941	26.94	0.525039	0.856295	0.037986	0.001685
0.1941	27.45	0.525039	0.871571	0.036573	0.001535
0.1941	27.96	0.525039	0.887347	0.034876	0.001371
0.1941	28.47	0.525039	0.895838	0.031347	0.001097
0.1941	28.98	0.525039	0.900555	0.040771	0.001846
0.1941	29.49	0.525039	0.914840	0.023796	0.000619
0.1941	30.00	0.525039	0.911080	0.026585	0.000776
