base_sigma	MAX_EXC_WEIGHT	Gini	mean_peaks_height	std_peaks_height	fano_factor
0.1367	2.00	0.463043	0.000000	0.000000	0.000000
0.1367	2.37	0.463043	0.000000	0.000000	0.000000
0.1367	2.73	0.463043	0.000000	0.000000	0.000000
0.1367	3.10	0.463043	0.000000	0.000000	0.000000
0.1367	3.47	0.463043	0.000000	0.000000	0.000000
0.1367	3.84	0.463043	0.000000	0.000000	0.000000
0.1367	4.20	0.463043	0.000000	0.000000	0.000000
0.1367	4.57	0.463043	0.000000	0.000000	0.000000
0.1367	4.94	0.463043	0.000000	0.000000	0.000000
0.1367	5.31	0.463043	0.000000	0.000000	0.000000
0.1367	5.67	0.463043	0.000000	0.000000	0.000000
0.1367	6.04	0.463043	0.000000	0.000000	0.000000
0.1367	6.41	0.463043	0.000000	0.000000	0.000000
0.1367	6.78	0.463043	0.000000	0.000000	0.000000
0.1367	7.14	0.463043	0.000000	0.000000	0.000000
0.1367	7.51	0.463043	0.000000	0.000000	0.000000
0.1367	7.88	0.463043	0.000000	0.000000	0.000000
0.1367	8.24	0.463043	0.000000	0.000000	0.000000
0.1367	8.61	0.463043	0.000000	0.000000	0.000000
0.1367	8.98	0.463043	0.000000	0.000000	0.000000
0.1367	9.35	0.463043	0.000000	0.000000	0.000000
0.1367	9.71	0.463043	0.000000	0.000000	0.000000
0.1367	10.08	0.463043	0.000000	0.000000	0.000000
0.1367	10.45	0.463043	0.000000	0.000000	0.000000
0.1367	10.82	0.463043	0.068159	0.032831	0.015814
0.1367	11.18	0.463043	0.100827	0.056868	0.032075
0.1367	11.55	0.463043	0.172558	0.120082	0.083564
0.1367	11.92	0.463043	0.405966	0.173884	0.074478
0.1367	12.29	0.463043	0.663708	0.120288	0.021801
0.1367	12.65	0.463043	0.763030	0.063124	0.005222
0.1367	13.02	0.463043	0.833415	0.034338	0.001415
0.1367	13.39	0.463043	0.859453	0.029190	0.000991
0.1367	13.76	0.463043	0.862125	0.035205	0.001438
0.1367	14.12	0.463043	0.883151	0.033988	0.001308
0.1367	14.49	0.463043	0.910600	0.018427	0.000373
0.1367	14.86	0.463043	0.916435	0.011815	0.000152
0.1367	15.22	0.463043	0.919674	0.010981	0.000131
0.1367	15.59	0.463043	0.932261	0.006606	0.000047
0.1367	15.96	0.463043	0.934677	0.005775	0.000036
0.1367	16.33	0.463043	0.939705	0.007296	0.000057
0.1367	16.69	0.463043	0.945571	0.003727	0.000015
0.1367	17.06	0.463043	0.947233	0.002838	0.000009
0.1367	17.43	0.463043	0.950063	0.002342	0.000006
0.1367	17.80	0.463043	0.952580	0.003075	0.000010
0.1367	18.16	0.463043	0.954274	0.001755	0.000003
0.1367	18.53	0.463043	0.957666	0.002034	0.000004
0.1367	18.90	0.463043	0.956778	0.002273	0.000005
0.1367	19.27	0.463043	0.960098	0.002125	0.000005
0.1367	19.63	0.463043	0.960086	0.002202	0.000005
0.1367	20.00	0.463043	0.963832	0.001916	0.000004
0.1429	2.00	0.445924	0.000000	0.000000	0.000000
0.1429	2.37	0.445924	0.000000	0.000000	0.000000
0.1429	2.73	0.445924	0.000000	0.000000	0.000000
0.1429	3.10	0.445924	0.000000	0.000000	0.000000
0.1429	3.47	0.445924	0.000000	0.000000	0.000000
0.1429	3.84	0.445924	0.000000	0.000000	0.000000
0.1429	4.20	0.445924	0.000000	0.000000	0.000000
0.1429	4.57	0.445924	0.000000	0.000000	0.000000
0.1429	4.94	0.445924	0.000000	0.000000	0.000000
0.1429	5.31	0.445924	0.000000	0.000000	0.000000
0.1429	5.67	0.445924	0.000000	0.000000	0.000000
0.1429	6.04	0.445924	0.000000	0.000000	0.000000
0.1429	6.41	0.445924	0.000000	0.000000	0.000000
0.1429	6.78	0.445924	0.000000	0.000000	0.000000
0.1429	7.14	0.445924	0.000000	0.000000	0.000000
0.1429	7.51	0.445924	0.000000	0.000000	0.000000
0.1429	7.88	0.445924	0.000000	0.000000	0.000000
0.1429	8.24	0.445924	0.000000	0.000000	0.000000
0.1429	8.61	0.445924	0.000000	0.000000	0.000000
0.1429	8.98	0.445924	0.000000	0.000000	0.000000
0.1429	9.35	0.445924	0.000000	0.000000	0.000000
0.1429	9.71	0.445924	0.000000	0.000000	0.000000
0.1429	10.08	0.445924	0.000000	0.000000	0.000000
0.1429	10.45	0.445924	0.000000	0.000000	0.000000
0.1429	10.82	0.445924	0.058997	0.007710	0.001007
0.1429	11.18	0.445924	0.061821	0.012585	0.002562
0.1429	11.55	0.445924	0.076390	0.030617	0.012271
0.1429	11.92	0.445924	0.148665	0.090590	0.055201
0.1429	12.29	0.445924	0.409807	0.127461	0.039644
0.1429	12.65	0.445924	0.586219	0.079825	0.010870
0.1429	13.02	0.445924	0.770700	0.051673	0.003464
0.1429	13.39	0.445924	0.854073	0.018846	0.000416
0.1429	13.76	0.445924	0.878974	0.011417	0.000148
0.1429	14.12	0.445924	0.895091	0.010040	0.000113
0.1429	14.49	0.445924	0.907015	0.012902	0.000184
0.1429	14.86	0.445924	0.919438	0.009591	0.000100
0.1429	15.22	0.445924	0.920625	0.006644	0.000048
0.1429	15.59	0.445924	0.930157	0.005514	0.000033
0.1429	15.96	0.445924	0.933032	0.004342	0.000020
0.1429	16.33	0.445924	0.938499	0.001889	0.000004
0.1429	16.69	0.445924	0.938843	0.004734	0.000024
0.1429	17.06	0.445924	0.948274	0.002635	0.000007
0.1429	17.43	0.445924	0.947977	0.001781	0.000003
0.1429	17.80	0.445924	0.950541	0.002280	0.000005
0.1429	18.16	0.445924	0.952517	0.002388	0.000006
0.1429	18.53	0.445924	0.952800	0.001703	0.000003
0.1429	18.90	0.445924	0.955576	0.001337	0.000002
0.1429	19.27	0.445924	0.957194	0.001857	0.000004
0.1429	19.63	0.445924	0.958893	0.001519	0.000002
0.1429	20.00	0.445924	0.962949	0.001359	0.000002
0.1493	2.00	0.458157	0.000000	0.000000	0.000000
0.1493	2.37	0.458157	0.000000	0.000000	0.000000
0.1493	2.73	0.458157	0.000000	0.000000	0.000000
0.1493	3.10	0.458157	0.000000	0.000000	0.000000
0.1493	3.47	0.458157	0.000000	0.000000	0.000000
0.1493	3.84	0.458157	0.000000	0.000000	0.000000
0.1493	4.20	0.458157	0.000000	0.000000	0.000000
0.1493	4.57	0.458157	0.000000	0.000000	0.000000
0.1493	4.94	0.458157	0.000000	0.000000	0.000000
0.1493	5.31	0.458157	0.000000	0.000000	0.000000
0.1493	5.67	0.458157	0.000000	0.000000	0.000000
0.1493	6.04	0.458157	0.000000	0.000000	0.000000
0.1493	6.41	0.458157	0.000000	0.000000	0.000000
0.1493	6.78	0.458157	0.000000	0.000000	0.000000
0.1493	7.14	0.458157	0.000000	0.000000	0.000000
0.1493	7.51	0.458157	0.000000	0.000000	0.000000
0.1493	7.88	0.458157	0.000000	0.000000	0.000000
0.1493	8.24	0.458157	0.000000	0.000000	0.000000
0.1493	8.61	0.458157	0.000000	0.000000	0.000000
0.1493	8.98	0.458157	0.000000	0.000000	0.000000
0.1493	9.35	0.458157	0.000000	0.000000	0.000000
0.1493	9.71	0.458157	0.000000	0.000000	0.000000
0.1493	10.08	0.458157	0.000000	0.000000	0.000000
0.1493	10.45	0.458157	0.054501	0.002465	0.000111
0.1493	10.82	0.458157	0.060748	0.009522	0.001493
0.1493	11.18	0.458157	0.087431	0.048626	0.027044
0.1493	11.55	0.458157	0.118234	0.082306	0.057296
0.1493	11.92	0.458157	0.290692	0.176052	0.106622
0.1493	12.29	0.458157	0.668027	0.057149	0.004889
0.1493	12.65	0.458157	0.768082	0.033658	0.001475
0.1493	13.02	0.458157	0.827215	0.028287	0.000967
0.1493	13.39	0.458157	0.857024	0.010846	0.000137
0.1493	13.76	0.458157	0.868071	0.008845	0.000090
0.1493	14.12	0.458157	0.887841	0.006559	0.000048
0.1493	14.49	0.458157	0.895911	0.004887	0.000027
0.1493	14.86	0.458157	0.904340	0.004374	0.000021
0.1493	15.22	0.458157	0.911592	0.003504	0.000013
0.1493	15.59	0.458157	0.917992	0.003449	0.000013
0.1493	15.96	0.458157	0.919693	0.004556	0.000023
0.1493	16.33	0.458157	0.919214	0.003206	0.000011
0.1493	16.69	0.458157	0.926010	0.002936	0.000009
0.1493	17.06	0.458157	0.933999	0.003123	0.000010
0.1493	17.43	0.458157	0.933890	0.003054	0.000010
0.1493	17.80	0.458157	0.934539	0.002760	0.000008
0.1493	18.16	0.458157	0.939049	0.002233	0.000005
0.1493	18.53	0.458157	0.939845	0.002762	0.000008
0.1493	18.90	0.458157	0.941414	0.002782	0.000008
0.1493	19.27	0.458157	0.945982	0.001665	0.000003
0.1493	19.63	0.458157	0.947107	0.002114	0.000005
0.1493	20.00	0.458157	0.947543	0.001861	0.000004
0.1561	2.00	0.466316	0.000000	0.000000	0.000000
0.1561	2.37	0.466316	0.000000	0.000000	0.000000
0.1561	2.73	0.466316	0.000000	0.000000	0.000000
0.1561	3.10	0.466316	0.000000	0.000000	0.000000
0.1561	3.47	0.466316	0.000000	0.000000	0.000000
0.1561	3.84	0.466316	0.000000	0.000000	0.000000
0.1561	4.20	0.466316	0.000000	0.000000	0.000000
0.1561	4.57	0.466316	0.000000	0.000000	0.000000
0.1561	4.94	0.466316	0.000000	0.000000	0.000000
0.1561	5.31	0.466316	0.000000	0.000000	0.000000
0.1561	5.67	0.466316	0.000000	0.000000	0.000000
0.1561	6.04	0.466316	0.000000	0.000000	0.000000
0.1561	6.41	0.466316	0.000000	0.000000	0.000000
0.1561	6.78	0.466316	0.000000	0.000000	0.000000
0.1561	7.14	0.466316	0.000000	0.000000	0.000000
0.1561	7.51	0.466316	0.000000	0.000000	0.000000
0.1561	7.88	0.466316	0.000000	0.000000	0.000000
0.1561	8.24	0.466316	0.000000	0.000000	0.000000
0.1561	8.61	0.466316	0.000000	0.000000	0.000000
0.1561	8.98	0.466316	0.000000	0.000000	0.000000
0.1561	9.35	0.466316	0.000000	0.000000	0.000000
0.1561	9.71	0.466316	0.000000	0.000000	0.000000
0.1561	10.08	0.466316	0.070947	0.018056	0.004595
0.1561	10.45	0.466316	0.063907	0.009438	0.001394
0.1561	10.82	0.466316	0.069696	0.027593	0.010924
0.1561	11.18	0.466316	0.085125	0.040295	0.019074
0.1561	11.55	0.466316	0.244493	0.093052	0.035415
0.1561	11.92	0.466316	0.637398	0.071082	0.007927
0.1561	12.29	0.466316	0.748323	0.043541	0.002533
0.1561	12.65	0.466316	0.815905	0.020570	0.000519
0.1561	13.02	0.466316	0.843603	0.010904	0.000141
0.1561	13.39	0.466316	0.865524	0.007381	0.000063
0.1561	13.76	0.466316	0.879587	0.009718	0.000107
0.1561	14.12	0.466316	0.891332	0.007069	0.000056
0.1561	14.49	0.466316	0.899081	0.004478	0.000022
0.1561	14.86	0.466316	0.909352	0.004027	0.000018
0.1561	15.22	0.466316	0.912397	0.003500	0.000013
0.1561	15.59	0.466316	0.920531	0.003284	0.000012
0.1561	15.96	0.466316	0.923810	0.002266	0.000006
0.1561	16.33	0.466316	0.927598	0.002543	0.000007
0.1561	16.69	0.466316	0.929357	0.002395	0.000006
0.1561	17.06	0.466316	0.934846	0.001978	0.000004
0.1561	17.43	0.466316	0.940163	0.001661	0.000003
0.1561	17.80	0.466316	0.938280	0.002246	0.000005
0.1561	18.16	0.466316	0.941192	0.001759	0.000003
0.1561	18.53	0.466316	0.940209	0.001382	0.000002
0.1561	18.90	0.466316	0.945088	0.001652	0.000003
0.1561	19.27	0.466316	0.949432	0.001266	0.000002
0.1561	19.63	0.466316	0.948416	0.001553	0.000003
0.1561	20.00	0.466316	0.954989	0.001751	0.000003
0.1636	2.00	0.435997	0.000000	0.000000	0.000000
0.1636	2.37	0.435997	0.000000	0.000000	0.000000
0.1636	2.73	0.435997	0.000000	0.000000	0.000000
0.1636	3.10	0.435997	0.000000	0.000000	0.000000
0.1636	3.47	0.435997	0.000000	0.000000	0.000000
0.1636	3.84	0.435997	0.000000	0.000000	0.000000
0.1636	4.20	0.435997	0.000000	0.000000	0.000000
0.1636	4.57	0.435997	0.000000	0.000000	0.000000
0.1636	4.94	0.435997	0.000000	0.000000	0.000000
0.1636	5.31	0.435997	0.000000	0.000000	0.000000
0.1636	5.67	0.435997	0.000000	0.000000	0.000000
0.1636	6.04	0.435997	0.000000	0.000000	0.000000
0.1636	6.41	0.435997	0.000000	0.000000	0.000000
0.1636	6.78	0.435997	0.000000	0.000000	0.000000
0.1636	7.14	0.435997	0.000000	0.000000	0.000000
0.1636	7.51	0.435997	0.000000	0.000000	0.000000
0.1636	7.88	0.435997	0.000000	0.000000	0.000000
0.1636	8.24	0.435997	0.000000	0.000000	0.000000
0.1636	8.61	0.435997	0.000000	0.000000	0.000000
0.1636	8.98	0.435997	0.000000	0.000000	0.000000
0.1636	9.35	0.435997	0.000000	0.000000	0.000000
0.1636	9.71	0.435997	0.000000	0.000000	0.000000
0.1636	10.08	0.435997	0.000000	0.000000	0.000000
0.1636	10.45	0.435997	0.000000	0.000000	0.000000
0.1636	10.82	0.435997	0.056060	0.004898	0.000428
0.1636	11.18	0.435997	0.063747	0.013204	0.002735
0.1636	11.55	0.435997	0.106728	0.050770	0.024151
0.1636	11.92	0.435997	0.082524	0.044953	0.024488
0.1636	12.29	0.435997	0.213221	0.118709	0.066090
0.1636	12.65	0.435997	0.469437	0.098676	0.020742
0.1636	13.02	0.435997	0.644190	0.096028	0.014315
0.1636	13.39	0.435997	0.776937	0.042062	0.002277
0.1636	13.76	0.435997	0.849896	0.019373	0.000442
0.1636	14.12	0.435997	0.874478	0.018792	0.000404
0.1636	14.49	0.435997	0.895039	0.014739	0.000243
0.1636	14.86	0.435997	0.902213	0.023104	0.000592
0.1636	15.22	0.435997	0.916423	0.009658	0.000102
0.1636	15.59	0.435997	0.931637	0.003572	0.000014
0.1636	15.96	0.435997	0.933022	0.005509	0.000033
0.1636	16.33	0.435997	0.939187	0.003529	0.000013
0.1636	16.69	0.435997	0.941900	0.002756	0.000008
0.1636	17.06	0.435997	0.945356	0.003264	0.000011
0.1636	17.43	0.435997	0.943444	0.002385	0.000006
0.1636	17.80	0.435997	0.951051	0.002189	0.000005
0.1636	18.16	0.435997	0.952367	0.001909	0.000004
0.1636	18.53	0.435997	0.958130	0.001537	0.000002
0.1636	18.90	0.435997	0.956678	0.001740	0.000003
0.1636	19.27	0.435997	0.960847	0.001590	0.000003
0.1636	19.63	0.435997	0.962490	0.001509	0.000002
0.1636	20.00	0.435997	0.964323	0.001492	0.000002
0.1724	2.00	0.425788	0.000000	0.000000	0.000000
0.1724	2.37	0.425788	0.000000	0.000000	0.000000
0.1724	2.73	0.425788	0.000000	0.000000	0.000000
0.1724	3.10	0.425788	0.000000	0.000000	0.000000
0.1724	3.47	0.425788	0.000000	0.000000	0.000000
0.1724	3.84	0.425788	0.000000	0.000000	0.000000
0.1724	4.20	0.425788	0.000000	0.000000	0.000000
0.1724	4.57	0.425788	0.000000	0.000000	0.000000
0.1724	4.94	0.425788	0.000000	0.000000	0.000000
0.1724	5.31	0.425788	0.000000	0.000000	0.000000
0.1724	5.67	0.425788	0.000000	0.000000	0.000000
0.1724	6.04	0.425788	0.000000	0.000000	0.000000
0.1724	6.41	0.425788	0.000000	0.000000	0.000000
0.1724	6.78	0.425788	0.000000	0.000000	0.000000
0.1724	7.14	0.425788	0.000000	0.000000	0.000000
0.1724	7.51	0.425788	0.000000	0.000000	0.000000
0.1724	7.88	0.425788	0.000000	0.000000	0.000000
0.1724	8.24	0.425788	0.000000	0.000000	0.000000
0.1724	8.61	0.425788	0.000000	0.000000	0.000000
0.1724	8.98	0.425788	0.000000	0.000000	0.000000
0.1724	9.35	0.425788	0.000000	0.000000	0.000000
0.1724	9.71	0.425788	0.000000	0.000000	0.000000
0.1724	10.08	0.425788	0.000000	0.000000	0.000000
0.1724	10.45	0.425788	0.000000	0.000000	0.000000
0.1724	10.82	0.425788	0.000000	0.000000	0.000000
0.1724	11.18	0.425788	0.066752	0.017307	0.004487
0.1724	11.55	0.425788	0.074063	0.032124	0.013933
0.1724	11.92	0.425788	0.115827	0.067393	0.039212
0.1724	12.29	0.425788	0.218012	0.120086	0.066146
0.1724	12.65	0.425788	0.589276	0.058961	0.005899
0.1724	13.02	0.425788	0.751696	0.037222	0.001843
0.1724	13.39	0.425788	0.826820	0.019210	0.000446
0.1724	13.76	0.425788	0.844748	0.015224	0.000274
0.1724	14.12	0.425788	0.876767	0.012933	0.000191
0.1724	14.49	0.425788	0.890417	0.007483	0.000063
0.1724	14.86	0.425788	0.900167	0.013735	0.000210
0.1724	15.22	0.425788	0.909896	0.009025	0.000090
0.1724	15.59	0.425788	0.919389	0.004700	0.000024
0.1724	15.96	0.425788	0.924641	0.005921	0.000038
0.1724	16.33	0.425788	0.930621	0.004163	0.000019
0.1724	16.69	0.425788	0.934512	0.003761	0.000015
0.1724	17.06	0.425788	0.940699	0.002412	0.000006
0.1724	17.43	0.425788	0.941386	0.002593	0.000007
0.1724	17.80	0.425788	0.948212	0.002600	0.000007
0.1724	18.16	0.425788	0.949367	0.001874	0.000004
0.1724	18.53	0.425788	0.950350	0.002128	0.000005
0.1724	18.90	0.425788	0.949006	0.002740	0.000008
0.1724	19.27	0.425788	0.956872	0.001898	0.000004
0.1724	19.63	0.425788	0.957194	0.002220	0.000005
0.1724	20.00	0.425788	0.960076	0.001877	0.000004
0.1836	2.00	0.419816	0.000000	0.000000	0.000000
0.1836	2.37	0.419816	0.000000	0.000000	0.000000
0.1836	2.73	0.419816	0.000000	0.000000	0.000000
0.1836	3.10	0.419816	0.000000	0.000000	0.000000
0.1836	3.47	0.419816	0.000000	0.000000	0.000000
0.1836	3.84	0.419816	0.000000	0.000000	0.000000
0.1836	4.20	0.419816	0.000000	0.000000	0.000000
0.1836	4.57	0.419816	0.000000	0.000000	0.000000
0.1836	4.94	0.419816	0.000000	0.000000	0.000000
0.1836	5.31	0.419816	0.000000	0.000000	0.000000
0.1836	5.67	0.419816	0.000000	0.000000	0.000000
0.1836	6.04	0.419816	0.000000	0.000000	0.000000
0.1836	6.41	0.419816	0.000000	0.000000	0.000000
0.1836	6.78	0.419816	0.000000	0.000000	0.000000
0.1836	7.14	0.419816	0.000000	0.000000	0.000000
0.1836	7.51	0.419816	0.000000	0.000000	0.000000
0.1836	7.88	0.419816	0.000000	0.000000	0.000000
0.1836	8.24	0.419816	0.000000	0.000000	0.000000
0.1836	8.61	0.419816	0.000000	0.000000	0.000000
0.1836	8.98	0.419816	0.000000	0.000000	0.000000
0.1836	9.35	0.419816	0.000000	0.000000	0.000000
0.1836	9.71	0.419816	0.000000	0.000000	0.000000
0.1836	10.08	0.419816	0.000000	0.000000	0.000000
0.1836	10.45	0.419816	0.000000	0.000000	0.000000
0.1836	10.82	0.419816	0.052529	0.002295	0.000100
0.1836	11.18	0.419816	0.072628	0.015115	0.003146
0.1836	11.55	0.419816	0.069788	0.017206	0.004242
0.1836	11.92	0.419816	0.163172	0.100195	0.061525
0.1836	12.29	0.419816	0.436640	0.186929	0.080026
0.1836	12.65	0.419816	0.655061	0.077956	0.009277
0.1836	13.02	0.419816	0.800637	0.037503	0.001757
0.1836	13.39	0.419816	0.837337	0.019318	0.000446
0.1836	13.76	0.419816	0.863131	0.017843	0.000369
0.1836	14.12	0.419816	0.886408	0.012922	0.000188
0.1836	14.49	0.419816	0.890877	0.017399	0.000340
0.1836	14.86	0.419816	0.910599	0.007018	0.000054
0.1836	15.22	0.419816	0.910769	0.004468	0.000022
0.1836	15.59	0.419816	0.918775	0.017426	0.000331
0.1836	15.96	0.419816	0.925208	0.015261	0.000252
0.1836	16.33	0.419816	0.928739	0.009436	0.000096
0.1836	16.69	0.419816	0.933687	0.009354	0.000094
0.1836	17.06	0.419816	0.935056	0.016325	0.000285
0.1836	17.43	0.419816	0.935665	0.010224	0.000112
0.1836	17.80	0.419816	0.943860	0.008527	0.000077
0.1836	18.16	0.419816	0.945653	0.009613	0.000098
0.1836	18.53	0.419816	0.951760	0.004216	0.000019
0.1836	18.90	0.419816	0.946931	0.013293	0.000187
0.1836	19.27	0.419816	0.953778	0.002869	0.000009
0.1836	19.63	0.419816	0.957124	0.002451	0.000006
0.1836	20.00	0.419816	0.958725	0.003900	0.000016
0.2032	2.00	0.398435	0.000000	0.000000	0.000000
0.2032	2.37	0.398435	0.000000	0.000000	0.000000
0.2032	2.73	0.398435	0.000000	0.000000	0.000000
0.2032	3.10	0.398435	0.000000	0.000000	0.000000
0.2032	3.47	0.398435	0.000000	0.000000	0.000000
0.2032	3.84	0.398435	0.000000	0.000000	0.000000
0.2032	4.20	0.398435	0.000000	0.000000	0.000000
0.2032	4.57	0.398435	0.000000	0.000000	0.000000
0.2032	4.94	0.398435	0.000000	0.000000	0.000000
0.2032	5.31	0.398435	0.000000	0.000000	0.000000
0.2032	5.67	0.398435	0.000000	0.000000	0.000000
0.2032	6.04	0.398435	0.000000	0.000000	0.000000
0.2032	6.41	0.398435	0.000000	0.000000	0.000000
0.2032	6.78	0.398435	0.000000	0.000000	0.000000
0.2032	7.14	0.398435	0.000000	0.000000	0.000000
0.2032	7.51	0.398435	0.000000	0.000000	0.000000
0.2032	7.88	0.398435	0.000000	0.000000	0.000000
0.2032	8.24	0.398435	0.000000	0.000000	0.000000
0.2032	8.61	0.398435	0.000000	0.000000	0.000000
0.2032	8.98	0.398435	0.000000	0.000000	0.000000
0.2032	9.35	0.398435	0.000000	0.000000	0.000000
