base_sigma	MAX_EXC_WEIGHT	Gini	mean_peaks_height	std_peaks_height	fano_factor
0.1367	2.00	0.494016	0.000000	0.000000	0.000000
0.1367	2.37	0.494016	0.000000	0.000000	0.000000
0.1367	2.73	0.494016	0.000000	0.000000	0.000000
0.1367	3.10	0.494016	0.000000	0.000000	0.000000
0.1367	3.47	0.494016	0.000000	0.000000	0.000000
0.1367	3.84	0.494016	0.000000	0.000000	0.000000
0.1367	4.20	0.494016	0.000000	0.000000	0.000000
0.1367	4.57	0.494016	0.000000	0.000000	0.000000
0.1367	4.94	0.494016	0.000000	0.000000	0.000000
0.1367	5.31	0.494016	0.000000	0.000000	0.000000
0.1367	5.67	0.494016	0.000000	0.000000	0.000000
0.1367	6.04	0.494016	0.000000	0.000000	0.000000
0.1367	6.41	0.494016	0.000000	0.000000	0.000000
0.1367	6.78	0.494016	0.000000	0.000000	0.000000
0.1367	7.14	0.494016	0.000000	0.000000	0.000000
0.1367	7.51	0.494016	0.000000	0.000000	0.000000
0.1367	7.88	0.494016	0.000000	0.000000	0.000000
0.1367	8.24	0.494016	0.000000	0.000000	0.000000
0.1367	8.61	0.494016	0.000000	0.000000	0.000000
0.1367	8.98	0.494016	0.000000	0.000000	0.000000
0.1367	9.35	0.494016	0.000000	0.000000	0.000000
0.1367	9.71	0.494016	0.000000	0.000000	0.000000
0.1367	10.08	0.494016	0.000000	0.000000	0.000000
0.1367	10.45	0.494016	0.000000	0.000000	0.000000
0.1367	10.82	0.494016	0.000000	0.000000	0.000000
0.1367	11.18	0.494016	0.000000	0.000000	0.000000
0.1367	11.55	0.494016	0.000000	0.000000	0.000000
0.1367	11.92	0.494016	0.000000	0.000000	0.000000
0.1367	12.29	0.494016	0.143106	0.048499	0.016437
0.1367	12.65	0.494016	0.175797	0.048572	0.013420
0.1367	13.02	0.494016	0.264981	0.098146	0.036352
0.1367	13.39	0.494016	0.402154	0.104910	0.027368
0.1367	13.76	0.494016	0.549262	0.077087	0.010819
0.1367	14.12	0.494016	0.703968	0.036933	0.001938
0.1367	14.49	0.494016	0.709851	0.069586	0.006821
0.1367	14.86	0.494016	0.784955	0.029812	0.001132
0.1367	15.22	0.494016	0.816976	0.029650	0.001076
0.1367	15.59	0.494016	0.836273	0.033718	0.001360
0.1367	15.96	0.494016	0.866161	0.014120	0.000230
0.1367	16.33	0.494016	0.867152	0.019133	0.000422
0.1367	16.69	0.494016	0.881882	0.014652	0.000243
0.1367	17.06	0.494016	0.892123	0.012591	0.000178
0.1367	17.43	0.494016	0.903921	0.011099	0.000136
0.1367	17.80	0.494016	0.898488	0.016286	0.000295
0.1367	18.16	0.494016	0.899582	0.017961	0.000359
0.1367	18.53	0.494016	0.910938	0.019502	0.000418
0.1367	18.90	0.494016	0.919371	0.015997	0.000278
0.1367	19.27	0.494016	0.918322	0.016172	0.000285
0.1367	19.63	0.494016	0.928775	0.009951	0.000107
0.1367	20.00	0.494016	0.934254	0.004357	0.000020
0.1429	2.00	0.450480	0.000000	0.000000	0.000000
0.1429	2.37	0.450480	0.000000	0.000000	0.000000
0.1429	2.73	0.450480	0.000000	0.000000	0.000000
0.1429	3.10	0.450480	0.000000	0.000000	0.000000
0.1429	3.47	0.450480	0.000000	0.000000	0.000000
0.1429	3.84	0.450480	0.000000	0.000000	0.000000
0.1429	4.20	0.450480	0.000000	0.000000	0.000000
0.1429	4.57	0.450480	0.000000	0.000000	0.000000
0.1429	4.94	0.450480	0.000000	0.000000	0.000000
0.1429	5.31	0.450480	0.000000	0.000000	0.000000
0.1429	5.67	0.450480	0.000000	0.000000	0.000000
0.1429	6.04	0.450480	0.000000	0.000000	0.000000
0.1429	6.41	0.450480	0.000000	0.000000	0.000000
0.1429	6.78	0.450480	0.000000	0.000000	0.000000
0.1429	7.14	0.450480	0.000000	0.000000	0.000000
0.1429	7.51	0.450480	0.000000	0.000000	0.000000
0.1429	7.88	0.450480	0.000000	0.000000	0.000000
0.1429	8.24	0.450480	0.000000	0.000000	0.000000
0.1429	8.61	0.450480	0.000000	0.000000	0.000000
0.1429	8.98	0.450480	0.000000	0.000000	0.000000
0.1429	9.35	0.450480	0.000000	0.000000	0.000000
0.1429	9.71	0.450480	0.000000	0.000000	0.000000
0.1429	10.08	0.450480	0.000000	0.000000	0.000000
0.1429	10.45	0.450480	0.000000	0.000000	0.000000
0.1429	10.82	0.450480	0.000000	0.000000	0.000000
0.1429	11.18	0.450480	0.000000	0.000000	0.000000
0.1429	11.55	0.450480	0.000000	0.000000	0.000000
0.1429	11.92	0.450480	0.000000	0.000000	0.000000
0.1429	12.29	0.450480	0.091378	0.002579	0.000073
0.1429	12.65	0.450480	0.109206	0.027244	0.006796
0.1429	13.02	0.450480	0.132196	0.044028	0.014664
0.1429	13.39	0.450480	0.211265	0.071650	0.024300
0.1429	13.76	0.450480	0.381216	0.088743	0.020658
0.1429	14.12	0.450480	0.458372	0.084513	0.015582
0.1429	14.49	0.450480	0.603760	0.057060	0.005393
0.1429	14.86	0.450480	0.679800	0.044813	0.002954
0.1429	15.22	0.450480	0.741067	0.034902	0.001644
0.1429	15.59	0.450480	0.777810	0.020325	0.000531
0.1429	15.96	0.450480	0.800839	0.024773	0.000766
0.1429	16.33	0.450480	0.829207	0.021625	0.000564
0.1429	16.69	0.450480	0.841378	0.018649	0.000413
0.1429	17.06	0.450480	0.859209	0.021450	0.000536
0.1429	17.43	0.450480	0.867750	0.016033	0.000296
0.1429	17.80	0.450480	0.880931	0.015768	0.000282
0.1429	18.16	0.450480	0.889328	0.009507	0.000102
0.1429	18.53	0.450480	0.904964	0.008747	0.000085
0.1429	18.90	0.450480	0.904904	0.010481	0.000121
0.1429	19.27	0.450480	0.910634	0.011265	0.000139
0.1429	19.63	0.450480	0.905461	0.011137	0.000137
0.1429	20.00	0.450480	0.915503	0.006463	0.000046
0.1493	2.00	0.469029	0.000000	0.000000	0.000000
0.1493	2.37	0.469029	0.000000	0.000000	0.000000
0.1493	2.73	0.469029	0.000000	0.000000	0.000000
0.1493	3.10	0.469029	0.000000	0.000000	0.000000
0.1493	3.47	0.469029	0.000000	0.000000	0.000000
0.1493	3.84	0.469029	0.000000	0.000000	0.000000
0.1493	4.20	0.469029	0.000000	0.000000	0.000000
0.1493	4.57	0.469029	0.000000	0.000000	0.000000
0.1493	4.94	0.469029	0.000000	0.000000	0.000000
0.1493	5.31	0.469029	0.000000	0.000000	0.000000
0.1493	5.67	0.469029	0.000000	0.000000	0.000000
0.1493	6.04	0.469029	0.000000	0.000000	0.000000
0.1493	6.41	0.469029	0.000000	0.000000	0.000000
0.1493	6.78	0.469029	0.000000	0.000000	0.000000
0.1493	7.14	0.469029	0.000000	0.000000	0.000000
0.1493	7.51	0.469029	0.000000	0.000000	0.000000
0.1493	7.88	0.469029	0.000000	0.000000	0.000000
0.1493	8.24	0.469029	0.000000	0.000000	0.000000
0.1493	8.61	0.469029	0.000000	0.000000	0.000000
0.1493	8.98	0.469029	0.000000	0.000000	0.000000
0.1493	9.35	0.469029	0.000000	0.000000	0.000000
0.1493	9.71	0.469029	0.000000	0.000000	0.000000
0.1493	10.08	0.469029	0.000000	0.000000	0.000000
0.1493	10.45	0.469029	0.000000	0.000000	0.000000
0.1493	10.82	0.469029	0.000000	0.000000	0.000000
0.1493	11.18	0.469029	0.000000	0.000000	0.000000
0.1493	11.55	0.469029	0.000000	0.000000	0.000000
0.1493	11.92	0.469029	0.087307	0.002201	0.000055
0.1493	12.29	0.469029	0.080154	0.000000	0.000000
0.1493	12.65	0.469029	0.117755	0.026156	0.005810
0.1493	13.02	0.469029	0.160407	0.057486	0.020601
0.1493	13.39	0.469029	0.205871	0.064879	0.020446
0.1493	13.76	0.469029	0.363460	0.051151	0.007199
0.1493	14.12	0.469029	0.481882	0.066810	0.009263
0.1493	14.49	0.469029	0.581346	0.056730	0.005536
0.1493	14.86	0.469029	0.633282	0.049709	0.003902
0.1493	15.22	0.469029	0.679926	0.059322	0.005176
0.1493	15.59	0.469029	0.757819	0.052606	0.003652
0.1493	15.96	0.469029	0.765466	0.044357	0.002570
0.1493	16.33	0.469029	0.823838	0.019702	0.000471
0.1493	16.69	0.469029	0.821885	0.031879	0.001237
0.1493	17.06	0.469029	0.867962	0.018497	0.000394
0.1493	17.43	0.469029	0.869723	0.025328	0.000738
0.1493	17.80	0.469029	0.884094	0.018393	0.000383
0.1493	18.16	0.469029	0.899696	0.014251	0.000226
0.1493	18.53	0.469029	0.909133	0.009510	0.000099
0.1493	18.90	0.469029	0.913108	0.016747	0.000307
0.1493	19.27	0.469029	0.913160	0.016537	0.000299
0.1493	19.63	0.469029	0.920932	0.011148	0.000135
0.1493	20.00	0.469029	0.923978	0.013878	0.000208
0.1561	2.00	0.463631	0.000000	0.000000	0.000000
0.1561	2.37	0.463631	0.000000	0.000000	0.000000
0.1561	2.73	0.463631	0.000000	0.000000	0.000000
0.1561	3.10	0.463631	0.000000	0.000000	0.000000
0.1561	3.47	0.463631	0.000000	0.000000	0.000000
0.1561	3.84	0.463631	0.000000	0.000000	0.000000
0.1561	4.20	0.463631	0.000000	0.000000	0.000000
0.1561	4.57	0.463631	0.000000	0.000000	0.000000
0.1561	4.94	0.463631	0.000000	0.000000	0.000000
0.1561	5.31	0.463631	0.000000	0.000000	0.000000
0.1561	5.67	0.463631	0.000000	0.000000	0.000000
0.1561	6.04	0.463631	0.000000	0.000000	0.000000
0.1561	6.41	0.463631	0.000000	0.000000	0.000000
0.1561	6.78	0.463631	0.000000	0.000000	0.000000
0.1561	7.14	0.463631	0.000000	0.000000	0.000000
0.1561	7.51	0.463631	0.000000	0.000000	0.000000
0.1561	7.88	0.463631	0.000000	0.000000	0.000000
0.1561	8.24	0.463631	0.000000	0.000000	0.000000
0.1561	8.61	0.463631	0.000000	0.000000	0.000000
0.1561	8.98	0.463631	0.000000	0.000000	0.000000
0.1561	9.35	0.463631	0.000000	0.000000	0.000000
0.1561	9.71	0.463631	0.000000	0.000000	0.000000
0.1561	10.08	0.463631	0.084800	0.003392	0.000136
0.1561	10.45	0.463631	0.000000	0.000000	0.000000
0.1561	10.82	0.463631	0.094976	0.009168	0.000885
0.1561	11.18	0.463631	0.110683	0.028409	0.007292
0.1561	11.55	0.463631	0.186867	0.057605	0.017758
0.1561	11.92	0.463631	0.217164	0.078627	0.028468
0.1561	12.29	0.463631	0.342496	0.101044	0.029811
0.1561	12.65	0.463631	0.455713	0.103682	0.023589
0.1561	13.02	0.463631	0.457759	0.093863	0.019247
0.1561	13.39	0.463631	0.583168	0.083282	0.011893
0.1561	13.76	0.463631	0.665665	0.071477	0.007675
0.1561	14.12	0.463631	0.705096	0.047956	0.003262
0.1561	14.49	0.463631	0.764105	0.023893	0.000747
0.1561	14.86	0.463631	0.787449	0.018384	0.000429
0.1561	15.22	0.463631	0.805701	0.013580	0.000229
0.1561	15.59	0.463631	0.832162	0.020299	0.000495
0.1561	15.96	0.463631	0.828961	0.019037	0.000437
0.1561	16.33	0.463631	0.853095	0.012156	0.000173
0.1561	16.69	0.463631	0.853777	0.019265	0.000435
0.1561	17.06	0.463631	0.871530	0.010135	0.000118
0.1561	17.43	0.463631	0.876620	0.013285	0.000201
0.1561	17.80	0.463631	0.880959	0.011482	0.000150
0.1561	18.16	0.463631	0.895276	0.009353	0.000098
0.1561	18.53	0.463631	0.898505	0.011335	0.000143
0.1561	18.90	0.463631	0.901239	0.016476	0.000301
0.1561	19.27	0.463631	0.912358	0.006422	0.000045
0.1561	19.63	0.463631	0.916952	0.005556	0.000034
0.1561	20.00	0.463631	0.910521	0.015988	0.000281
0.1636	2.00	0.447558	0.000000	0.000000	0.000000
0.1636	2.37	0.447558	0.000000	0.000000	0.000000
0.1636	2.73	0.447558	0.000000	0.000000	0.000000
0.1636	3.10	0.447558	0.000000	0.000000	0.000000
0.1636	3.47	0.447558	0.000000	0.000000	0.000000
0.1636	3.84	0.447558	0.000000	0.000000	0.000000
0.1636	4.20	0.447558	0.000000	0.000000	0.000000
0.1636	4.57	0.447558	0.000000	0.000000	0.000000
0.1636	4.94	0.447558	0.000000	0.000000	0.000000
0.1636	5.31	0.447558	0.000000	0.000000	0.000000
0.1636	5.67	0.447558	0.000000	0.000000	0.000000
0.1636	6.04	0.447558	0.000000	0.000000	0.000000
0.1636	6.41	0.447558	0.000000	0.000000	0.000000
0.1636	6.78	0.447558	0.000000	0.000000	0.000000
0.1636	7.14	0.447558	0.000000	0.000000	0.000000
0.1636	7.51	0.447558	0.000000	0.000000	0.000000
0.1636	7.88	0.447558	0.000000	0.000000	0.000000
0.1636	8.24	0.447558	0.000000	0.000000	0.000000
0.1636	8.61	0.447558	0.000000	0.000000	0.000000
0.1636	8.98	0.447558	0.000000	0.000000	0.000000
0.1636	9.35	0.447558	0.000000	0.000000	0.000000
0.1636	9.71	0.447558	0.000000	0.000000	0.000000
0.1636	10.08	0.447558	0.000000	0.000000	0.000000
0.1636	10.45	0.447558	0.000000	0.000000	0.000000
0.1636	10.82	0.447558	0.000000	0.000000	0.000000
0.1636	11.18	0.447558	0.000000	0.000000	0.000000
0.1636	11.55	0.447558	0.000000	0.000000	0.000000
0.1636	11.92	0.447558	0.000000	0.000000	0.000000
0.1636	12.29	0.447558	0.095953	0.000000	0.000000
0.1636	12.65	0.447558	0.111171	0.022250	0.004453
0.1636	13.02	0.447558	0.154215	0.056908	0.021000
0.1636	13.39	0.447558	0.291296	0.077094	0.020404
0.1636	13.76	0.447558	0.381944	0.094538	0.023400
0.1636	14.12	0.447558	0.501827	0.094259	0.017705
0.1636	14.49	0.447558	0.559958	0.090975	0.014781
0.1636	14.86	0.447558	0.656318	0.076344	0.008880
0.1636	15.22	0.447558	0.738713	0.059524	0.004796
0.1636	15.59	0.447558	0.777721	0.043241	0.002404
0.1636	15.96	0.447558	0.804666	0.050684	0.003192
0.1636	16.33	0.447558	0.847500	0.020677	0.000504
0.1636	16.69	0.447558	0.852626	0.020930	0.000514
0.1636	17.06	0.447558	0.869316	0.024263	0.000677
0.1636	17.43	0.447558	0.886925	0.012059	0.000164
0.1636	17.80	0.447558	0.889729	0.012533	0.000177
0.1636	18.16	0.447558	0.901449	0.008200	0.000075
0.1636	18.53	0.447558	0.901767	0.013316	0.000197
0.1636	18.90	0.447558	0.914215	0.004943	0.000027
0.1636	19.27	0.447558	0.913224	0.007159	0.000056
0.1636	19.63	0.447558	0.917030	0.007582	0.000063
0.1636	20.00	0.447558	0.925999	0.005551	0.000033
0.1724	2.00	0.438302	0.000000	0.000000	0.000000
0.1724	2.37	0.438302	0.000000	0.000000	0.000000
0.1724	2.73	0.438302	0.000000	0.000000	0.000000
0.1724	3.10	0.438302	0.000000	0.000000	0.000000
0.1724	3.47	0.438302	0.000000	0.000000	0.000000
0.1724	3.84	0.438302	0.000000	0.000000	0.000000
0.1724	4.20	0.438302	0.000000	0.000000	0.000000
0.1724	4.57	0.438302	0.000000	0.000000	0.000000
0.1724	4.94	0.438302	0.000000	0.000000	0.000000
0.1724	5.31	0.438302	0.000000	0.000000	0.000000
0.1724	5.67	0.438302	0.000000	0.000000	0.000000
0.1724	6.04	0.438302	0.000000	0.000000	0.000000
0.1724	6.41	0.438302	0.000000	0.000000	0.000000
0.1724	6.78	0.438302	0.000000	0.000000	0.000000
0.1724	7.14	0.438302	0.000000	0.000000	0.000000
0.1724	7.51	0.438302	0.000000	0.000000	0.000000
0.1724	7.88	0.438302	0.000000	0.000000	0.000000
0.1724	8.24	0.438302	0.000000	0.000000	0.000000
0.1724	8.61	0.438302	0.000000	0.000000	0.000000
0.1724	8.98	0.438302	0.000000	0.000000	0.000000
0.1724	9.35	0.438302	0.000000	0.000000	0.000000
0.1724	9.71	0.438302	0.000000	0.000000	0.000000
0.1724	10.08	0.438302	0.000000	0.000000	0.000000
0.1724	10.45	0.438302	0.000000	0.000000	0.000000
0.1724	10.82	0.438302	0.000000	0.000000	0.000000
0.1724	11.18	0.438302	0.000000	0.000000	0.000000
0.1724	11.55	0.438302	0.103010	0.028555	0.007916
0.1724	11.92	0.438302	0.120761	0.022816	0.004311
0.1724	12.29	0.438302	0.152609	0.044711	0.013099
0.1724	12.65	0.438302	0.199022	0.064105	0.020648
0.1724	13.02	0.438302	0.346666	0.059790	0.010312
0.1724	13.39	0.438302	0.374723	0.110330	0.032485
0.1724	13.76	0.438302	0.390285	0.103464	0.027428
0.1724	14.12	0.438302	0.412464	0.142645	0.049332
0.1724	14.49	0.438302	0.505529	0.123673	0.030256
0.1724	14.86	0.438302	0.657552	0.108513	0.017908
0.1724	15.22	0.438302	0.753973	0.045759	0.002777
0.1724	15.59	0.438302	0.772221	0.046194	0.002763
0.1724	15.96	0.438302	0.811870	0.024375	0.000732
0.1724	16.33	0.438302	0.825707	0.026196	0.000831
0.1724	16.69	0.438302	0.851647	0.012330	0.000179
0.1724	17.06	0.438302	0.859966	0.014798	0.000255
0.1724	17.43	0.438302	0.862820	0.010119	0.000119
0.1724	17.80	0.438302	0.880757	0.008248	0.000077
0.1724	18.16	0.438302	0.879748	0.018077	0.000371
0.1724	18.53	0.438302	0.886807	0.011433	0.000147
0.1724	18.90	0.438302	0.897523	0.008795	0.000086
0.1724	19.27	0.438302	0.906355	0.006036	0.000040
0.1724	19.63	0.438302	0.911316	0.005093	0.000028
0.1724	20.00	0.438302	0.911925	0.006614	0.000048
0.1836	2.00	0.428984	0.000000	0.000000	0.000000
0.1836	2.37	0.428984	0.000000	0.000000	0.000000
0.1836	2.73	0.428984	0.000000	0.000000	0.000000
0.1836	3.10	0.428984	0.000000	0.000000	0.000000
0.1836	3.47	0.428984	0.000000	0.000000	0.000000
0.1836	3.84	0.428984	0.000000	0.000000	0.000000
0.1836	4.20	0.428984	0.000000	0.000000	0.000000
0.1836	4.57	0.428984	0.000000	0.000000	0.000000
0.1836	4.94	0.428984	0.000000	0.000000	0.000000
0.1836	5.31	0.428984	0.000000	0.000000	0.000000
0.1836	5.67	0.428984	0.000000	0.000000	0.000000
0.1836	6.04	0.428984	0.000000	0.000000	0.000000
0.1836	6.41	0.428984	0.000000	0.000000	0.000000
0.1836	6.78	0.428984	0.000000	0.000000	0.000000
0.1836	7.14	0.428984	0.000000	0.000000	0.000000
0.1836	7.51	0.428984	0.000000	0.000000	0.000000
0.1836	7.88	0.428984	0.000000	0.000000	0.000000
0.1836	8.24	0.428984	0.000000	0.000000	0.000000
0.1836	8.61	0.428984	0.000000	0.000000	0.000000
0.1836	8.98	0.428984	0.000000	0.000000	0.000000
0.1836	9.35	0.428984	0.000000	0.000000	0.000000
0.1836	9.71	0.428984	0.000000	0.000000	0.000000
0.1836	10.08	0.428984	0.000000	0.000000	0.000000
0.1836	10.45	0.428984	0.000000	0.000000	0.000000
0.1836	10.82	0.428984	0.000000	0.000000	0.000000
0.1836	11.18	0.428984	0.000000	0.000000	0.000000
0.1836	11.55	0.428984	0.000000	0.000000	0.000000
0.1836	11.92	0.428984	0.000000	0.000000	0.000000
0.1836	12.29	0.428984	0.112322	0.014199	0.001795
0.1836	12.65	0.428984	0.117657	0.027035	0.006212
0.1836	13.02	0.428984	0.172362	0.036590	0.007767
0.1836	13.39	0.428984	0.223442	0.047671	0.010170
0.1836	13.76	0.428984	0.224676	0.066050	0.019417
0.1836	14.12	0.428984	0.286424	0.095047	0.031540
0.1836	14.49	0.428984	0.283565	0.087949	0.027278
0.1836	14.86	0.428984	0.352180	0.106493	0.032202
0.1836	15.22	0.428984	0.514111	0.079544	0.012307
0.1836	15.59	0.428984	0.616395	0.059554	0.005754
0.1836	15.96	0.428984	0.647610	0.087948	0.011944
0.1836	16.33	0.428984	0.671034	0.093287	0.012969
0.1836	16.69	0.428984	0.738129	0.072757	0.007172
0.1836	17.06	0.428984	0.786744	0.039389	0.001972
0.1836	17.43	0.428984	0.803260	0.047526	0.002812
0.1836	17.80	0.428984	0.839096	0.031431	0.001177
0.1836	18.16	0.428984	0.855741	0.045853	0.002457
0.1836	18.53	0.428984	0.879609	0.022949	0.000599
0.1836	18.90	0.428984	0.873857	0.040489	0.001876
0.1836	19.27	0.428984	0.890347	0.024033	0.000649
0.1836	19.63	0.428984	0.898541	0.024629	0.000675
0.1836	20.00	0.428984	0.912179	0.009377	0.000096
0.2032	2.00	0.399832	0.000000	0.000000	0.000000
0.2032	2.37	0.399832	0.000000	0.000000	0.000000
0.2032	2.73	0.399832	0.000000	0.000000	0.000000
0.2032	3.10	0.399832	0.000000	0.000000	0.000000
0.2032	3.47	0.399832	0.000000	0.000000	0.000000
0.2032	3.84	0.399832	0.000000	0.000000	0.000000
0.2032	4.20	0.399832	0.000000	0.000000	0.000000
0.2032	4.57	0.399832	0.000000	0.000000	0.000000
0.2032	4.94	0.399832	0.000000	0.000000	0.000000
0.2032	5.31	0.399832	0.000000	0.000000	0.000000
0.2032	5.67	0.399832	0.000000	0.000000	0.000000
0.2032	6.04	0.399832	0.000000	0.000000	0.000000
0.2032	6.41	0.399832	0.000000	0.000000	0.000000
0.2032	6.78	0.399832	0.000000	0.000000	0.000000
0.2032	7.14	0.399832	0.000000	0.000000	0.000000
0.2032	7.51	0.399832	0.000000	0.000000	0.000000
0.2032	7.88	0.399832	0.000000	0.000000	0.000000
0.2032	8.24	0.399832	0.000000	0.000000	0.000000
0.2032	8.61	0.399832	0.000000	0.000000	0.000000
0.2032	8.98	0.399832	0.000000	0.000000	0.000000
0.2032	9.35	0.399832	0.000000	0.000000	0.000000
0.2032	9.71	0.399832	0.000000	0.000000	0.000000
0.2032	10.08	0.399832	0.000000	0.000000	0.000000
0.2032	10.45	0.399832	0.000000	0.000000	0.000000
0.2032	10.82	0.399832	0.000000	0.000000	0.000000
0.2032	11.18	0.399832	0.000000	0.000000	0.000000
0.2032	11.55	0.399832	0.097633	0.000000	0.000000
0.2032	11.92	0.399832	0.103781	0.003395	0.000111
0.2032	12.29	0.399832	0.131217	0.030645	0.007157
0.2032	12.65	0.399832	0.117669	0.031531	0.008449
0.2032	13.02	0.399832	0.314901	0.073412	0.017114
0.2032	13.39	0.399832	0.300279	0.084658	0.023868
0.2032	13.76	0.399832	0.479027	0.057184	0.006826
0.2032	14.12	0.399832	0.542682	0.032271	0.001919
0.2032	14.49	0.399832	0.651885	0.030066	0.001387
0.2032	14.86	0.399832	0.681380	0.034844	0.001782
0.2032	15.22	0.399832	0.702810	0.048292	0.003318
0.2032	15.59	0.399832	0.726772	0.046480	0.002973
0.2032	15.96	0.399832	0.756693	0.034417	0.001565
0.2032	16.33	0.399832	0.762960	0.039668	0.002062
0.2032	16.69	0.399832	0.797418	0.036368	0.001659
0.2032	17.06	0.399832	0.803884	0.036272	0.001637
0.2032	17.43	0.399832	0.826486	0.043324	0.002271
0.2032	17.80	0.399832	0.825046	0.037950	0.001746
0.2032	18.16	0.399832	0.846259	0.027311	0.000881
0.2032	18.53	0.399832	0.853300	0.027776	0.000904
0.2032	18.90	0.399832	0.870698	0.027868	0.000892
0.2032	19.27	0.399832	0.860993	0.040675	0.001922
0.2032	19.63	0.399832	0.870908	0.030303	0.001054
0.2032	20.00	0.399832	0.872021	0.032915	0.001242
0.2357	2.00	0.411627	0.000000	0.000000	0.000000
0.2357	2.37	0.411627	0.000000	0.000000	0.000000
0.2357	2.73	0.411627	0.000000	0.000000	0.000000
0.2357	3.10	0.411627	0.000000	0.000000	0.000000
0.2357	3.47	0.411627	0.000000	0.000000	0.000000
0.2357	3.84	0.411627	0.000000	0.000000	0.000000
0.2357	4.20	0.411627	0.000000	0.000000	0.000000
0.2357	4.57	0.411627	0.000000	0.000000	0.000000
0.2357	4.94	0.411627	0.000000	0.000000	0.000000
0.2357	5.31	0.411627	0.000000	0.000000	0.000000
0.2357	5.67	0.411627	0.000000	0.000000	0.000000
0.2357	6.04	0.411627	0.000000	0.000000	0.000000
0.2357	6.41	0.411627	0.000000	0.000000	0.000000
0.2357	6.78	0.411627	0.000000	0.000000	0.000000
0.2357	7.14	0.411627	0.000000	0.000000	0.000000
0.2357	7.51	0.411627	0.000000	0.000000	0.000000
0.2357	7.88	0.411627	0.000000	0.000000	0.000000
0.2357	8.24	0.411627	0.000000	0.000000	0.000000
0.2357	8.61	0.411627	0.000000	0.000000	0.000000
0.2357	8.98	0.411627	0.000000	0.000000	0.000000
0.2357	9.35	0.411627	0.000000	0.000000	0.000000
0.2357	9.71	0.411627	0.000000	0.000000	0.000000
0.2357	10.08	0.411627	0.000000	0.000000	0.000000
0.2357	10.45	0.411627	0.000000	0.000000	0.000000
0.2357	10.82	0.411627	0.000000	0.000000	0.000000
0.2357	11.18	0.411627	0.000000	0.000000	0.000000
0.2357	11.55	0.411627	0.000000	0.000000	0.000000
0.2357	11.92	0.411627	0.100770	0.019787	0.003886
0.2357	12.29	0.411627	0.132052	0.052197	0.020632
0.2357	12.65	0.411627	0.234311	0.071405	0.021760
0.2357	13.02	0.411627	0.398704	0.060583	0.009206
0.2357	13.39	0.411627	0.524316	0.039839	0.003027
0.2357	13.76	0.411627	0.595337	0.024997	0.001050
0.2357	14.12	0.411627	0.651466	0.024717	0.000938
0.2357	14.49	0.411627	0.678118	0.017563	0.000455
0.2357	14.86	0.411627	0.716239	0.016539	0.000382
0.2357	15.22	0.411627	0.748161	0.020990	0.000589
0.2357	15.59	0.411627	0.763791	0.021124	0.000584
0.2357	15.96	0.411627	0.772863	0.023859	0.000737
0.2357	16.33	0.411627	0.807952	0.014255	0.000252
0.2357	16.69	0.411627	0.821925	0.015143	0.000279
0.2357	17.06	0.411627	0.811855	0.029266	0.001055
0.2357	17.43	0.411627	0.837135	0.021038	0.000529
0.2357	17.80	0.411627	0.840960	0.028707	0.000980
0.2357	18.16	0.411627	0.857281	0.023388	0.000638
0.2357	18.53	0.411627	0.865552	0.018264	0.000385
0.2357	18.90	0.411627	0.877823	0.012351	0.000174
0.2357	19.27	0.411627	0.878340	0.017996	0.000369
0.2357	19.63	0.411627	0.894039	0.014356	0.000231
0.2357	20.00	0.411627	0.905054	0.011442	0.000145
0.2573	2.00	0.408820	0.000000	0.000000	0.000000
0.2573	2.37	0.408820	0.000000	0.000000	0.000000
0.2573	2.73	0.408820	0.000000	0.000000	0.000000
0.2573	3.10	0.408820	0.000000	0.000000	0.000000
0.2573	3.47	0.408820	0.000000	0.000000	0.000000
0.2573	3.84	0.408820	0.000000	0.000000	0.000000
0.2573	4.20	0.408820	0.000000	0.000000	0.000000
0.2573	4.57	0.408820	0.000000	0.000000	0.000000
0.2573	4.94	0.408820	0.000000	0.000000	0.000000
0.2573	5.31	0.408820	0.000000	0.000000	0.000000
0.2573	5.67	0.408820	0.000000	0.000000	0.000000
0.2573	6.04	0.408820	0.000000	0.000000	0.000000
0.2573	6.41	0.408820	0.000000	0.000000	0.000000
0.2573	6.78	0.408820	0.000000	0.000000	0.000000
0.2573	7.14	0.408820	0.000000	0.000000	0.000000
0.2573	7.51	0.408820	0.000000	0.000000	0.000000
0.2573	7.88	0.408820	0.000000	0.000000	0.000000
0.2573	8.24	0.408820	0.000000	0.000000	0.000000
0.2573	8.61	0.408820	0.000000	0.000000	0.000000
0.2573	8.98	0.408820	0.000000	0.000000	0.000000
0.2573	9.35	0.408820	0.000000	0.000000	0.000000
0.2573	9.71	0.408820	0.000000	0.000000	0.000000
0.2573	10.08	0.408820	0.000000	0.000000	0.000000
0.2573	10.45	0.408820	0.000000	0.000000	0.000000
0.2573	10.82	0.408820	0.000000	0.000000	0.000000
0.2573	11.18	0.408820	0.000000	0.000000	0.000000
0.2573	11.55	0.408820	0.000000	0.000000	0.000000
0.2573	11.92	0.408820	0.000000	0.000000	0.000000
0.2573	12.29	0.408820	0.000000	0.000000	0.000000
0.2573	12.65	0.408820	0.093200	0.006323	0.000429
0.2573	13.02	0.408820	0.111080	0.028571	0.007349
0.2573	13.39	0.408820	0.136532	0.037737	0.010430
0.2573	13.76	0.408820	0.231513	0.078992	0.026952
0.2573	14.12	0.408820	0.391296	0.066536	0.011314
0.2573	14.49	0.408820	0.548375	0.048550	0.004298
0.2573	14.86	0.408820	0.618113	0.045432	0.003339
0.2573	15.22	0.408820	0.698224	0.034417	0.001697
0.2573	15.59	0.408820	0.766997	0.029533	0.001137
0.2573	15.96	0.408820	0.785294	0.035687	0.001622
0.2573	16.33	0.408820	0.799198	0.036519	0.001669
0.2573	16.69	0.408820	0.843253	0.021014	0.000524
0.2573	17.06	0.408820	0.849031	0.016674	0.000327
0.2573	17.43	0.408820	0.875401	0.015751	0.000283
0.2573	17.80	0.408820	0.889972	0.010383	0.000121
0.2573	18.16	0.408820	0.896317	0.013033	0.000189
0.2573	18.53	0.408820	0.904303	0.010037	0.000111
0.2573	18.90	0.408820	0.910419	0.006481	0.000046
0.2573	19.27	0.408820	0.923127	0.005598	0.000034
0.2573	19.63	0.408820	0.923700	0.005816	0.000037
0.2573	20.00	0.408820	0.924850	0.005572	0.000034
0.3208	2.00	0.384241	0.000000	0.000000	0.000000
0.3208	2.37	0.384241	0.000000	0.000000	0.000000
0.3208	2.73	0.384241	0.000000	0.000000	0.000000
0.3208	3.10	0.384241	0.000000	0.000000	0.000000
0.3208	3.47	0.384241	0.000000	0.000000	0.000000
0.3208	3.84	0.384241	0.000000	0.000000	0.000000
0.3208	4.20	0.384241	0.000000	0.000000	0.000000
0.3208	4.57	0.384241	0.000000	0.000000	0.000000
0.3208	4.94	0.384241	0.000000	0.000000	0.000000
0.3208	5.31	0.384241	0.000000	0.000000	0.000000
0.3208	5.67	0.384241	0.000000	0.000000	0.000000
0.3208	6.04	0.384241	0.000000	0.000000	0.000000
0.3208	6.41	0.384241	0.000000	0.000000	0.000000
0.3208	6.78	0.384241	0.000000	0.000000	0.000000
0.3208	7.14	0.384241	0.000000	0.000000	0.000000
0.3208	7.51	0.384241	0.000000	0.000000	0.000000
0.3208	7.88	0.384241	0.000000	0.000000	0.000000
0.3208	8.24	0.384241	0.000000	0.000000	0.000000
0.3208	8.61	0.384241	0.000000	0.000000	0.000000
0.3208	8.98	0.384241	0.000000	0.000000	0.000000
0.3208	9.35	0.384241	0.000000	0.000000	0.000000
0.3208	9.71	0.384241	0.000000	0.000000	0.000000
0.3208	10.08	0.384241	0.000000	0.000000	0.000000
0.3208	10.45	0.384241	0.000000	0.000000	0.000000
0.3208	10.82	0.384241	0.000000	0.000000	0.000000
0.3208	11.18	0.384241	0.000000	0.000000	0.000000
0.3208	11.55	0.384241	0.000000	0.000000	0.000000
0.3208	11.92	0.384241	0.000000	0.000000	0.000000
0.3208	12.29	0.384241	0.000000	0.000000	0.000000
0.3208	12.65	0.384241	0.000000	0.000000	0.000000
0.3208	13.02	0.384241	0.000000	0.000000	0.000000
0.3208	13.39	0.384241	0.099074	0.013703	0.001895
0.3208	13.76	0.384241	0.109455	0.033124	0.010024
0.3208	14.12	0.384241	0.166943	0.058815	0.020721
0.3208	14.49	0.384241	0.307486	0.081547	0.021627
0.3208	14.86	0.384241	0.438619	0.067114	0.010269
0.3208	15.22	0.384241	0.587945	0.063585	0.006877
0.3208	15.59	0.384241	0.642399	0.040132	0.002507
0.3208	15.96	0.384241	0.735761	0.038617	0.002027
0.3208	16.33	0.384241	0.770998	0.022962	0.000684
0.3208	16.69	0.384241	0.817046	0.022622	0.000626
0.3208	17.06	0.384241	0.830201	0.032722	0.001290
0.3208	17.43	0.384241	0.846986	0.028832	0.000981
0.3208	17.80	0.384241	0.880586	0.013102	0.000195
0.3208	18.16	0.384241	0.886851	0.012237	0.000169
0.3208	18.53	0.384241	0.888531	0.010175	0.000117
0.3208	18.90	0.384241	0.896776	0.013764	0.000211
0.3208	19.27	0.384241	0.911209	0.007249	0.000058
0.3208	19.63	0.384241	0.918070	0.007987	0.000069
0.3208	20.00	0.384241	0.922917	0.004278	0.000020
0.4544	2.00	0.379420	0.000000	0.000000	0.000000
0.4544	2.37	0.379420	0.000000	0.000000	0.000000
0.4544	2.73	0.379420	0.000000	0.000000	0.000000
0.4544	3.10	0.379420	0.000000	0.000000	0.000000
0.4544	3.47	0.379420	0.000000	0.000000	0.000000
0.4544	3.84	0.379420	0.000000	0.000000	0.000000
0.4544	4.20	0.379420	0.000000	0.000000	0.000000
0.4544	4.57	0.379420	0.000000	0.000000	0.000000
0.4544	4.94	0.379420	0.000000	0.000000	0.000000
0.4544	5.31	0.379420	0.000000	0.000000	0.000000
0.4544	5.67	0.379420	0.000000	0.000000	0.000000
0.4544	6.04	0.379420	0.000000	0.000000	0.000000
0.4544	6.41	0.379420	0.000000	0.000000	0.000000
0.4544	6.78	0.379420	0.000000	0.000000	0.000000
0.4544	7.14	0.379420	0.000000	0.000000	0.000000
0.4544	7.51	0.379420	0.000000	0.000000	0.000000
0.4544	7.88	0.379420	0.000000	0.000000	0.000000
0.4544	8.24	0.379420	0.000000	0.000000	0.000000
0.4544	8.61	0.379420	0.000000	0.000000	0.000000
0.4544	8.98	0.379420	0.000000	0.000000	0.000000
0.4544	9.35	0.379420	0.000000	0.000000	0.000000
0.4544	9.71	0.379420	0.000000	0.000000	0.000000
0.4544	10.08	0.379420	0.000000	0.000000	0.000000
0.4544	10.45	0.379420	0.000000	0.000000	0.000000
0.4544	10.82	0.379420	0.000000	0.000000	0.000000
0.4544	11.18	0.379420	0.000000	0.000000	0.000000
0.4544	11.55	0.379420	0.000000	0.000000	0.000000
0.4544	11.92	0.379420	0.000000	0.000000	0.000000
0.4544	12.29	0.379420	0.000000	0.000000	0.000000
0.4544	12.65	0.379420	0.094587	0.006881	0.000501
0.4544	13.02	0.379420	0.107156	0.020182	0.003801
0.4544	13.39	0.379420	0.125637	0.053153	0.022488
0.4544	13.76	0.379420	0.149908	0.070783	0.033422
0.4544	14.12	0.379420	0.323992	0.101020	0.031498
0.4544	14.49	0.379420	0.502084	0.060797	0.007362
0.4544	14.86	0.379420	0.635058	0.039676	0.002479
0.4544	15.22	0.379420	0.702157	0.033127	0.001563
0.4544	15.59	0.379420	0.775071	0.017581	0.000399
0.4544	15.96	0.379420	0.802621	0.021230	0.000562
0.4544	16.33	0.379420	0.850108	0.011744	0.000162
0.4544	16.69	0.379420	0.855880	0.012196	0.000174
0.4544	17.06	0.379420	0.866223	0.009264	0.000099
0.4544	17.43	0.379420	0.883291	0.006867	0.000053
0.4544	17.80	0.379420	0.894011	0.005272	0.000031
0.4544	18.16	0.379420	0.902183	0.007323	0.000059
0.4544	18.53	0.379420	0.910680	0.005400	0.000032
0.4544	18.90	0.379420	0.914776	0.005449	0.000032
0.4544	19.27	0.379420	0.918708	0.005972	0.000039
0.4544	19.63	0.379420	0.929163	0.004127	0.000018
0.4544	20.00	0.379420	0.931063	0.004747	0.000024
