base_sigma	MAX_EXC_WEIGHT	Gini	mean_peaks_height	std_peaks_height	fano_factor
0.1367	2.00	0.465332	0.000000	0.000000	0.000000
0.1367	2.37	0.465332	0.000000	0.000000	0.000000
0.1367	2.73	0.465332	0.000000	0.000000	0.000000
0.1367	3.10	0.465332	0.000000	0.000000	0.000000
0.1367	3.47	0.465332	0.000000	0.000000	0.000000
0.1367	3.84	0.465332	0.000000	0.000000	0.000000
0.1367	4.20	0.465332	0.000000	0.000000	0.000000
0.1367	4.57	0.465332	0.000000	0.000000	0.000000
0.1367	4.94	0.465332	0.000000	0.000000	0.000000
0.1367	5.31	0.465332	0.000000	0.000000	0.000000
0.1367	5.67	0.465332	0.000000	0.000000	0.000000
0.1367	6.04	0.465332	0.000000	0.000000	0.000000
0.1367	6.41	0.465332	0.000000	0.000000	0.000000
0.1367	6.78	0.465332	0.000000	0.000000	0.000000
0.1367	7.14	0.465332	0.000000	0.000000	0.000000
0.1367	7.51	0.465332	0.000000	0.000000	0.000000
0.1367	7.88	0.465332	0.000000	0.000000	0.000000
0.1367	8.24	0.465332	0.000000	0.000000	0.000000
0.1367	8.61	0.465332	0.000000	0.000000	0.000000
0.1367	8.98	0.465332	0.000000	0.000000	0.000000
0.1367	9.35	0.465332	0.000000	0.000000	0.000000
0.1367	9.71	0.465332	0.000000	0.000000	0.000000
0.1367	10.08	0.465332	0.000000	0.000000	0.000000
0.1367	10.45	0.465332	0.000000	0.000000	0.000000
0.1367	10.82	0.465332	0.055838	0.001725	0.000053
0.1367	11.18	0.465332	0.057958	0.005425	0.000508
0.1367	11.55	0.465332	0.073696	0.023983	0.007805
0.1367	11.92	0.465332	0.101557	0.049060	0.023700
0.1367	12.29	0.465332	0.255970	0.138889	0.075361
0.1367	12.65	0.465332	0.529614	0.140913	0.037493
0.1367	13.02	0.465332	0.748679	0.058896	0.004633
0.1367	13.39	0.465332	0.810282	0.031523	0.001226
0.1367	13.76	0.465332	0.856455	0.010835	0.000137
0.1367	14.12	0.465332	0.878651	0.013017	0.000193
0.1367	14.49	0.465332	0.898218	0.006200	0.000043
0.1367	14.86	0.465332	0.904995	0.006329	0.000044
0.1367	15.22	0.465332	0.911221	0.004714	0.000024
0.1367	15.59	0.465332	0.914143	0.005678	0.000035
0.1367	15.96	0.465332	0.924262	0.003733	0.000015
0.1367	16.33	0.465332	0.929508	0.002381	0.000006
0.1367	16.69	0.465332	0.932409	0.002290	0.000006
0.1367	17.06	0.465332	0.935951	0.002426	0.000006
0.1367	17.43	0.465332	0.939792	0.002927	0.000009
0.1367	17.80	0.465332	0.944608	0.001707	0.000003
0.1367	18.16	0.465332	0.945547	0.001731	0.000003
0.1367	18.53	0.465332	0.948074	0.001783	0.000003
0.1367	18.90	0.465332	0.952545	0.001560	0.000003
0.1367	19.27	0.465332	0.949799	0.001670	0.000003
0.1367	19.63	0.465332	0.954766	0.001623	0.000003
0.1367	20.00	0.465332	0.955015	0.001218	0.000002
0.1429	2.00	0.453365	0.000000	0.000000	0.000000
0.1429	2.37	0.453365	0.000000	0.000000	0.000000
0.1429	2.73	0.453365	0.000000	0.000000	0.000000
0.1429	3.10	0.453365	0.000000	0.000000	0.000000
0.1429	3.47	0.453365	0.000000	0.000000	0.000000
0.1429	3.84	0.453365	0.000000	0.000000	0.000000
0.1429	4.20	0.453365	0.000000	0.000000	0.000000
0.1429	4.57	0.453365	0.000000	0.000000	0.000000
0.1429	4.94	0.453365	0.000000	0.000000	0.000000
0.1429	5.31	0.453365	0.000000	0.000000	0.000000
0.1429	5.67	0.453365	0.000000	0.000000	0.000000
0.1429	6.04	0.453365	0.000000	0.000000	0.000000
0.1429	6.41	0.453365	0.000000	0.000000	0.000000
0.1429	6.78	0.453365	0.000000	0.000000	0.000000
0.1429	7.14	0.453365	0.000000	0.000000	0.000000
0.1429	7.51	0.453365	0.000000	0.000000	0.000000
0.1429	7.88	0.453365	0.000000	0.000000	0.000000
0.1429	8.24	0.453365	0.000000	0.000000	0.000000
0.1429	8.61	0.453365	0.000000	0.000000	0.000000
0.1429	8.98	0.453365	0.000000	0.000000	0.000000
0.1429	9.35	0.453365	0.000000	0.000000	0.000000
0.1429	9.71	0.453365	0.000000	0.000000	0.000000
0.1429	10.08	0.453365	0.000000	0.000000	0.000000
0.1429	10.45	0.453365	0.000000	0.000000	0.000000
0.1429	10.82	0.453365	0.051245	0.000363	0.000003
0.1429	11.18	0.453365	0.062537	0.008694	0.001209
0.1429	11.55	0.453365	0.089351	0.040004	0.017910
0.1429	11.92	0.453365	0.128096	0.083323	0.054200
0.1429	12.29	0.453365	0.285983	0.150452	0.079151
0.1429	12.65	0.453365	0.654916	0.113866	0.019797
0.1429	13.02	0.453365	0.760040	0.068443	0.006163
0.1429	13.39	0.453365	0.862001	0.017781	0.000367
0.1429	13.76	0.453365	0.876271	0.028927	0.000955
0.1429	14.12	0.453365	0.905183	0.016984	0.000319
0.1429	14.49	0.453365	0.910723	0.011557	0.000147
0.1429	14.86	0.453365	0.925413	0.008221	0.000073
0.1429	15.22	0.453365	0.929683	0.009500	0.000097
0.1429	15.59	0.453365	0.936614	0.007790	0.000065
0.1429	15.96	0.453365	0.945753	0.002602	0.000007
0.1429	16.33	0.453365	0.944309	0.003909	0.000016
0.1429	16.69	0.453365	0.948921	0.002359	0.000006
0.1429	17.06	0.453365	0.953427	0.003319	0.000012
0.1429	17.43	0.453365	0.952607	0.002869	0.000009
0.1429	17.80	0.453365	0.957366	0.002547	0.000007
0.1429	18.16	0.453365	0.958715	0.002016	0.000004
0.1429	18.53	0.453365	0.961688	0.001967	0.000004
0.1429	18.90	0.453365	0.960648	0.001524	0.000002
0.1429	19.27	0.453365	0.963047	0.001392	0.000002
0.1429	19.63	0.453365	0.967469	0.001722	0.000003
0.1429	20.00	0.453365	0.965548	0.001485	0.000002
0.1493	2.00	0.471728	0.000000	0.000000	0.000000
0.1493	2.37	0.471728	0.000000	0.000000	0.000000
0.1493	2.73	0.471728	0.000000	0.000000	0.000000
0.1493	3.10	0.471728	0.000000	0.000000	0.000000
0.1493	3.47	0.471728	0.000000	0.000000	0.000000
0.1493	3.84	0.471728	0.000000	0.000000	0.000000
0.1493	4.20	0.471728	0.000000	0.000000	0.000000
0.1493	4.57	0.471728	0.000000	0.000000	0.000000
0.1493	4.94	0.471728	0.000000	0.000000	0.000000
0.1493	5.31	0.471728	0.000000	0.000000	0.000000
0.1493	5.67	0.471728	0.000000	0.000000	0.000000
0.1493	6.04	0.471728	0.000000	0.000000	0.000000
0.1493	6.41	0.471728	0.000000	0.000000	0.000000
0.1493	6.78	0.471728	0.000000	0.000000	0.000000
0.1493	7.14	0.471728	0.000000	0.000000	0.000000
0.1493	7.51	0.471728	0.000000	0.000000	0.000000
0.1493	7.88	0.471728	0.000000	0.000000	0.000000
0.1493	8.24	0.471728	0.000000	0.000000	0.000000
0.1493	8.61	0.471728	0.000000	0.000000	0.000000
0.1493	8.98	0.471728	0.000000	0.000000	0.000000
0.1493	9.35	0.471728	0.000000	0.000000	0.000000
0.1493	9.71	0.471728	0.000000	0.000000	0.000000
0.1493	10.08	0.471728	0.053367	0.000000	0.000000
0.1493	10.45	0.471728	0.069014	0.010049	0.001463
0.1493	10.82	0.471728	0.129368	0.054909	0.023306
0.1493	11.18	0.471728	0.119547	0.074766	0.046759
0.1493	11.55	0.471728	0.287744	0.133711	0.062133
0.1493	11.92	0.471728	0.549947	0.133773	0.032540
0.1493	12.29	0.471728	0.749919	0.039489	0.002079
0.1493	12.65	0.471728	0.810009	0.018262	0.000412
0.1493	13.02	0.471728	0.813201	0.056810	0.003969
0.1493	13.39	0.471728	0.866278	0.007206	0.000060
0.1493	13.76	0.471728	0.877332	0.006992	0.000056
0.1493	14.12	0.471728	0.895634	0.006654	0.000049
0.1493	14.49	0.471728	0.904645	0.005334	0.000031
0.1493	14.86	0.471728	0.910826	0.005644	0.000035
0.1493	15.22	0.471728	0.915821	0.005795	0.000037
0.1493	15.59	0.471728	0.920230	0.003181	0.000011
0.1493	15.96	0.471728	0.929054	0.002606	0.000007
0.1493	16.33	0.471728	0.928767	0.003187	0.000011
0.1493	16.69	0.471728	0.934354	0.002391	0.000006
0.1493	17.06	0.471728	0.938259	0.002641	0.000007
0.1493	17.43	0.471728	0.938630	0.002364	0.000006
0.1493	17.80	0.471728	0.942543	0.001763	0.000003
0.1493	18.16	0.471728	0.944574	0.001929	0.000004
0.1493	18.53	0.471728	0.947382	0.001876	0.000004
0.1493	18.90	0.471728	0.948709	0.001727	0.000003
0.1493	19.27	0.471728	0.951057	0.001918	0.000004
0.1493	19.63	0.471728	0.950041	0.001841	0.000004
0.1493	20.00	0.471728	0.954583	0.001421	0.000002
0.1561	2.00	0.451004	0.000000	0.000000	0.000000
0.1561	2.37	0.451004	0.000000	0.000000	0.000000
0.1561	2.73	0.451004	0.000000	0.000000	0.000000
0.1561	3.10	0.451004	0.000000	0.000000	0.000000
0.1561	3.47	0.451004	0.000000	0.000000	0.000000
0.1561	3.84	0.451004	0.000000	0.000000	0.000000
0.1561	4.20	0.451004	0.000000	0.000000	0.000000
0.1561	4.57	0.451004	0.000000	0.000000	0.000000
0.1561	4.94	0.451004	0.000000	0.000000	0.000000
0.1561	5.31	0.451004	0.000000	0.000000	0.000000
0.1561	5.67	0.451004	0.000000	0.000000	0.000000
0.1561	6.04	0.451004	0.000000	0.000000	0.000000
0.1561	6.41	0.451004	0.000000	0.000000	0.000000
0.1561	6.78	0.451004	0.000000	0.000000	0.000000
0.1561	7.14	0.451004	0.000000	0.000000	0.000000
0.1561	7.51	0.451004	0.000000	0.000000	0.000000
0.1561	7.88	0.451004	0.000000	0.000000	0.000000
0.1561	8.24	0.451004	0.000000	0.000000	0.000000
0.1561	8.61	0.451004	0.000000	0.000000	0.000000
0.1561	8.98	0.451004	0.000000	0.000000	0.000000
0.1561	9.35	0.451004	0.000000	0.000000	0.000000
0.1561	9.71	0.451004	0.000000	0.000000	0.000000
0.1561	10.08	0.451004	0.000000	0.000000	0.000000
0.1561	10.45	0.451004	0.000000	0.000000	0.000000
0.1561	10.82	0.451004	0.050455	0.000000	0.000000
0.1561	11.18	0.451004	0.053734	0.003567	0.000237
0.1561	11.55	0.451004	0.070070	0.025165	0.009038
0.1561	11.92	0.451004	0.083238	0.036205	0.015748
0.1561	12.29	0.451004	0.224178	0.117738	0.061836
0.1561	12.65	0.451004	0.500364	0.088054	0.015496
0.1561	13.02	0.451004	0.701163	0.075660	0.008164
0.1561	13.39	0.451004	0.771487	0.054204	0.003808
0.1561	13.76	0.451004	0.842787	0.021428	0.000545
0.1561	14.12	0.451004	0.867848	0.031094	0.001114
0.1561	14.49	0.451004	0.893269	0.017154	0.000329
0.1561	14.86	0.451004	0.908583	0.007088	0.000055
0.1561	15.22	0.451004	0.908620	0.016203	0.000289
0.1561	15.59	0.451004	0.924536	0.007999	0.000069
0.1561	15.96	0.451004	0.929297	0.006655	0.000048
0.1561	16.33	0.451004	0.936920	0.005174	0.000029
0.1561	16.69	0.451004	0.941023	0.005309	0.000030
0.1561	17.06	0.451004	0.948128	0.002535	0.000007
0.1561	17.43	0.451004	0.949315	0.003378	0.000012
0.1561	17.80	0.451004	0.948952	0.003139	0.000010
0.1561	18.16	0.451004	0.953222	0.001908	0.000004
0.1561	18.53	0.451004	0.957320	0.002839	0.000008
0.1561	18.90	0.451004	0.955529	0.001660	0.000003
0.1561	19.27	0.451004	0.960953	0.002653	0.000007
0.1561	19.63	0.451004	0.961305	0.001155	0.000001
0.1561	20.00	0.451004	0.958863	0.001404	0.000002
0.1636	2.00	0.434095	0.000000	0.000000	0.000000
0.1636	2.37	0.434095	0.000000	0.000000	0.000000
0.1636	2.73	0.434095	0.000000	0.000000	0.000000
0.1636	3.10	0.434095	0.000000	0.000000	0.000000
0.1636	3.47	0.434095	0.000000	0.000000	0.000000
0.1636	3.84	0.434095	0.000000	0.000000	0.000000
0.1636	4.20	0.434095	0.000000	0.000000	0.000000
0.1636	4.57	0.434095	0.000000	0.000000	0.000000
0.1636	4.94	0.434095	0.000000	0.000000	0.000000
0.1636	5.31	0.434095	0.000000	0.000000	0.000000
0.1636	5.67	0.434095	0.000000	0.000000	0.000000
0.1636	6.04	0.434095	0.000000	0.000000	0.000000
0.1636	6.41	0.434095	0.000000	0.000000	0.000000
0.1636	6.78	0.434095	0.000000	0.000000	0.000000
0.1636	7.14	0.434095	0.000000	0.000000	0.000000
0.1636	7.51	0.434095	0.000000	0.000000	0.000000
0.1636	7.88	0.434095	0.000000	0.000000	0.000000
0.1636	8.24	0.434095	0.000000	0.000000	0.000000
0.1636	8.61	0.434095	0.000000	0.000000	0.000000
0.1636	8.98	0.434095	0.000000	0.000000	0.000000
0.1636	9.35	0.434095	0.000000	0.000000	0.000000
0.1636	9.71	0.434095	0.000000	0.000000	0.000000
0.1636	10.08	0.434095	0.000000	0.000000	0.000000
0.1636	10.45	0.434095	0.057818	0.000000	0.000000
0.1636	10.82	0.434095	0.052182	0.000973	0.000018
0.1636	11.18	0.434095	0.074810	0.027672	0.010236
0.1636	11.55	0.434095	0.081650	0.036428	0.016252
0.1636	11.92	0.434095	0.156186	0.078584	0.039539
0.1636	12.29	0.434095	0.229505	0.132873	0.076928
0.1636	12.65	0.434095	0.700531	0.078738	0.008850
0.1636	13.02	0.434095	0.744928	0.061338	0.005051
0.1636	13.39	0.434095	0.830823	0.038599	0.001793
0.1636	13.76	0.434095	0.872105	0.018979	0.000413
0.1636	14.12	0.434095	0.900701	0.009431	0.000099
0.1636	14.49	0.434095	0.909944	0.011910	0.000156
0.1636	14.86	0.434095	0.924866	0.008291	0.000074
0.1636	15.22	0.434095	0.934255	0.005510	0.000032
0.1636	15.59	0.434095	0.938533	0.005519	0.000032
0.1636	15.96	0.434095	0.946041	0.003399	0.000012
0.1636	16.33	0.434095	0.948089	0.005138	0.000028
0.1636	16.69	0.434095	0.948982	0.004114	0.000018
0.1636	17.06	0.434095	0.954549	0.002250	0.000005
0.1636	17.43	0.434095	0.955743	0.002059	0.000004
0.1636	17.80	0.434095	0.960474	0.001955	0.000004
0.1636	18.16	0.434095	0.959578	0.001745	0.000003
0.1636	18.53	0.434095	0.963981	0.001587	0.000003
0.1636	18.90	0.434095	0.964902	0.001365	0.000002
0.1636	19.27	0.434095	0.965106	0.001643	0.000003
0.1636	19.63	0.434095	0.967622	0.001019	0.000001
0.1636	20.00	0.434095	0.968282	0.001399	0.000002
0.1724	2.00	0.466619	0.000000	0.000000	0.000000
0.1724	2.37	0.466619	0.000000	0.000000	0.000000
0.1724	2.73	0.466619	0.000000	0.000000	0.000000
0.1724	3.10	0.466619	0.000000	0.000000	0.000000
0.1724	3.47	0.466619	0.000000	0.000000	0.000000
0.1724	3.84	0.466619	0.000000	0.000000	0.000000
0.1724	4.20	0.466619	0.000000	0.000000	0.000000
0.1724	4.57	0.466619	0.000000	0.000000	0.000000
0.1724	4.94	0.466619	0.000000	0.000000	0.000000
0.1724	5.31	0.466619	0.000000	0.000000	0.000000
0.1724	5.67	0.466619	0.000000	0.000000	0.000000
0.1724	6.04	0.466619	0.000000	0.000000	0.000000
0.1724	6.41	0.466619	0.000000	0.000000	0.000000
0.1724	6.78	0.466619	0.000000	0.000000	0.000000
0.1724	7.14	0.466619	0.000000	0.000000	0.000000
0.1724	7.51	0.466619	0.000000	0.000000	0.000000
0.1724	7.88	0.466619	0.000000	0.000000	0.000000
0.1724	8.24	0.466619	0.000000	0.000000	0.000000
0.1724	8.61	0.466619	0.000000	0.000000	0.000000
0.1724	8.98	0.466619	0.000000	0.000000	0.000000
0.1724	9.35	0.466619	0.000000	0.000000	0.000000
0.1724	9.71	0.466619	0.000000	0.000000	0.000000
0.1724	10.08	0.466619	0.061580	0.000000	0.000000
0.1724	10.45	0.466619	0.079891	0.050903	0.032433
0.1724	10.82	0.466619	0.115445	0.067154	0.039063
0.1724	11.18	0.466619	0.231822	0.163258	0.114973
0.1724	11.55	0.466619	0.453263	0.157900	0.055006
0.1724	11.92	0.466619	0.746621	0.063211	0.005352
0.1724	12.29	0.466619	0.807337	0.021827	0.000590
0.1724	12.65	0.466619	0.837754	0.014390	0.000247
0.1724	13.02	0.466619	0.857231	0.011310	0.000149
0.1724	13.39	0.466619	0.879466	0.005907	0.000040
0.1724	13.76	0.466619	0.892620	0.008650	0.000084
0.1724	14.12	0.466619	0.904446	0.007046	0.000055
0.1724	14.49	0.466619	0.907432	0.003607	0.000014
0.1724	14.86	0.466619	0.917832	0.004473	0.000022
0.1724	15.22	0.466619	0.924521	0.003481	0.000013
0.1724	15.59	0.466619	0.924998	0.008544	0.000079
0.1724	15.96	0.466619	0.930881	0.009206	0.000091
0.1724	16.33	0.466619	0.933020	0.004210	0.000019
0.1724	16.69	0.466619	0.937305	0.004871	0.000025
0.1724	17.06	0.466619	0.936825	0.009938	0.000105
0.1724	17.43	0.466619	0.941089	0.003985	0.000017
0.1724	17.80	0.466619	0.945058	0.002877	0.000009
0.1724	18.16	0.466619	0.950420	0.002757	0.000008
0.1724	18.53	0.466619	0.951620	0.005045	0.000027
0.1724	18.90	0.466619	0.952832	0.003576	0.000013
0.1724	19.27	0.466619	0.954901	0.002114	0.000005
0.1724	19.63	0.466619	0.953842	0.003299	0.000011
0.1724	20.00	0.466619	0.959510	0.002265	0.000005
0.1836	2.00	0.435248	0.000000	0.000000	0.000000
0.1836	2.37	0.435248	0.000000	0.000000	0.000000
0.1836	2.73	0.435248	0.000000	0.000000	0.000000
0.1836	3.10	0.435248	0.000000	0.000000	0.000000
0.1836	3.47	0.435248	0.000000	0.000000	0.000000
0.1836	3.84	0.435248	0.000000	0.000000	0.000000
0.1836	4.20	0.435248	0.000000	0.000000	0.000000
0.1836	4.57	0.435248	0.000000	0.000000	0.000000
0.1836	4.94	0.435248	0.000000	0.000000	0.000000
0.1836	5.31	0.435248	0.000000	0.000000	0.000000
0.1836	5.67	0.435248	0.000000	0.000000	0.000000
0.1836	6.04	0.435248	0.000000	0.000000	0.000000
0.1836	6.41	0.435248	0.000000	0.000000	0.000000
0.1836	6.78	0.435248	0.000000	0.000000	0.000000
0.1836	7.14	0.435248	0.000000	0.000000	0.000000
0.1836	7.51	0.435248	0.000000	0.000000	0.000000
0.1836	7.88	0.435248	0.000000	0.000000	0.000000
0.1836	8.24	0.435248	0.000000	0.000000	0.000000
0.1836	8.61	0.435248	0.000000	0.000000	0.000000
0.1836	8.98	0.435248	0.000000	0.000000	0.000000
0.1836	9.35	0.435248	0.000000	0.000000	0.000000
0.1836	9.71	0.435248	0.000000	0.000000	0.000000
0.1836	10.08	0.435248	0.000000	0.000000	0.000000
0.1836	10.45	0.435248	0.057415	0.000000	0.000000
0.1836	10.82	0.435248	0.067051	0.019769	0.005829
0.1836	11.18	0.435248	0.067238	0.024017	0.008578
0.1836	11.55	0.435248	0.159947	0.094896	0.056302
0.1836	11.92	0.435248	0.403629	0.156994	0.061064
0.1836	12.29	0.435248	0.725122	0.043923	0.002661
0.1836	12.65	0.435248	0.809269	0.017703	0.000387
0.1836	13.02	0.435248	0.850194	0.012831	0.000194
0.1836	13.39	0.435248	0.877323	0.005874	0.000039
0.1836	13.76	0.435248	0.888028	0.006248	0.000044
0.1836	14.12	0.435248	0.900994	0.004360	0.000021
0.1836	14.49	0.435248	0.909918	0.003023	0.000010
0.1836	14.86	0.435248	0.917226	0.003232	0.000011
0.1836	15.22	0.435248	0.920665	0.003379	0.000012
0.1836	15.59	0.435248	0.924756	0.003338	0.000012
0.1836	15.96	0.435248	0.932333	0.002449	0.000006
0.1836	16.33	0.435248	0.941837	0.001845	0.000004
0.1836	16.69	0.435248	0.938498	0.002388	0.000006
0.1836	17.06	0.435248	0.943049	0.001968	0.000004
0.1836	17.43	0.435248	0.944740	0.002195	0.000005
0.1836	17.80	0.435248	0.947189	0.001638	0.000003
0.1836	18.16	0.435248	0.951351	0.001639	0.000003
0.1836	18.53	0.435248	0.955066	0.001432	0.000002
0.1836	18.90	0.435248	0.955255	0.001915	0.000004
0.1836	19.27	0.435248	0.956463	0.001330	0.000002
0.1836	19.63	0.435248	0.959195	0.001956	0.000004
0.1836	20.00	0.435248	0.961393	0.001597	0.000003
0.2032	2.00	0.405105	0.000000	0.000000	0.000000
0.2032	2.37	0.405105	0.000000	0.000000	0.000000
0.2032	2.73	0.405105	0.000000	0.000000	0.000000
0.2032	3.10	0.405105	0.000000	0.000000	0.000000
0.2032	3.47	0.405105	0.000000	0.000000	0.000000
0.2032	3.84	0.405105	0.000000	0.000000	0.000000
0.2032	4.20	0.405105	0.000000	0.000000	0.000000
0.2032	4.57	0.405105	0.000000	0.000000	0.000000
0.2032	4.94	0.405105	0.000000	0.000000	0.000000
0.2032	5.31	0.405105	0.000000	0.000000	0.000000
0.2032	5.67	0.405105	0.000000	0.000000	0.000000
0.2032	6.04	0.405105	0.000000	0.000000	0.000000
0.2032	6.41	0.405105	0.000000	0.000000	0.000000
0.2032	6.78	0.405105	0.000000	0.000000	0.000000
0.2032	7.14	0.405105	0.000000	0.000000	0.000000
0.2032	7.51	0.405105	0.000000	0.000000	0.000000
0.2032	7.88	0.405105	0.000000	0.000000	0.000000
0.2032	8.24	0.405105	0.000000	0.000000	0.000000
0.2032	8.61	0.405105	0.000000	0.000000	0.000000
0.2032	8.98	0.405105	0.000000	0.000000	0.000000
0.2032	9.35	0.405105	0.000000	0.000000	0.000000
0.2032	9.71	0.405105	0.000000	0.000000	0.000000
0.2032	10.08	0.405105	0.000000	0.000000	0.000000
0.2032	10.45	0.405105	0.000000	0.000000	0.000000
0.2032	10.82	0.405105	0.000000	0.000000	0.000000
0.2032	11.18	0.405105	0.054859	0.003059	0.000171
0.2032	11.55	0.405105	0.064542	0.015276	0.003616
0.2032	11.92	0.405105	0.080800	0.036035	0.016071
0.2032	12.29	0.405105	0.102332	0.063319	0.039180
0.2032	12.65	0.405105	0.302616	0.107044	0.037865
0.2032	13.02	0.405105	0.529500	0.110056	0.022875
0.2032	13.39	0.405105	0.738011	0.073365	0.007293
0.2032	13.76	0.405105	0.859745	0.032065	0.001196
0.2032	14.12	0.405105	0.859671	0.034136	0.001355
0.2032	14.49	0.405105	0.905217	0.016806	0.000312
0.2032	14.86	0.405105	0.924104	0.007729	0.000065
0.2032	15.22	0.405105	0.934973	0.003555	0.000014
0.2032	15.59	0.405105	0.937347	0.003598	0.000014
0.2032	15.96	0.405105	0.943675	0.002605	0.000007
0.2032	16.33	0.405105	0.947828	0.002381	0.000006
0.2032	16.69	0.405105	0.954014	0.002543	0.000007
0.2032	17.06	0.405105	0.953190	0.001865	0.000004
0.2032	17.43	0.405105	0.957059	0.001537	0.000002
0.2032	17.80	0.405105	0.962994	0.002363	0.000006
0.2032	18.16	0.405105	0.965011	0.001547	0.000002
0.2032	18.53	0.405105	0.963596	0.001713	0.000003
0.2032	18.90	0.405105	0.964835	0.001678	0.000003
0.2032	19.27	0.405105	0.967351	0.001295	0.000002
0.2032	19.63	0.405105	0.966332	0.001306	0.000002
0.2032	20.00	0.405105	0.970394	0.001080	0.000001
0.2357	2.00	0.381367	0.000000	0.000000	0.000000
0.2357	2.37	0.381367	0.000000	0.000000	0.000000
0.2357	2.73	0.381367	0.000000	0.000000	0.000000
0.2357	3.10	0.381367	0.000000	0.000000	0.000000
0.2357	3.47	0.381367	0.000000	0.000000	0.000000
0.2357	3.84	0.381367	0.000000	0.000000	0.000000
0.2357	4.20	0.381367	0.000000	0.000000	0.000000
0.2357	4.57	0.381367	0.000000	0.000000	0.000000
0.2357	4.94	0.381367	0.000000	0.000000	0.000000
0.2357	5.31	0.381367	0.000000	0.000000	0.000000
0.2357	5.67	0.381367	0.000000	0.000000	0.000000
0.2357	6.04	0.381367	0.000000	0.000000	0.000000
0.2357	6.41	0.381367	0.000000	0.000000	0.000000
0.2357	6.78	0.381367	0.000000	0.000000	0.000000
0.2357	7.14	0.381367	0.000000	0.000000	0.000000
0.2357	7.51	0.381367	0.000000	0.000000	0.000000
0.2357	7.88	0.381367	0.000000	0.000000	0.000000
0.2357	8.24	0.381367	0.000000	0.000000	0.000000
0.2357	8.61	0.381367	0.000000	0.000000	0.000000
0.2357	8.98	0.381367	0.000000	0.000000	0.000000
0.2357	9.35	0.381367	0.000000	0.000000	0.000000
0.2357	9.71	0.381367	0.000000	0.000000	0.000000
0.2357	10.08	0.381367	0.000000	0.000000	0.000000
0.2357	10.45	0.381367	0.000000	0.000000	0.000000
0.2357	10.82	0.381367	0.000000	0.000000	0.000000
0.2357	11.18	0.381367	0.000000	0.000000	0.000000
0.2357	11.55	0.381367	0.052718	0.000000	0.000000
0.2357	11.92	0.381367	0.059389	0.006548	0.000722
0.2357	12.29	0.381367	0.071448	0.020292	0.005763
0.2357	12.65	0.381367	0.090705	0.044163	0.021503
0.2357	13.02	0.381367	0.239955	0.111455	0.051769
0.2357	13.39	0.381367	0.577335	0.099024	0.016985
0.2357	13.76	0.381367	0.770989	0.036024	0.001683
0.2357	14.12	0.381367	0.828979	0.028120	0.000954
0.2357	14.49	0.381367	0.876452	0.007642	0.000067
0.2357	14.86	0.381367	0.903928	0.005083	0.000029
0.2357	15.22	0.381367	0.916458	0.005447	0.000032
0.2357	15.59	0.381367	0.926826	0.003206	0.000011
0.2357	15.96	0.381367	0.931922	0.003084	0.000010
0.2357	16.33	0.381367	0.939438	0.002502	0.000007
0.2357	16.69	0.381367	0.939706	0.002513	0.000007
0.2357	17.06	0.381367	0.947750	0.001911	0.000004
0.2357	17.43	0.381367	0.947119	0.001772	0.000003
0.2357	17.80	0.381367	0.952632	0.001628	0.000003
0.2357	18.16	0.381367	0.951974	0.001782	0.000003
0.2357	18.53	0.381367	0.955867	0.001866	0.000004
0.2357	18.90	0.381367	0.957022	0.002003	0.000004
0.2357	19.27	0.381367	0.961540	0.001148	0.000001
0.2357	19.63	0.381367	0.960948	0.001615	0.000003
0.2357	20.00	0.381367	0.963822	0.001119	0.000001
0.2573	2.00	0.383555	0.000000	0.000000	0.000000
0.2573	2.37	0.383555	0.000000	0.000000	0.000000
0.2573	2.73	0.383555	0.000000	0.000000	0.000000
0.2573	3.10	0.383555	0.000000	0.000000	0.000000
0.2573	3.47	0.383555	0.000000	0.000000	0.000000
0.2573	3.84	0.383555	0.000000	0.000000	0.000000
0.2573	4.20	0.383555	0.000000	0.000000	0.000000
0.2573	4.57	0.383555	0.000000	0.000000	0.000000
0.2573	4.94	0.383555	0.000000	0.000000	0.000000
0.2573	5.31	0.383555	0.000000	0.000000	0.000000
0.2573	5.67	0.383555	0.000000	0.000000	0.000000
0.2573	6.04	0.383555	0.000000	0.000000	0.000000
0.2573	6.41	0.383555	0.000000	0.000000	0.000000
0.2573	6.78	0.383555	0.000000	0.000000	0.000000
0.2573	7.14	0.383555	0.000000	0.000000	0.000000
0.2573	7.51	0.383555	0.000000	0.000000	0.000000
0.2573	7.88	0.383555	0.000000	0.000000	0.000000
0.2573	8.24	0.383555	0.000000	0.000000	0.000000
0.2573	8.61	0.383555	0.000000	0.000000	0.000000
0.2573	8.98	0.383555	0.000000	0.000000	0.000000
0.2573	9.35	0.383555	0.000000	0.000000	0.000000
0.2573	9.71	0.383555	0.000000	0.000000	0.000000
0.2573	10.08	0.383555	0.000000	0.000000	0.000000
0.2573	10.45	0.383555	0.000000	0.000000	0.000000
0.2573	10.82	0.383555	0.000000	0.000000	0.000000
0.2573	11.18	0.383555	0.000000	0.000000	0.000000
0.2573	11.55	0.383555	0.057766	0.006811	0.000803
0.2573	11.92	0.383555	0.059672	0.009113	0.001392
0.2573	12.29	0.383555	0.069632	0.020199	0.005860
0.2573	12.65	0.383555	0.116369	0.068534	0.040363
0.2573	13.02	0.383555	0.238761	0.114929	0.055322
0.2573	13.39	0.383555	0.559462	0.084340	0.012714
0.2573	13.76	0.383555	0.728970	0.056186	0.004331
0.2573	14.12	0.383555	0.823331	0.035605	0.001540
0.2573	14.49	0.383555	0.867188	0.021375	0.000527
0.2573	14.86	0.383555	0.902172	0.013573	0.000204
0.2573	15.22	0.383555	0.899733	0.014011	0.000218
0.2573	15.59	0.383555	0.914849	0.009358	0.000096
0.2573	15.96	0.383555	0.926916	0.004005	0.000017
0.2573	16.33	0.383555	0.930209	0.003673	0.000015
0.2573	16.69	0.383555	0.937502	0.002727	0.000008
0.2573	17.06	0.383555	0.941638	0.003225	0.000011
0.2573	17.43	0.383555	0.942281	0.001783	0.000003
0.2573	17.80	0.383555	0.946446	0.001633	0.000003
0.2573	18.16	0.383555	0.946735	0.001964	0.000004
0.2573	18.53	0.383555	0.952093	0.002191	0.000005
0.2573	18.90	0.383555	0.953863	0.001662	0.000003
0.2573	19.27	0.383555	0.950827	0.001730	0.000003
0.2573	19.63	0.383555	0.956968	0.001737	0.000003
0.2573	20.00	0.383555	0.955412	0.001926	0.000004
0.3208	2.00	0.378059	0.000000	0.000000	0.000000
0.3208	2.37	0.378059	0.000000	0.000000	0.000000
0.3208	2.73	0.378059	0.000000	0.000000	0.000000
0.3208	3.10	0.378059	0.000000	0.000000	0.000000
0.3208	3.47	0.378059	0.000000	0.000000	0.000000
0.3208	3.84	0.378059	0.000000	0.000000	0.000000
0.3208	4.20	0.378059	0.000000	0.000000	0.000000
0.3208	4.57	0.378059	0.000000	0.000000	0.000000
0.3208	4.94	0.378059	0.000000	0.000000	0.000000
0.3208	5.31	0.378059	0.000000	0.000000	0.000000
0.3208	5.67	0.378059	0.000000	0.000000	0.000000
0.3208	6.04	0.378059	0.000000	0.000000	0.000000
0.3208	6.41	0.378059	0.000000	0.000000	0.000000
0.3208	6.78	0.378059	0.000000	0.000000	0.000000
0.3208	7.14	0.378059	0.000000	0.000000	0.000000
0.3208	7.51	0.378059	0.000000	0.000000	0.000000
0.3208	7.88	0.378059	0.000000	0.000000	0.000000
0.3208	8.24	0.378059	0.000000	0.000000	0.000000
0.3208	8.61	0.378059	0.000000	0.000000	0.000000
0.3208	8.98	0.378059	0.000000	0.000000	0.000000
0.3208	9.35	0.378059	0.000000	0.000000	0.000000
0.3208	9.71	0.378059	0.000000	0.000000	0.000000
0.3208	10.08	0.378059	0.000000	0.000000	0.000000
0.3208	10.45	0.378059	0.000000	0.000000	0.000000
0.3208	10.82	0.378059	0.000000	0.000000	0.000000
0.3208	11.18	0.378059	0.000000	0.000000	0.000000
0.3208	11.55	0.378059	0.060640	0.008895	0.001305
0.3208	11.92	0.378059	0.066896	0.015728	0.003698
0.3208	12.29	0.378059	0.193416	0.129842	0.087164
0.3208	12.65	0.378059	0.569086	0.110831	0.021585
0.3208	13.02	0.378059	0.708171	0.057869	0.004729
0.3208	13.39	0.378059	0.828213	0.016198	0.000317
0.3208	13.76	0.378059	0.862392	0.008903	0.000092
0.3208	14.12	0.378059	0.885048	0.007039	0.000056
0.3208	14.49	0.378059	0.897727	0.004526	0.000023
0.3208	14.86	0.378059	0.907205	0.006848	0.000052
0.3208	15.22	0.378059	0.913233	0.004982	0.000027
0.3208	15.59	0.378059	0.921564	0.004356	0.000021
0.3208	15.96	0.378059	0.930960	0.003495	0.000013
0.3208	16.33	0.378059	0.934431	0.003079	0.000010
0.3208	16.69	0.378059	0.938118	0.003653	0.000014
0.3208	17.06	0.378059	0.942934	0.002443	0.000006
0.3208	17.43	0.378059	0.946915	0.003017	0.000010
0.3208	17.80	0.378059	0.950611	0.002210	0.000005
0.3208	18.16	0.378059	0.952101	0.002667	0.000007
0.3208	18.53	0.378059	0.955021	0.002563	0.000007
0.3208	18.90	0.378059	0.954574	0.002357	0.000006
0.3208	19.27	0.378059	0.960211	0.002363	0.000006
0.3208	19.63	0.378059	0.961929	0.001561	0.000003
0.3208	20.00	0.378059	0.961049	0.002240	0.000005
0.4544	2.00	0.368352	0.000000	0.000000	0.000000
0.4544	2.37	0.368352	0.000000	0.000000	0.000000
0.4544	2.73	0.368352	0.000000	0.000000	0.000000
0.4544	3.10	0.368352	0.000000	0.000000	0.000000
0.4544	3.47	0.368352	0.000000	0.000000	0.000000
0.4544	3.84	0.368352	0.000000	0.000000	0.000000
0.4544	4.20	0.368352	0.000000	0.000000	0.000000
0.4544	4.57	0.368352	0.000000	0.000000	0.000000
0.4544	4.94	0.368352	0.000000	0.000000	0.000000
0.4544	5.31	0.368352	0.000000	0.000000	0.000000
0.4544	5.67	0.368352	0.000000	0.000000	0.000000
0.4544	6.04	0.368352	0.000000	0.000000	0.000000
0.4544	6.41	0.368352	0.000000	0.000000	0.000000
0.4544	6.78	0.368352	0.000000	0.000000	0.000000
0.4544	7.14	0.368352	0.000000	0.000000	0.000000
0.4544	7.51	0.368352	0.000000	0.000000	0.000000
0.4544	7.88	0.368352	0.000000	0.000000	0.000000
0.4544	8.24	0.368352	0.000000	0.000000	0.000000
0.4544	8.61	0.368352	0.000000	0.000000	0.000000
0.4544	8.98	0.368352	0.000000	0.000000	0.000000
0.4544	9.35	0.368352	0.000000	0.000000	0.000000
0.4544	9.71	0.368352	0.000000	0.000000	0.000000
0.4544	10.08	0.368352	0.000000	0.000000	0.000000
0.4544	10.45	0.368352	0.000000	0.000000	0.000000
0.4544	10.82	0.368352	0.000000	0.000000	0.000000
0.4544	11.18	0.368352	0.052424	0.001694	0.000055
0.4544	11.55	0.368352	0.062293	0.015917	0.004067
0.4544	11.92	0.368352	0.067449	0.018120	0.004868
0.4544	12.29	0.368352	0.104361	0.059753	0.034213
0.4544	12.65	0.368352	0.400704	0.140240	0.049082
0.4544	13.02	0.368352	0.589277	0.121781	0.025167
0.4544	13.39	0.368352	0.763991	0.049771	0.003242
0.4544	13.76	0.368352	0.841476	0.017378	0.000359
0.4544	14.12	0.368352	0.866429	0.007157	0.000059
0.4544	14.49	0.368352	0.893797	0.008008	0.000072
0.4544	14.86	0.368352	0.911357	0.003631	0.000014
0.4544	15.22	0.368352	0.921369	0.002937	0.000009
0.4544	15.59	0.368352	0.923940	0.003628	0.000014
0.4544	15.96	0.368352	0.931097	0.003627	0.000014
0.4544	16.33	0.368352	0.937213	0.002592	0.000007
0.4544	16.69	0.368352	0.942796	0.002399	0.000006
0.4544	17.06	0.368352	0.942946	0.002130	0.000005
0.4544	17.43	0.368352	0.945999	0.002011	0.000004
0.4544	17.80	0.368352	0.950398	0.001943	0.000004
0.4544	18.16	0.368352	0.954124	0.002102	0.000005
0.4544	18.53	0.368352	0.954116	0.001772	0.000003
0.4544	18.90	0.368352	0.957851	0.001680	0.000003
0.4544	19.27	0.368352	0.957627	0.002216	0.000005
0.4544	19.63	0.368352	0.959482	0.001552	0.000003
0.4544	20.00	0.368352	0.959861	0.001420	0.000002
