base_sigma	MAX_EXC_WEIGHT	Gini	mean_peaks_height	std_peaks_height	fano_factor
0.0446	2.00	0.868852	0.000000	0.000000	0.000000
0.0446	2.57	0.868852	0.000000	0.000000	0.000000
0.0446	3.14	0.868852	0.000000	0.000000	0.000000
0.0446	3.71	0.868852	0.000000	0.000000	0.000000
0.0446	4.29	0.868852	0.050302	0.000000	0.000000
0.0446	4.86	0.868852	0.000000	0.000000	0.000000
0.0446	5.43	0.868852	0.000000	0.000000	0.000000
0.0446	6.00	0.868852	0.050302	0.000000	0.000000
0.0446	6.57	0.868852	0.221328	0.318114	0.457223
0.0446	7.14	0.868852	0.266304	0.344423	0.445458
0.0446	7.71	0.868852	0.501868	0.402556	0.322896
0.0446	8.29	0.868852	0.698731	0.350305	0.175623
0.0446	8.86	0.868852	0.897757	0.003756	0.000016
0.0446	9.43	0.868852	0.900889	0.002798	0.000009
0.0446	10.00	0.868852	0.902980	0.003789	0.000016
0.0446	10.57	0.868852	0.903969	0.003716	0.000015
0.0446	11.14	0.868852	0.903995	0.002659	0.000008
0.0446	11.71	0.868852	0.904225	0.002771	0.000008
0.0446	12.29	0.868852	0.905544	0.002321	0.000006
0.0446	12.86	0.868852	0.907662	0.003462	0.000013
0.0446	13.43	0.868852	0.911306	0.002860	0.000009
0.0446	14.00	0.868852	0.909066	0.003103	0.000011
0.0446	14.57	0.868852	0.908610	0.003014	0.000010
0.0446	15.14	0.868852	0.909405	0.002389	0.000006
0.0446	15.71	0.868852	0.908820	0.002584	0.000007
0.0446	16.29	0.868852	0.910735	0.002779	0.000008
0.0446	16.86	0.868852	0.913852	0.002522	0.000007
0.0446	17.43	0.868852	0.912531	0.002640	0.000008
0.0446	18.00	0.868852	0.912354	0.002306	0.000006
0.0446	18.57	0.868852	0.909109	0.002734	0.000008
0.0446	19.14	0.868852	0.909876	0.002463	0.000007
0.0446	19.71	0.868852	0.909065	0.002655	0.000008
0.0446	20.29	0.868852	0.912716	0.002467	0.000007
0.0446	20.86	0.868852	0.912777	0.002229	0.000005
0.0446	21.43	0.868852	0.911381	0.002652	0.000008
0.0446	22.00	0.868852	0.919073	0.002836	0.000009
0.0446	22.57	0.868852	0.911595	0.002142	0.000005
0.0446	23.14	0.868852	0.913287	0.002452	0.000007
0.0446	23.71	0.868852	0.911407	0.002265	0.000006
0.0446	24.29	0.868852	0.916786	0.002426	0.000006
0.0446	24.86	0.868852	0.914885	0.001862	0.000004
0.0446	25.43	0.868852	0.913620	0.002234	0.000005
0.0446	26.00	0.868852	0.908906	0.002618	0.000008
0.0446	26.57	0.868852	0.913220	0.001622	0.000003
0.0446	27.14	0.868852	0.912098	0.001883	0.000004
0.0446	27.71	0.868852	0.916913	0.002384	0.000006
0.0446	28.29	0.868852	0.913444	0.002987	0.000010
0.0446	28.86	0.868852	0.918903	0.001898	0.000004
0.0446	29.43	0.868852	0.911875	0.001824	0.000004
0.0446	30.00	0.868852	0.917674	0.002399	0.000006
0.0513	2.00	0.850307	0.000000	0.000000	0.000000
0.0513	2.57	0.850307	0.000000	0.000000	0.000000
0.0513	3.14	0.850307	0.000000	0.000000	0.000000
0.0513	3.71	0.850307	0.000000	0.000000	0.000000
0.0513	4.29	0.850307	0.000000	0.000000	0.000000
0.0513	4.86	0.850307	0.050100	0.000000	0.000000
0.0513	5.43	0.850307	0.052104	0.001267	0.000031
0.0513	6.00	0.850307	0.053707	0.003206	0.000191
0.0513	6.57	0.850307	0.064701	0.027029	0.011292
0.0513	7.14	0.850307	0.290748	0.275357	0.260780
0.0513	7.71	0.850307	0.462219	0.297636	0.191656
0.0513	8.29	0.850307	0.600451	0.311906	0.162021
0.0513	8.86	0.850307	0.812411	0.152292	0.028548
0.0513	9.43	0.850307	0.833267	0.141309	0.023964
0.0513	10.00	0.850307	0.842748	0.140261	0.023344
0.0513	10.57	0.850307	0.869268	0.003574	0.000015
0.0513	11.14	0.850307	0.874160	0.004656	0.000025
0.0513	11.71	0.850307	0.875007	0.004470	0.000023
0.0513	12.29	0.850307	0.881872	0.003697	0.000015
0.0513	12.86	0.850307	0.882251	0.003208	0.000012
0.0513	13.43	0.850307	0.882197	0.002915	0.000010
0.0513	14.00	0.850307	0.880920	0.003725	0.000016
0.0513	14.57	0.850307	0.883715	0.003394	0.000013
0.0513	15.14	0.850307	0.884664	0.003640	0.000015
0.0513	15.71	0.850307	0.882766	0.003722	0.000016
0.0513	16.29	0.850307	0.883768	0.003098	0.000011
0.0513	16.86	0.850307	0.887068	0.003201	0.000012
0.0513	17.43	0.850307	0.885155	0.002573	0.000007
0.0513	18.00	0.850307	0.885132	0.003510	0.000014
0.0513	18.57	0.850307	0.886902	0.002863	0.000009
0.0513	19.14	0.850307	0.885746	0.003205	0.000012
0.0513	19.71	0.850307	0.888875	0.003431	0.000013
0.0513	20.29	0.850307	0.888322	0.003304	0.000012
0.0513	20.86	0.850307	0.889475	0.002924	0.000010
0.0513	21.43	0.850307	0.889388	0.003781	0.000016
0.0513	22.00	0.850307	0.891453	0.002854	0.000009
0.0513	22.57	0.850307	0.892775	0.003326	0.000012
0.0513	23.14	0.850307	0.889004	0.003055	0.000010
0.0513	23.71	0.850307	0.890802	0.002965	0.000010
0.0513	24.29	0.850307	0.886810	0.002831	0.000009
0.0513	24.86	0.850307	0.891510	0.002762	0.000009
0.0513	25.43	0.850307	0.886856	0.002722	0.000008
0.0513	26.00	0.850307	0.891764	0.002987	0.000010
0.0513	26.57	0.850307	0.885682	0.002683	0.000008
0.0513	27.14	0.850307	0.887436	0.002944	0.000010
0.0513	27.71	0.850307	0.889549	0.002768	0.000009
0.0513	28.29	0.850307	0.890337	0.002624	0.000008
0.0513	28.86	0.850307	0.865594	0.059629	0.004108
0.0513	29.43	0.850307	0.891519	0.002698	0.000008
0.0513	30.00	0.850307	0.892285	0.003163	0.000011
0.0571	2.00	0.848721	0.000000	0.000000	0.000000
0.0571	2.57	0.848721	0.000000	0.000000	0.000000
0.0571	3.14	0.848721	0.000000	0.000000	0.000000
0.0571	3.71	0.848721	0.000000	0.000000	0.000000
0.0571	4.29	0.848721	0.000000	0.000000	0.000000
0.0571	4.86	0.848721	0.000000	0.000000	0.000000
0.0571	5.43	0.848721	0.000000	0.000000	0.000000
0.0571	6.00	0.848721	0.058116	0.000000	0.000000
0.0571	6.57	0.848721	0.061790	0.008456	0.001157
0.0571	7.14	0.848721	0.055826	0.006193	0.000687
0.0571	7.71	0.848721	0.074148	0.049782	0.033423
0.0571	8.29	0.848721	0.202251	0.235234	0.273597
0.0571	8.86	0.848721	0.441149	0.367895	0.306805
0.0571	9.43	0.848721	0.761456	0.340641	0.152388
0.0571	10.00	0.848721	0.883250	0.212292	0.051025
0.0571	10.57	0.848721	0.941702	0.003431	0.000013
0.0571	11.14	0.848721	0.943829	0.004306	0.000020
0.0571	11.71	0.848721	0.947450	0.003570	0.000013
0.0571	12.29	0.848721	0.949196	0.003167	0.000011
0.0571	12.86	0.848721	0.954666	0.002691	0.000008
0.0571	13.43	0.848721	0.955015	0.002669	0.000007
0.0571	14.00	0.848721	0.948634	0.003265	0.000011
0.0571	14.57	0.848721	0.949372	0.002330	0.000006
0.0571	15.14	0.848721	0.950414	0.003326	0.000012
0.0571	15.71	0.848721	0.950451	0.002413	0.000006
0.0571	16.29	0.848721	0.950802	0.002238	0.000005
0.0571	16.86	0.848721	0.952405	0.001778	0.000003
0.0571	17.43	0.848721	0.952455	0.002240	0.000005
0.0571	18.00	0.848721	0.959118	0.001665	0.000003
0.0571	18.57	0.848721	0.959369	0.001615	0.000003
0.0571	19.14	0.848721	0.958841	0.001807	0.000003
0.0571	19.71	0.848721	0.948615	0.002291	0.000006
0.0571	20.29	0.848721	0.948975	0.001917	0.000004
0.0571	20.86	0.848721	0.958818	0.002533	0.000007
0.0571	21.43	0.848721	0.958517	0.002696	0.000008
0.0571	22.00	0.848721	0.956134	0.002825	0.000008
0.0571	22.57	0.848721	0.959594	0.001670	0.000003
0.0571	23.14	0.848721	0.959040	0.001717	0.000003
0.0571	23.71	0.848721	0.951595	0.002106	0.000005
0.0571	24.29	0.848721	0.958893	0.001979	0.000004
0.0571	24.86	0.848721	0.956925	0.001873	0.000004
0.0571	25.43	0.848721	0.960772	0.001239	0.000002
0.0571	26.00	0.848721	0.952578	0.002330	0.000006
0.0571	26.57	0.848721	0.963503	0.001768	0.000003
0.0571	27.14	0.848721	0.955952	0.001910	0.000004
0.0571	27.71	0.848721	0.955931	0.002466	0.000006
0.0571	28.29	0.848721	0.958265	0.002348	0.000006
0.0571	28.86	0.848721	0.959557	0.002045	0.000004
0.0571	29.43	0.848721	0.956933	0.002154	0.000005
0.0571	30.00	0.848721	0.957111	0.001484	0.000002
0.0622	2.00	0.825396	0.000000	0.000000	0.000000
0.0622	2.57	0.825396	0.000000	0.000000	0.000000
0.0622	3.14	0.825396	0.000000	0.000000	0.000000
0.0622	3.71	0.825396	0.000000	0.000000	0.000000
0.0622	4.29	0.825396	0.000000	0.000000	0.000000
0.0622	4.86	0.825396	0.054217	0.000000	0.000000
0.0622	5.43	0.825396	0.064257	0.000000	0.000000
0.0622	6.00	0.825396	0.051205	0.001004	0.000020
0.0622	6.57	0.825396	0.052432	0.002583	0.000127
0.0622	7.14	0.825396	0.108880	0.185725	0.316806
0.0622	7.71	0.825396	0.329226	0.376341	0.430199
0.0622	8.29	0.825396	0.476119	0.408401	0.350314
0.0622	8.86	0.825396	0.774598	0.289231	0.107997
0.0622	9.43	0.825396	0.842596	0.201272	0.048078
0.0622	10.00	0.825396	0.898951	0.003897	0.000017
0.0622	10.57	0.825396	0.907448	0.003473	0.000013
0.0622	11.14	0.825396	0.909294	0.003639	0.000015
0.0622	11.71	0.825396	0.910141	0.002476	0.000007
0.0622	12.29	0.825396	0.903670	0.003526	0.000014
0.0622	12.86	0.825396	0.905450	0.003161	0.000011
0.0622	13.43	0.825396	0.911981	0.001980	0.000004
0.0622	14.00	0.825396	0.913320	0.002436	0.000006
0.0622	14.57	0.825396	0.909947	0.003168	0.000011
0.0622	15.14	0.825396	0.909321	0.002503	0.000007
0.0622	15.71	0.825396	0.915715	0.003175	0.000011
0.0622	16.29	0.825396	0.916918	0.002606	0.000007
0.0622	16.86	0.825396	0.889468	0.134476	0.020331
0.0622	17.43	0.825396	0.913055	0.002550	0.000007
0.0622	18.00	0.825396	0.916466	0.002813	0.000009
0.0622	18.57	0.825396	0.915513	0.002761	0.000008
0.0622	19.14	0.825396	0.915082	0.002542	0.000007
0.0622	19.71	0.825396	0.916140	0.003195	0.000011
0.0622	20.29	0.825396	0.914865	0.002695	0.000008
0.0622	20.86	0.825396	0.912824	0.002408	0.000006
0.0622	21.43	0.825396	0.916584	0.002212	0.000005
0.0622	22.00	0.825396	0.857595	0.196524	0.045035
0.0622	22.57	0.825396	0.910057	0.001785	0.000003
0.0622	23.14	0.825396	0.914703	0.002509	0.000007
0.0622	23.71	0.825396	0.915506	0.002648	0.000008
0.0622	24.29	0.825396	0.913401	0.001916	0.000004
0.0622	24.86	0.825396	0.915341	0.002101	0.000005
0.0622	25.43	0.825396	0.915763	0.002562	0.000007
0.0622	26.00	0.825396	0.915911	0.002363	0.000006
0.0622	26.57	0.825396	0.916740	0.002340	0.000006
0.0622	27.14	0.825396	0.913788	0.001945	0.000004
0.0622	27.71	0.825396	0.917173	0.002352	0.000006
0.0622	28.29	0.825396	0.914111	0.002447	0.000007
0.0622	28.86	0.825396	0.916109	0.002189	0.000005
0.0622	29.43	0.825396	0.917904	0.002304	0.000006
0.0622	30.00	0.825396	0.918659	0.002064	0.000005
0.0671	2.00	0.831183	0.000000	0.000000	0.000000
0.0671	2.57	0.831183	0.000000	0.000000	0.000000
0.0671	3.14	0.831183	0.000000	0.000000	0.000000
0.0671	3.71	0.831183	0.000000	0.000000	0.000000
0.0671	4.29	0.831183	0.000000	0.000000	0.000000
0.0671	4.86	0.831183	0.000000	0.000000	0.000000
0.0671	5.43	0.831183	0.000000	0.000000	0.000000
0.0671	6.00	0.831183	0.000000	0.000000	0.000000
0.0671	6.57	0.831183	0.070281	0.020080	0.005737
0.0671	7.14	0.831183	0.123768	0.214919	0.373199
0.0671	7.71	0.831183	0.437177	0.375401	0.322354
0.0671	8.29	0.831183	0.507530	0.380274	0.284925
0.0671	8.86	0.831183	0.783750	0.209498	0.055999
0.0671	9.43	0.831183	0.824848	0.140085	0.023791
0.0671	10.00	0.831183	0.852610	0.003866	0.000018
0.0671	10.57	0.831183	0.855848	0.004497	0.000024
0.0671	11.14	0.831183	0.858405	0.004638	0.000025
0.0671	11.71	0.831183	0.864569	0.004056	0.000019
0.0671	12.29	0.831183	0.865518	0.003741	0.000016
0.0671	12.86	0.831183	0.867199	0.004020	0.000019
0.0671	13.43	0.831183	0.860632	0.004162	0.000020
0.0671	14.00	0.831183	0.860252	0.003947	0.000018
0.0671	14.57	0.831183	0.846109	0.128388	0.019482
0.0671	15.14	0.831183	0.846604	0.127267	0.019132
0.0671	15.71	0.831183	0.844224	0.136405	0.022040
0.0671	16.29	0.831183	0.835911	0.151808	0.027569
0.0671	16.86	0.831183	0.866192	0.003823	0.000017
0.0671	17.43	0.831183	0.867126	0.002839	0.000009
0.0671	18.00	0.831183	0.867074	0.003243	0.000012
0.0671	18.57	0.831183	0.869966	0.003891	0.000017
0.0671	19.14	0.831183	0.867018	0.003094	0.000011
0.0671	19.71	0.831183	0.868693	0.003340	0.000013
0.0671	20.29	0.831183	0.862174	0.003516	0.000014
0.0671	20.86	0.831183	0.866681	0.002890	0.000010
0.0671	21.43	0.831183	0.862798	0.003113	0.000011
0.0671	22.00	0.831183	0.862450	0.002971	0.000010
0.0671	22.57	0.831183	0.866006	0.003312	0.000013
0.0671	23.14	0.831183	0.862932	0.004140	0.000020
0.0671	23.71	0.831183	0.868833	0.003607	0.000015
0.0671	24.29	0.831183	0.864674	0.003171	0.000012
0.0671	24.86	0.831183	0.867236	0.003373	0.000013
0.0671	25.43	0.831183	0.869123	0.003252	0.000012
0.0671	26.00	0.831183	0.868016	0.003217	0.000012
0.0671	26.57	0.831183	0.867618	0.003000	0.000010
0.0671	27.14	0.831183	0.867972	0.002923	0.000010
0.0671	27.71	0.831183	0.864763	0.002727	0.000009
0.0671	28.29	0.831183	0.865271	0.002740	0.000009
0.0671	28.86	0.831183	0.867328	0.002923	0.000010
0.0671	29.43	0.831183	0.870915	0.003084	0.000011
0.0671	30.00	0.831183	0.870768	0.003207	0.000012
0.0718	2.00	0.769514	0.000000	0.000000	0.000000
0.0718	2.57	0.769514	0.000000	0.000000	0.000000
0.0718	3.14	0.769514	0.000000	0.000000	0.000000
0.0718	3.71	0.769514	0.000000	0.000000	0.000000
0.0718	4.29	0.769514	0.000000	0.000000	0.000000
0.0718	4.86	0.769514	0.000000	0.000000	0.000000
0.0718	5.43	0.769514	0.000000	0.000000	0.000000
0.0718	6.00	0.769514	0.000000	0.000000	0.000000
0.0718	6.57	0.769514	0.000000	0.000000	0.000000
0.0718	7.14	0.769514	0.060729	0.010121	0.001687
0.0718	7.71	0.769514	0.074320	0.032311	0.014047
0.0718	8.29	0.769514	0.203152	0.233221	0.267741
0.0718	8.86	0.769514	0.377264	0.349696	0.324142
0.0718	9.43	0.769514	0.624883	0.345028	0.190506
0.0718	10.00	0.769514	0.801685	0.194365	0.047123
0.0718	10.57	0.769514	0.823410	0.183694	0.040980
0.0718	11.14	0.769514	0.873451	0.008068	0.000075
0.0718	11.71	0.769514	0.878600	0.003916	0.000017
0.0718	12.29	0.769514	0.876576	0.004204	0.000020
0.0718	12.86	0.769514	0.878652	0.003964	0.000018
0.0718	13.43	0.769514	0.881046	0.003842	0.000017
0.0718	14.00	0.769514	0.889650	0.003365	0.000013
0.0718	14.57	0.769514	0.890283	0.003393	0.000013
0.0718	15.14	0.769514	0.891296	0.003423	0.000013
0.0718	15.71	0.769514	0.895723	0.003487	0.000014
0.0718	16.29	0.769514	0.897470	0.003775	0.000016
0.0718	16.86	0.769514	0.896086	0.003705	0.000015
0.0718	17.43	0.769514	0.896917	0.003349	0.000013
0.0718	18.00	0.769514	0.892510	0.003616	0.000015
0.0718	18.57	0.769514	0.893799	0.003036	0.000010
0.0718	19.14	0.769514	0.896709	0.003058	0.000010
0.0718	19.71	0.769514	0.896346	0.003012	0.000010
0.0718	20.29	0.769514	0.897205	0.002915	0.000009
0.0718	20.86	0.769514	0.897995	0.003342	0.000012
0.0718	21.43	0.769514	0.896909	0.003012	0.000010
0.0718	22.00	0.769514	0.897436	0.003318	0.000012
0.0718	22.57	0.769514	0.896954	0.003260	0.000012
0.0718	23.14	0.769514	0.897313	0.002545	0.000007
0.0718	23.71	0.769514	0.902523	0.002937	0.000010
0.0718	24.29	0.769514	0.902491	0.002717	0.000008
0.0718	24.86	0.769514	0.891797	0.089627	0.009008
0.0718	25.43	0.769514	0.895717	0.002964	0.000010
0.0718	26.00	0.769514	0.903102	0.002699	0.000008
0.0718	26.57	0.769514	0.904525	0.002461	0.000007
0.0718	27.14	0.769514	0.899384	0.003157	0.000011
0.0718	27.71	0.769514	0.895806	0.003408	0.000013
0.0718	28.29	0.769514	0.901983	0.003489	0.000013
0.0718	28.86	0.769514	0.898045	0.002813	0.000009
0.0718	29.43	0.769514	0.897803	0.003115	0.000011
0.0718	30.00	0.769514	0.899374	0.001975	0.000004
0.0764	2.00	0.805857	0.000000	0.000000	0.000000
0.0764	2.57	0.805857	0.000000	0.000000	0.000000
0.0764	3.14	0.805857	0.000000	0.000000	0.000000
0.0764	3.71	0.805857	0.000000	0.000000	0.000000
0.0764	4.29	0.805857	0.000000	0.000000	0.000000
0.0764	4.86	0.805857	0.000000	0.000000	0.000000
0.0764	5.43	0.805857	0.000000	0.000000	0.000000
0.0764	6.00	0.805857	0.052314	0.000000	0.000000
0.0764	6.57	0.805857	0.052314	0.001643	0.000052
0.0764	7.14	0.805857	0.056785	0.008785	0.001359
0.0764	7.71	0.805857	0.060865	0.010031	0.001653
0.0764	8.29	0.805857	0.164517	0.240872	0.352664
0.0764	8.86	0.805857	0.250658	0.336403	0.451480
0.0764	9.43	0.805857	0.495473	0.409212	0.337968
0.0764	10.00	0.805857	0.770624	0.295450	0.113273
0.0764	10.57	0.805857	0.914452	0.005430	0.000032
0.0764	11.14	0.805857	0.917505	0.010196	0.000113
0.0764	11.71	0.805857	0.922284	0.004231	0.000019
0.0764	12.29	0.805857	0.929163	0.003039	0.000010
0.0764	12.86	0.805857	0.930013	0.003474	0.000013
0.0764	13.43	0.805857	0.931916	0.003485	0.000013
0.0764	14.00	0.805857	0.930954	0.003753	0.000015
0.0764	14.57	0.805857	0.932312	0.003659	0.000014
0.0764	15.14	0.805857	0.928624	0.003255	0.000011
0.0764	15.71	0.805857	0.929939	0.002729	0.000008
0.0764	16.29	0.805857	0.928989	0.002712	0.000008
0.0764	16.86	0.805857	0.929528	0.002793	0.000008
0.0764	17.43	0.805857	0.930019	0.002863	0.000009
0.0764	18.00	0.805857	0.934224	0.002128	0.000005
0.0764	18.57	0.805857	0.934583	0.002398	0.000006
0.0764	19.14	0.805857	0.938166	0.001989	0.000004
0.0764	19.71	0.805857	0.938009	0.002023	0.000004
0.0764	20.29	0.805857	0.934849	0.003062	0.000010
0.0764	20.86	0.805857	0.935966	0.001955	0.000004
0.0764	21.43	0.805857	0.937184	0.002331	0.000006
0.0764	22.00	0.805857	0.908404	0.141451	0.022026
0.0764	22.57	0.805857	0.933464	0.002712	0.000008
0.0764	23.14	0.805857	0.935534	0.001970	0.000004
0.0764	23.71	0.805857	0.932797	0.002029	0.000004
0.0764	24.29	0.805857	0.936463	0.002633	0.000007
0.0764	24.86	0.805857	0.927614	0.002244	0.000005
0.0764	25.43	0.805857	0.937554	0.001848	0.000004
0.0764	26.00	0.805857	0.935352	0.001928	0.000004
0.0764	26.57	0.805857	0.931911	0.001744	0.000003
0.0764	27.14	0.805857	0.935722	0.002073	0.000005
0.0764	27.71	0.805857	0.934728	0.001916	0.000004
0.0764	28.29	0.805857	0.931721	0.002072	0.000005
0.0764	28.86	0.805857	0.940476	0.002243	0.000005
0.0764	29.43	0.805857	0.937108	0.001913	0.000004
0.0764	30.00	0.805857	0.937865	0.001947	0.000004
0.0811	2.00	0.818816	0.000000	0.000000	0.000000
0.0811	2.57	0.818816	0.000000	0.000000	0.000000
0.0811	3.14	0.818816	0.000000	0.000000	0.000000
0.0811	3.71	0.818816	0.000000	0.000000	0.000000
0.0811	4.29	0.818816	0.000000	0.000000	0.000000
0.0811	4.86	0.818816	0.000000	0.000000	0.000000
0.0811	5.43	0.818816	0.000000	0.000000	0.000000
0.0811	6.00	0.818816	0.062918	0.012306	0.002407
0.0811	6.57	0.818816	0.314166	0.274406	0.239679
0.0811	7.14	0.818816	0.577250	0.241052	0.100660
0.0811	7.71	0.818816	0.740964	0.021260	0.000610
0.0811	8.29	0.818816	0.780009	0.011350	0.000165
0.0811	8.86	0.818816	0.804791	0.009254	0.000106
0.0811	9.43	0.818816	0.807831	0.009839	0.000120
0.0811	10.00	0.818816	0.827912	0.010202	0.000126
0.0811	10.57	0.818816	0.838353	0.011911	0.000169
0.0811	11.14	0.818816	0.850675	0.011728	0.000162
0.0811	11.71	0.818816	0.861081	0.005312	0.000033
0.0811	12.29	0.818816	0.847103	0.019687	0.000458
0.0811	12.86	0.818816	0.834527	0.121736	0.017758
0.0811	13.43	0.818816	0.860442	0.014553	0.000246
0.0811	14.00	0.818816	0.863982	0.009129	0.000096
0.0811	14.57	0.818816	0.869108	0.006331	0.000046
0.0811	15.14	0.818816	0.879677	0.003946	0.000018
0.0811	15.71	0.818816	0.856800	0.132043	0.020350
0.0811	16.29	0.818816	0.887154	0.004081	0.000019
0.0811	16.86	0.818816	0.879940	0.003481	0.000014
0.0811	17.43	0.818816	0.878633	0.003038	0.000011
0.0811	18.00	0.818816	0.886235	0.002980	0.000010
0.0811	18.57	0.818816	0.884384	0.003722	0.000016
0.0811	19.14	0.818816	0.879602	0.003239	0.000012
0.0811	19.71	0.818816	0.878240	0.003865	0.000017
0.0811	20.29	0.818816	0.887854	0.002916	0.000010
0.0811	20.86	0.818816	0.887374	0.003060	0.000011
0.0811	21.43	0.818816	0.881398	0.003715	0.000016
0.0811	22.00	0.818816	0.885867	0.003384	0.000013
0.0811	22.57	0.818816	0.884046	0.003586	0.000015
0.0811	23.14	0.818816	0.882042	0.002858	0.000009
0.0811	23.71	0.818816	0.891098	0.002829	0.000009
0.0811	24.29	0.818816	0.890751	0.002350	0.000006
0.0811	24.86	0.818816	0.887666	0.002610	0.000008
0.0811	25.43	0.818816	0.896568	0.002704	0.000008
0.0811	26.00	0.818816	0.884241	0.039956	0.001805
0.0811	26.57	0.818816	0.877094	0.077328	0.006818
0.0811	27.14	0.818816	0.881579	0.038998	0.001725
0.0811	27.71	0.818816	0.888634	0.003070	0.000011
0.0811	28.29	0.818816	0.873909	0.090624	0.009398
0.0811	28.86	0.818816	0.817917	0.151584	0.028093
0.0811	29.43	0.818816	0.777108	0.165102	0.035077
0.0811	30.00	0.818816	0.832987	0.138694	0.023093
0.0858	2.00	0.766165	0.000000	0.000000	0.000000
0.0858	2.57	0.766165	0.000000	0.000000	0.000000
0.0858	3.14	0.766165	0.052525	0.000000	0.000000
0.0858	3.71	0.766165	0.054545	0.000000	0.000000
0.0858	4.29	0.766165	0.052525	0.000000	0.000000
0.0858	4.86	0.766165	0.056566	0.000000	0.000000
0.0858	5.43	0.766165	0.000000	0.000000	0.000000
0.0858	6.00	0.766165	0.051515	0.001010	0.000020
0.0858	6.57	0.766165	0.055556	0.003030	0.000165
0.0858	7.14	0.766165	0.054545	0.005268	0.000509
0.0858	7.71	0.766165	0.056566	0.006624	0.000776
0.0858	8.29	0.766165	0.079012	0.048843	0.030193
0.0858	8.86	0.766165	0.084560	0.050542	0.030209
0.0858	9.43	0.766165	0.194444	0.217331	0.242911
0.0858	10.00	0.766165	0.380344	0.355966	0.333150
0.0858	10.57	0.766165	0.789348	0.299024	0.113278
0.0858	11.14	0.766165	0.904377	0.147122	0.023934
0.0858	11.71	0.766165	0.940345	0.003834	0.000016
0.0858	12.29	0.766165	0.933951	0.003461	0.000013
0.0858	12.86	0.766165	0.936719	0.003153	0.000011
0.0858	13.43	0.766165	0.939553	0.004103	0.000018
0.0858	14.00	0.766165	0.950027	0.003785	0.000015
0.0858	14.57	0.766165	0.951994	0.004309	0.000020
0.0858	15.14	0.766165	0.953687	0.003043	0.000010
0.0858	15.71	0.766165	0.960101	0.002464	0.000006
0.0858	16.29	0.766165	0.960089	0.002849	0.000008
0.0858	16.86	0.766165	0.954176	0.003105	0.000010
0.0858	17.43	0.766165	0.955950	0.003520	0.000013
0.0858	18.00	0.766165	0.958315	0.002264	0.000005
0.0858	18.57	0.766165	0.958538	0.002899	0.000009
0.0858	19.14	0.766165	0.958906	0.003297	0.000011
0.0858	19.71	0.766165	0.958844	0.003567	0.000013
0.0858	20.29	0.766165	0.968761	0.002323	0.000006
0.0858	20.86	0.766165	0.969598	0.002273	0.000005
0.0858	21.43	0.766165	0.960510	0.002760	0.000008
0.0858	22.00	0.766165	0.960943	0.002145	0.000005
0.0858	22.57	0.766165	0.964454	0.002825	0.000008
0.0858	23.14	0.766165	0.965657	0.002926	0.000009
0.0858	23.71	0.766165	0.968219	0.002362	0.000006
0.0858	24.29	0.766165	0.966617	0.003030	0.000009
0.0858	24.86	0.766165	0.966927	0.003062	0.000010
0.0858	25.43	0.766165	0.971960	0.002033	0.000004
0.0858	26.00	0.766165	0.963669	0.002148	0.000005
0.0858	26.57	0.766165	0.960557	0.002755	0.000008
0.0858	27.14	0.766165	0.962852	0.002104	0.000005
0.0858	27.71	0.766165	0.963479	0.002962	0.000009
0.0858	28.29	0.766165	0.964130	0.002521	0.000007
0.0858	28.86	0.766165	0.966677	0.002074	0.000004
0.0858	29.43	0.766165	0.965106	0.002579	0.000007
0.0858	30.00	0.766165	0.969346	0.001944	0.000004
0.0904	2.00	0.780757	0.000000	0.000000	0.000000
0.0904	2.57	0.780757	0.000000	0.000000	0.000000
0.0904	3.14	0.780757	0.000000	0.000000	0.000000
0.0904	3.71	0.780757	0.050813	0.000000	0.000000
0.0904	4.29	0.780757	0.050813	0.000000	0.000000
0.0904	4.86	0.780757	0.000000	0.000000	0.000000
0.0904	5.43	0.780757	0.050813	0.000000	0.000000
0.0904	6.00	0.780757	0.000000	0.000000	0.000000
0.0904	6.57	0.780757	0.055556	0.002535	0.000116
0.0904	7.14	0.780757	0.085366	0.058397	0.039949
0.0904	7.71	0.780757	0.165169	0.240649	0.350623
0.0904	8.29	0.780757	0.534045	0.401254	0.301482
0.0904	8.86	0.780757	0.672909	0.352524	0.184681
0.0904	9.43	0.780757	0.831150	0.217887	0.057119
0.0904	10.00	0.780757	0.871164	0.147247	0.024888
0.0904	10.57	0.780757	0.904090	0.003851	0.000016
0.0904	11.14	0.780757	0.907058	0.004539	0.000023
0.0904	11.71	0.780757	0.908297	0.003843	0.000016
0.0904	12.29	0.780757	0.912884	0.003777	0.000016
0.0904	12.86	0.780757	0.916117	0.004322	0.000020
0.0904	13.43	0.780757	0.912931	0.003325	0.000012
0.0904	14.00	0.780757	0.914206	0.002955	0.000010
0.0904	14.57	0.780757	0.914902	0.003028	0.000010
0.0904	15.14	0.780757	0.918370	0.003676	0.000015
0.0904	15.71	0.780757	0.919360	0.002626	0.000008
0.0904	16.29	0.780757	0.921201	0.002702	0.000008
0.0904	16.86	0.780757	0.921513	0.002140	0.000005
0.0904	17.43	0.780757	0.921618	0.003081	0.000010
0.0904	18.00	0.780757	0.922205	0.002610	0.000007
0.0904	18.57	0.780757	0.918699	0.002837	0.000009
0.0904	19.14	0.780757	0.919715	0.002083	0.000005
0.0904	19.71	0.780757	0.909654	0.082716	0.007521
0.0904	20.29	0.780757	0.922963	0.002367	0.000006
0.0904	20.86	0.780757	0.917283	0.002763	0.000008
0.0904	21.43	0.780757	0.924824	0.002806	0.000009
0.0904	22.00	0.780757	0.921361	0.002624	0.000007
0.0904	22.57	0.780757	0.916054	0.091006	0.009041
0.0904	23.14	0.780757	0.925958	0.002515	0.000007
0.0904	23.71	0.780757	0.920393	0.002547	0.000007
0.0904	24.29	0.780757	0.923261	0.002055	0.000005
0.0904	24.86	0.780757	0.923536	0.003114	0.000010
0.0904	25.43	0.780757	0.922534	0.002720	0.000008
0.0904	26.00	0.780757	0.922704	0.002853	0.000009
0.0904	26.57	0.780757	0.925785	0.003269	0.000012
0.0904	27.14	0.780757	0.921113	0.002313	0.000006
0.0904	27.71	0.780757	0.921981	0.003077	0.000010
0.0904	28.29	0.780757	0.926810	0.002787	0.000008
0.0904	28.86	0.780757	0.923482	0.001874	0.000004
0.0904	29.43	0.780757	0.924887	0.002709	0.000008
0.0904	30.00	0.780757	0.926466	0.002459	0.000007
0.0949	2.00	0.712520	0.000000	0.000000	0.000000
0.0949	2.57	0.712520	0.000000	0.000000	0.000000
0.0949	3.14	0.712520	0.000000	0.000000	0.000000
0.0949	3.71	0.712520	0.000000	0.000000	0.000000
0.0949	4.29	0.712520	0.000000	0.000000	0.000000
0.0949	4.86	0.712520	0.000000	0.000000	0.000000
0.0949	5.43	0.712520	0.000000	0.000000	0.000000
0.0949	6.00	0.712520	0.000000	0.000000	0.000000
0.0949	6.57	0.712520	0.000000	0.000000	0.000000
0.0949	7.14	0.712520	0.000000	0.000000	0.000000
0.0949	7.71	0.712520	0.053213	0.003012	0.000170
0.0949	8.29	0.712520	0.052610	0.003894	0.000288
0.0949	8.86	0.712520	0.093824	0.066768	0.047514
0.0949	9.43	0.712520	0.166788	0.200436	0.240871
0.0949	10.00	0.712520	0.346330	0.309118	0.275905
0.0949	10.57	0.712520	0.704380	0.306683	0.133528
0.0949	11.14	0.712520	0.862906	0.140496	0.022875
0.0949	11.71	0.712520	0.897408	0.020534	0.000470
0.0949	12.29	0.712520	0.886156	0.139004	0.021805
0.0949	12.86	0.712520	0.918005	0.004058	0.000018
0.0949	13.43	0.712520	0.920167	0.003889	0.000016
0.0949	14.00	0.712520	0.924329	0.004250	0.000020
0.0949	14.57	0.712520	0.923334	0.004263	0.000020
0.0949	15.14	0.712520	0.924622	0.003274	0.000012
0.0949	15.71	0.712520	0.930773	0.002375	0.000006
0.0949	16.29	0.712520	0.930974	0.002276	0.000006
0.0949	16.86	0.712520	0.930600	0.002736	0.000008
0.0949	17.43	0.712520	0.930943	0.003101	0.000010
0.0949	18.00	0.712520	0.932168	0.002567	0.000007
0.0949	18.57	0.712520	0.932853	0.002550	0.000007
0.0949	19.14	0.712520	0.932315	0.002398	0.000006
0.0949	19.71	0.712520	0.932608	0.002550	0.000007
0.0949	20.29	0.712520	0.940039	0.003371	0.000012
0.0949	20.86	0.712520	0.941432	0.002803	0.000008
0.0949	21.43	0.712520	0.934519	0.003101	0.000010
0.0949	22.00	0.712520	0.934861	0.002841	0.000009
0.0949	22.57	0.712520	0.937751	0.001983	0.000004
0.0949	23.14	0.712520	0.937996	0.001839	0.000004
0.0949	23.71	0.712520	0.936869	0.002588	0.000007
0.0949	24.29	0.712520	0.939877	0.001883	0.000004
0.0949	24.86	0.712520	0.927346	0.101589	0.011129
0.0949	25.43	0.712520	0.939044	0.002428	0.000006
0.0949	26.00	0.712520	0.934882	0.002197	0.000005
0.0949	26.57	0.712520	0.943873	0.002386	0.000006
0.0949	27.14	0.712520	0.940583	0.002660	0.000008
0.0949	27.71	0.712520	0.929145	0.096179	0.009956
0.0949	28.29	0.712520	0.938102	0.002002	0.000004
0.0949	28.86	0.712520	0.940632	0.002614	0.000007
0.0949	29.43	0.712520	0.940392	0.002099	0.000005
0.0949	30.00	0.712520	0.940357	0.001849	0.000004
0.0992	2.00	0.723656	0.000000	0.000000	0.000000
0.0992	2.57	0.723656	0.000000	0.000000	0.000000
0.0992	3.14	0.723656	0.000000	0.000000	0.000000
0.0992	3.71	0.723656	0.000000	0.000000	0.000000
0.0992	4.29	0.723656	0.000000	0.000000	0.000000
0.0992	4.86	0.723656	0.000000	0.000000	0.000000
0.0992	5.43	0.723656	0.000000	0.000000	0.000000
0.0992	6.00	0.723656	0.000000	0.000000	0.000000
0.0992	6.57	0.723656	0.051829	0.001016	0.000020
0.0992	7.14	0.723656	0.055168	0.002755	0.000138
0.0992	7.71	0.723656	0.254435	0.308400	0.373812
0.0992	8.29	0.723656	0.346109	0.354394	0.362878
0.0992	8.86	0.723656	0.552767	0.359855	0.234268
0.0992	9.43	0.723656	0.716246	0.261729	0.095640
0.0992	10.00	0.723656	0.830502	0.010182	0.000125
0.0992	10.57	0.723656	0.835429	0.010616	0.000135
0.0992	11.14	0.723656	0.844974	0.006235	0.000046
0.0992	11.71	0.723656	0.826897	0.124733	0.018815
0.0992	12.29	0.723656	0.849477	0.006371	0.000048
0.0992	12.86	0.723656	0.851626	0.004545	0.000024
0.0992	13.43	0.723656	0.854140	0.005160	0.000031
0.0992	14.00	0.723656	0.854647	0.004925	0.000028
0.0992	14.57	0.723656	0.857943	0.003466	0.000014
0.0992	15.14	0.723656	0.858633	0.003152	0.000012
0.0992	15.71	0.723656	0.860694	0.003874	0.000017
0.0992	16.29	0.723656	0.862518	0.004129	0.000020
0.0992	16.86	0.723656	0.860010	0.003555	0.000015
0.0992	17.43	0.723656	0.865244	0.003377	0.000013
0.0992	18.00	0.723656	0.865600	0.003497	0.000014
0.0992	18.57	0.723656	0.867305	0.004384	0.000022
0.0992	19.14	0.723656	0.869609	0.004425	0.000023
0.0992	19.71	0.723656	0.867737	0.004099	0.000019
0.0992	20.29	0.723656	0.864058	0.003342	0.000013
0.0992	20.86	0.723656	0.871181	0.003315	0.000013
0.0992	21.43	0.723656	0.871690	0.004207	0.000020
0.0992	22.00	0.723656	0.871494	0.003476	0.000014
0.0992	22.57	0.723656	0.866350	0.003366	0.000013
0.0992	23.14	0.723656	0.869233	0.003460	0.000014
0.0992	23.71	0.723656	0.859200	0.002880	0.000010
0.0992	24.29	0.723656	0.867909	0.004036	0.000019
0.0992	24.86	0.723656	0.873941	0.003903	0.000017
0.0992	25.43	0.723656	0.864148	0.075563	0.006607
0.0992	26.00	0.723656	0.873352	0.004442	0.000023
0.0992	26.57	0.723656	0.871553	0.003284	0.000012
0.0992	27.14	0.723656	0.864614	0.003187	0.000012
0.0992	27.71	0.723656	0.879176	0.003139	0.000011
0.0992	28.29	0.723656	0.870124	0.003383	0.000013
0.0992	28.86	0.723656	0.874607	0.003512	0.000014
0.0992	29.43	0.723656	0.872369	0.004530	0.000024
0.0992	30.00	0.723656	0.865373	0.003797	0.000017
0.1031	2.00	0.707337	0.000000	0.000000	0.000000
0.1031	2.57	0.707337	0.000000	0.000000	0.000000
0.1031	3.14	0.707337	0.000000	0.000000	0.000000
0.1031	3.71	0.707337	0.000000	0.000000	0.000000
0.1031	4.29	0.707337	0.000000	0.000000	0.000000
0.1031	4.86	0.707337	0.000000	0.000000	0.000000
0.1031	5.43	0.707337	0.000000	0.000000	0.000000
0.1031	6.00	0.707337	0.000000	0.000000	0.000000
0.1031	6.57	0.707337	0.000000	0.000000	0.000000
0.1031	7.14	0.707337	0.050403	0.000000	0.000000
0.1031	7.71	0.707337	0.057796	0.006232	0.000672
0.1031	8.29	0.707337	0.072581	0.049464	0.033710
0.1031	8.86	0.707337	0.120256	0.137641	0.157538
0.1031	9.43	0.707337	0.529964	0.353278	0.235498
0.1031	10.00	0.707337	0.591793	0.347783	0.204384
0.1031	10.57	0.707337	0.770035	0.222967	0.064561
0.1031	11.14	0.707337	0.851752	0.006494	0.000050
0.1031	11.71	0.707337	0.866402	0.005296	0.000032
0.1031	12.29	0.707337	0.867216	0.004965	0.000028
0.1031	12.86	0.707337	0.871295	0.004860	0.000027
0.1031	13.43	0.707337	0.873727	0.004325	0.000021
0.1031	14.00	0.707337	0.876292	0.004508	0.000023
0.1031	14.57	0.707337	0.877326	0.003862	0.000017
0.1031	15.14	0.707337	0.878427	0.004818	0.000026
0.1031	15.71	0.707337	0.880901	0.003762	0.000016
0.1031	16.29	0.707337	0.880040	0.004156	0.000020
0.1031	16.86	0.707337	0.882573	0.004974	0.000028
0.1031	17.43	0.707337	0.881192	0.004517	0.000023
0.1031	18.00	0.707337	0.885031	0.003631	0.000015
0.1031	18.57	0.707337	0.886857	0.003525	0.000014
0.1031	19.14	0.707337	0.888681	0.003423	0.000013
0.1031	19.71	0.707337	0.889161	0.003307	0.000012
0.1031	20.29	0.707337	0.887145	0.003614	0.000015
0.1031	20.86	0.707337	0.887933	0.004007	0.000018
0.1031	21.43	0.707337	0.883605	0.002921	0.000010
0.1031	22.00	0.707337	0.884343	0.003077	0.000011
0.1031	22.57	0.707337	0.890543	0.003538	0.000014
0.1031	23.14	0.707337	0.891701	0.003578	0.000014
0.1031	23.71	0.707337	0.892906	0.003507	0.000014
0.1031	24.29	0.707337	0.888793	0.003044	0.000010
0.1031	24.86	0.707337	0.894892	0.003872	0.000017
0.1031	25.43	0.707337	0.896241	0.003539	0.000014
0.1031	26.00	0.707337	0.888876	0.002824	0.000009
0.1031	26.57	0.707337	0.890989	0.003263	0.000012
0.1031	27.14	0.707337	0.894447	0.002923	0.000010
0.1031	27.71	0.707337	0.893189	0.002723	0.000008
0.1031	28.29	0.707337	0.888891	0.003275	0.000012
0.1031	28.86	0.707337	0.887922	0.003311	0.000012
0.1031	29.43	0.707337	0.888748	0.003752	0.000016
0.1031	30.00	0.707337	0.880712	0.003269	0.000012
0.1070	2.00	0.743029	0.000000	0.000000	0.000000
0.1070	2.57	0.743029	0.000000	0.000000	0.000000
0.1070	3.14	0.743029	0.000000	0.000000	0.000000
0.1070	3.71	0.743029	0.000000	0.000000	0.000000
0.1070	4.29	0.743029	0.000000	0.000000	0.000000
0.1070	4.86	0.743029	0.000000	0.000000	0.000000
0.1070	5.43	0.743029	0.000000	0.000000	0.000000
0.1070	6.00	0.743029	0.000000	0.000000	0.000000
0.1070	6.57	0.743029	0.052525	0.000000	0.000000
0.1070	7.14	0.743029	0.061279	0.013833	0.003123
0.1070	7.71	0.743029	0.071380	0.014967	0.003138
0.1070	8.29	0.743029	0.115051	0.139135	0.168262
0.1070	8.86	0.743029	0.215901	0.240650	0.268237
0.1070	9.43	0.743029	0.357158	0.374663	0.393025
0.1070	10.00	0.743029	0.743574	0.307102	0.126836
0.1070	10.57	0.743029	0.839015	0.239983	0.068642
0.1070	11.14	0.743029	0.900253	0.142475	0.022548
0.1070	11.71	0.743029	0.929109	0.005501	0.000033
0.1070	12.29	0.743029	0.935769	0.004458	0.000021
0.1070	12.86	0.743029	0.943490	0.011697	0.000145
0.1070	13.43	0.743029	0.949986	0.004132	0.000018
0.1070	14.00	0.743029	0.954623	0.007667	0.000062
0.1070	14.57	0.743029	0.959285	0.004472	0.000021
0.1070	15.14	0.743029	0.954623	0.003796	0.000015
0.1070	15.71	0.743029	0.956667	0.003029	0.000010
0.1070	16.29	0.743029	0.957724	0.002836	0.000008
0.1070	16.86	0.743029	0.959005	0.003194	0.000011
0.1070	17.43	0.743029	0.962722	0.003154	0.000010
0.1070	18.00	0.743029	0.964868	0.004062	0.000017
0.1070	18.57	0.743029	0.956566	0.002831	0.000008
0.1070	19.14	0.743029	0.957576	0.003209	0.000011
0.1070	19.71	0.743029	0.965320	0.003020	0.000009
0.1070	20.29	0.743029	0.966972	0.002460	0.000006
0.1070	20.86	0.743029	0.972751	0.002361	0.000006
0.1070	21.43	0.743029	0.973497	0.002540	0.000007
0.1070	22.00	0.743029	0.973244	0.002665	0.000007
0.1070	22.57	0.743029	0.970799	0.001458	0.000002
0.1070	23.14	0.743029	0.971341	0.001645	0.000003
0.1070	23.71	0.743029	0.970096	0.002341	0.000006
0.1070	24.29	0.743029	0.959171	0.115506	0.013909
0.1070	24.86	0.743029	0.962463	0.106965	0.011888
0.1070	25.43	0.743029	0.966629	0.086866	0.007806
0.1070	26.00	0.743029	0.973260	0.002169	0.000005
0.1070	26.57	0.743029	0.977145	0.001534	0.000002
0.1070	27.14	0.743029	0.972442	0.002555	0.000007
0.1070	27.71	0.743029	0.971317	0.001614	0.000003
0.1070	28.29	0.743029	0.973095	0.002144	0.000005
0.1070	28.86	0.743029	0.975054	0.002228	0.000005
0.1070	29.43	0.743029	0.971623	0.002284	0.000005
0.1070	30.00	0.743029	0.970525	0.002970	0.000009
0.1109	2.00	0.719668	0.000000	0.000000	0.000000
0.1109	2.57	0.719668	0.000000	0.000000	0.000000
0.1109	3.14	0.719668	0.000000	0.000000	0.000000
0.1109	3.71	0.719668	0.000000	0.000000	0.000000
0.1109	4.29	0.719668	0.000000	0.000000	0.000000
0.1109	4.86	0.719668	0.000000	0.000000	0.000000
0.1109	5.43	0.719668	0.000000	0.000000	0.000000
0.1109	6.00	0.719668	0.050302	0.000000	0.000000
0.1109	6.57	0.719668	0.053320	0.003018	0.000171
0.1109	7.14	0.719668	0.054326	0.003181	0.000186
0.1109	7.71	0.719668	0.057576	0.007992	0.001109
0.1109	8.29	0.719668	0.058003	0.007323	0.000925
0.1109	8.86	0.719668	0.085358	0.071703	0.060231
0.1109	9.43	0.719668	0.203563	0.264895	0.344706
0.1109	10.00	0.719668	0.489738	0.394050	0.317058
0.1109	10.57	0.719668	0.567349	0.391661	0.270377
0.1109	11.14	0.719668	0.872233	0.145501	0.024272
0.1109	11.71	0.719668	0.906286	0.009360	0.000097
0.1109	12.29	0.719668	0.913257	0.004392	0.000021
0.1109	12.86	0.719668	0.911469	0.003742	0.000015
0.1109	13.43	0.719668	0.916200	0.004660	0.000024
0.1109	14.00	0.719668	0.919835	0.003821	0.000016
0.1109	14.57	0.719668	0.920188	0.002858	0.000009
0.1109	15.14	0.719668	0.921881	0.002946	0.000009
0.1109	15.71	0.719668	0.926379	0.003432	0.000013
0.1109	16.29	0.719668	0.927163	0.002923	0.000009
0.1109	16.86	0.719668	0.928873	0.002969	0.000009
0.1109	17.43	0.719668	0.927026	0.002353	0.000006
0.1109	18.00	0.719668	0.928044	0.002873	0.000009
0.1109	18.57	0.719668	0.922609	0.003667	0.000015
0.1109	19.14	0.719668	0.923050	0.004187	0.000019
0.1109	19.71	0.719668	0.930536	0.002986	0.000010
0.1109	20.29	0.719668	0.930296	0.002873	0.000009
0.1109	20.86	0.719668	0.930747	0.002918	0.000009
0.1109	21.43	0.719668	0.930794	0.003448	0.000013
0.1109	22.00	0.719668	0.928105	0.002475	0.000007
0.1109	22.57	0.719668	0.931636	0.002959	0.000009
0.1109	23.14	0.719668	0.932117	0.002486	0.000007
0.1109	23.71	0.719668	0.930461	0.001666	0.000003
0.1109	24.29	0.719668	0.930792	0.001790	0.000003
0.1109	24.86	0.719668	0.936082	0.002773	0.000008
0.1109	25.43	0.719668	0.910387	0.122156	0.016391
0.1109	26.00	0.719668	0.932041	0.002508	0.000007
0.1109	26.57	0.719668	0.928124	0.002708	0.000008
0.1109	27.14	0.719668	0.928021	0.002986	0.000010
0.1109	27.71	0.719668	0.929820	0.002730	0.000008
0.1109	28.29	0.719668	0.920736	0.087235	0.008265
0.1109	28.86	0.719668	0.928498	0.001608	0.000003
0.1109	29.43	0.719668	0.931109	0.002460	0.000007
0.1109	30.00	0.719668	0.929284	0.002429	0.000006
0.1146	2.00	0.657621	0.000000	0.000000	0.000000
0.1146	2.57	0.657621	0.000000	0.000000	0.000000
0.1146	3.14	0.657621	0.000000	0.000000	0.000000
0.1146	3.71	0.657621	0.000000	0.000000	0.000000
0.1146	4.29	0.657621	0.000000	0.000000	0.000000
0.1146	4.86	0.657621	0.000000	0.000000	0.000000
0.1146	5.43	0.657621	0.000000	0.000000	0.000000
0.1146	6.00	0.657621	0.000000	0.000000	0.000000
0.1146	6.57	0.657621	0.000000	0.000000	0.000000
0.1146	7.14	0.657621	0.000000	0.000000	0.000000
0.1146	7.71	0.657621	0.053320	0.003337	0.000209
0.1146	8.29	0.657621	0.062374	0.016147	0.004180
0.1146	8.86	0.657621	0.074670	0.056278	0.042416
0.1146	9.43	0.657621	0.089577	0.074025	0.061172
0.1146	10.00	0.657621	0.260899	0.285882	0.313258
0.1146	10.57	0.657621	0.465604	0.350631	0.264049
0.1146	11.14	0.657621	0.642029	0.328019	0.167589
0.1146	11.71	0.657621	0.861362	0.034581	0.001388
0.1146	12.29	0.657621	0.832400	0.168076	0.033937
0.1146	12.86	0.657621	0.875587	0.006946	0.000055
0.1146	13.43	0.657621	0.881233	0.005963	0.000040
0.1146	14.00	0.657621	0.888012	0.004212	0.000020
0.1146	14.57	0.657621	0.896982	0.004571	0.000023
0.1146	15.14	0.657621	0.899102	0.003312	0.000012
0.1146	15.71	0.657621	0.900869	0.003665	0.000015
0.1146	16.29	0.657621	0.900378	0.003446	0.000013
0.1146	16.86	0.657621	0.902390	0.003953	0.000017
0.1146	17.43	0.657621	0.903468	0.003151	0.000011
0.1146	18.00	0.657621	0.904618	0.003829	0.000016
0.1146	18.57	0.657621	0.906343	0.003932	0.000017
0.1146	19.14	0.657621	0.909265	0.003452	0.000013
0.1146	19.71	0.657621	0.909270	0.003626	0.000014
0.1146	20.29	0.657621	0.904824	0.003670	0.000015
0.1146	20.86	0.657621	0.905667	0.003367	0.000013
0.1146	21.43	0.657621	0.906977	0.003467	0.000013
0.1146	22.00	0.657621	0.906883	0.003017	0.000010
0.1146	22.57	0.657621	0.916834	0.002471	0.000007
0.1146	23.14	0.657621	0.917002	0.002542	0.000007
0.1146	23.71	0.657621	0.910673	0.003421	0.000013
0.1146	24.29	0.657621	0.911194	0.003198	0.000011
0.1146	24.86	0.657621	0.911188	0.003487	0.000013
0.1146	25.43	0.657621	0.912077	0.002896	0.000009
0.1146	26.00	0.657621	0.919891	0.003912	0.000017
0.1146	26.57	0.657621	0.910861	0.004521	0.000022
0.1146	27.14	0.657621	0.910478	0.002956	0.000010
0.1146	27.71	0.657621	0.910052	0.003102	0.000011
0.1146	28.29	0.657621	0.916030	0.003100	0.000010
0.1146	28.86	0.657621	0.915988	0.002757	0.000008
0.1146	29.43	0.657621	0.915521	0.003009	0.000010
0.1146	30.00	0.657621	0.896698	0.123282	0.016949
0.1184	2.00	0.733881	0.000000	0.000000	0.000000
0.1184	2.57	0.733881	0.000000	0.000000	0.000000
0.1184	3.14	0.733881	0.000000	0.000000	0.000000
0.1184	3.71	0.733881	0.000000	0.000000	0.000000
0.1184	4.29	0.733881	0.000000	0.000000	0.000000
0.1184	4.86	0.733881	0.000000	0.000000	0.000000
0.1184	5.43	0.733881	0.000000	0.000000	0.000000
0.1184	6.00	0.733881	0.052062	0.000956	0.000018
0.1184	6.57	0.733881	0.053550	0.001623	0.000049
0.1184	7.14	0.733881	0.064724	0.026340	0.010719
0.1184	7.71	0.733881	0.095222	0.145627	0.222713
0.1184	8.29	0.733881	0.145967	0.233907	0.374829
0.1184	8.86	0.733881	0.394970	0.377981	0.361723
0.1184	9.43	0.733881	0.674080	0.352758	0.184605
0.1184	10.00	0.733881	0.777858	0.271815	0.094983
0.1184	10.57	0.733881	0.882288	0.004981	0.000028
0.1184	11.14	0.733881	0.887639	0.004788	0.000026
0.1184	11.71	0.733881	0.888745	0.003354	0.000013
0.1184	12.29	0.733881	0.890692	0.003788	0.000016
0.1184	12.86	0.733881	0.892550	0.003576	0.000014
0.1184	13.43	0.733881	0.894962	0.003687	0.000015
0.1184	14.00	0.733881	0.898909	0.004335	0.000021
0.1184	14.57	0.733881	0.899776	0.002783	0.000009
0.1184	15.14	0.733881	0.896498	0.003823	0.000016
0.1184	15.71	0.733881	0.897176	0.003592	0.000014
0.1184	16.29	0.733881	0.894315	0.002824	0.000009
0.1184	16.86	0.733881	0.895943	0.004472	0.000022
0.1184	17.43	0.733881	0.897718	0.003737	0.000016
0.1184	18.00	0.733881	0.897921	0.003611	0.000015
0.1184	18.57	0.733881	0.898834	0.003577	0.000014
0.1184	19.14	0.733881	0.898783	0.003358	0.000013
0.1184	19.71	0.733881	0.895147	0.003188	0.000011
0.1184	20.29	0.733881	0.895824	0.002923	0.000010
0.1184	20.86	0.733881	0.906288	0.002365	0.000006
0.1184	21.43	0.733881	0.901159	0.002636	0.000008
0.1184	22.00	0.733881	0.900889	0.002683	0.000008
0.1184	22.57	0.733881	0.904638	0.003063	0.000010
0.1184	23.14	0.733881	0.904279	0.002683	0.000008
0.1184	23.71	0.733881	0.904079	0.002878	0.000009
0.1184	24.29	0.733881	0.902710	0.002698	0.000008
0.1184	24.86	0.733881	0.904708	0.003507	0.000014
0.1184	25.43	0.733881	0.902967	0.003443	0.000013
0.1184	26.00	0.733881	0.898469	0.003145	0.000011
0.1184	26.57	0.733881	0.898228	0.003108	0.000011
0.1184	27.14	0.733881	0.899395	0.002858	0.000009
0.1184	27.71	0.733881	0.899039	0.002965	0.000010
0.1184	28.29	0.733881	0.903327	0.003176	0.000011
0.1184	28.86	0.733881	0.897324	0.003122	0.000011
0.1184	29.43	0.733881	0.903661	0.002786	0.000009
0.1184	30.00	0.733881	0.901954	0.003140	0.000011
0.1222	2.00	0.726698	0.000000	0.000000	0.000000
0.1222	2.57	0.726698	0.000000	0.000000	0.000000
0.1222	3.14	0.726698	0.000000	0.000000	0.000000
0.1222	3.71	0.726698	0.000000	0.000000	0.000000
0.1222	4.29	0.726698	0.000000	0.000000	0.000000
0.1222	4.86	0.726698	0.050813	0.000000	0.000000
0.1222	5.43	0.726698	0.050813	0.000000	0.000000
0.1222	6.00	0.726698	0.054878	0.002033	0.000075
0.1222	6.57	0.726698	0.076016	0.028990	0.011056
0.1222	7.14	0.726698	0.075542	0.034039	0.015338
0.1222	7.71	0.726698	0.272231	0.276401	0.280635
0.1222	8.29	0.726698	0.439394	0.346354	0.273015
0.1222	8.86	0.726698	0.526205	0.344300	0.225278
0.1222	9.43	0.726698	0.661518	0.331329	0.165950
0.1222	10.00	0.726698	0.774194	0.270026	0.094181
0.1222	10.57	0.726698	0.865435	0.193188	0.043125
0.1222	11.14	0.726698	0.923380	0.013234	0.000190
0.1222	11.71	0.726698	0.908537	0.140289	0.021662
0.1222	12.29	0.726698	0.927584	0.007622	0.000063
0.1222	12.86	0.726698	0.937105	0.005807	0.000036
0.1222	13.43	0.726698	0.941167	0.004864	0.000025
0.1222	14.00	0.726698	0.943892	0.005388	0.000031
0.1222	14.57	0.726698	0.948509	0.006095	0.000039
0.1222	15.14	0.726698	0.948272	0.005819	0.000036
0.1222	15.71	0.726698	0.890953	0.223261	0.055946
0.1222	16.29	0.726698	0.961481	0.003236	0.000011
0.1222	16.86	0.726698	0.968422	0.002659	0.000007
0.1222	17.43	0.726698	0.968967	0.002657	0.000007
0.1222	18.00	0.726698	0.962658	0.004066	0.000017
0.1222	18.57	0.726698	0.964407	0.003111	0.000010
0.1222	19.14	0.726698	0.972319	0.002907	0.000009
0.1222	19.71	0.726698	0.973868	0.002825	0.000008
0.1222	20.29	0.726698	0.972990	0.002211	0.000005
0.1222	20.86	0.726698	0.970563	0.002539	0.000007
0.1222	21.43	0.726698	0.974352	0.001533	0.000002
0.1222	22.00	0.726698	0.974767	0.001617	0.000003
0.1222	22.57	0.726698	0.973208	0.001902	0.000004
0.1222	23.14	0.726698	0.898889	0.220244	0.053964
0.1222	23.71	0.726698	0.973909	0.002147	0.000005
0.1222	24.29	0.726698	0.961597	0.083873	0.007316
0.1222	24.86	0.726698	0.972101	0.002789	0.000008
0.1222	25.43	0.726698	0.970760	0.001875	0.000004
0.1222	26.00	0.726698	0.963654	0.002566	0.000007
0.1222	26.57	0.726698	0.971298	0.001810	0.000003
0.1222	27.14	0.726698	0.973466	0.002282	0.000005
0.1222	27.71	0.726698	0.973822	0.001989	0.000004
0.1222	28.29	0.726698	0.974593	0.002028	0.000004
0.1222	28.86	0.726698	0.971527	0.002445	0.000006
0.1222	29.43	0.726698	0.974631	0.001502	0.000002
0.1222	30.00	0.726698	0.971972	0.002442	0.000006
0.1265	2.00	0.731325	0.000000	0.000000	0.000000
0.1265	2.57	0.731325	0.000000	0.000000	0.000000
0.1265	3.14	0.731325	0.000000	0.000000	0.000000
0.1265	3.71	0.731325	0.000000	0.000000	0.000000
0.1265	4.29	0.731325	0.000000	0.000000	0.000000
0.1265	4.86	0.731325	0.000000	0.000000	0.000000
0.1265	5.43	0.731325	0.000000	0.000000	0.000000
0.1265	6.00	0.731325	0.174442	0.000000	0.000000
0.1265	6.57	0.731325	0.293828	0.248705	0.210511
0.1265	7.14	0.731325	0.425355	0.292635	0.201327
0.1265	7.71	0.731325	0.575051	0.269839	0.126620
0.1265	8.29	0.731325	0.660852	0.263228	0.104848
0.1265	8.86	0.731325	0.823747	0.006236	0.000047
0.1265	9.43	0.731325	0.831933	0.005248	0.000033
0.1265	10.00	0.731325	0.812711	0.138565	0.023625
0.1265	10.57	0.731325	0.837601	0.011316	0.000153
0.1265	11.14	0.731325	0.838933	0.012041	0.000173
0.1265	11.71	0.731325	0.839119	0.007830	0.000073
0.1265	12.29	0.731325	0.843455	0.006347	0.000048
0.1265	12.86	0.731325	0.847925	0.004511	0.000024
0.1265	13.43	0.731325	0.851159	0.005343	0.000034
0.1265	14.00	0.731325	0.855655	0.003699	0.000016
0.1265	14.57	0.731325	0.831754	0.135073	0.021935
0.1265	15.14	0.731325	0.857486	0.004556	0.000024
0.1265	15.71	0.731325	0.859026	0.005101	0.000030
0.1265	16.29	0.731325	0.798690	0.204586	0.052405
0.1265	16.86	0.731325	0.861147	0.005216	0.000032
0.1265	17.43	0.731325	0.849732	0.086982	0.008904
0.1265	18.00	0.731325	0.865792	0.004287	0.000021
0.1265	18.57	0.731325	0.866477	0.004906	0.000028
0.1265	19.14	0.731325	0.864941	0.004189	0.000020
0.1265	19.71	0.731325	0.862797	0.003495	0.000014
0.1265	20.29	0.731325	0.868362	0.003988	0.000018
0.1265	20.86	0.731325	0.867018	0.003564	0.000015
0.1265	21.43	0.731325	0.871986	0.004870	0.000027
0.1265	22.00	0.731325	0.863028	0.003787	0.000017
0.1265	22.57	0.731325	0.866006	0.003418	0.000013
0.1265	23.14	0.731325	0.860093	0.003513	0.000014
0.1265	23.71	0.731325	0.867606	0.004287	0.000021
0.1265	24.29	0.731325	0.869518	0.003744	0.000016
0.1265	24.86	0.731325	0.871325	0.003743	0.000016
0.1265	25.43	0.731325	0.876287	0.034372	0.001348
0.1265	26.00	0.731325	0.869085	0.004610	0.000024
0.1265	26.57	0.731325	0.869831	0.022542	0.000584
0.1265	27.14	0.731325	0.867659	0.033059	0.001260
0.1265	27.71	0.731325	0.872851	0.004868	0.000027
0.1265	28.29	0.731325	0.870218	0.006786	0.000053
0.1265	28.86	0.731325	0.872675	0.004154	0.000020
0.1265	29.43	0.731325	0.884230	0.004593	0.000024
0.1265	30.00	0.731325	0.874645	0.027256	0.000849
0.1310	2.00	0.729396	0.000000	0.000000	0.000000
0.1310	2.57	0.729396	0.000000	0.000000	0.000000
0.1310	3.14	0.729396	0.000000	0.000000	0.000000
0.1310	3.71	0.729396	0.000000	0.000000	0.000000
0.1310	4.29	0.729396	0.000000	0.000000	0.000000
0.1310	4.86	0.729396	0.000000	0.000000	0.000000
0.1310	5.43	0.729396	0.000000	0.000000	0.000000
0.1310	6.00	0.729396	0.054656	0.000000	0.000000
0.1310	6.57	0.729396	0.055921	0.008878	0.001409
0.1310	7.14	0.729396	0.115696	0.148775	0.191312
0.1310	7.71	0.729396	0.235056	0.291330	0.361076
0.1310	8.29	0.729396	0.425101	0.378583	0.337156
0.1310	8.86	0.729396	0.495301	0.386920	0.302256
0.1310	9.43	0.729396	0.427483	0.396212	0.367229
0.1310	10.00	0.729396	0.781311	0.269284	0.092810
0.1310	10.57	0.729396	0.867514	0.152937	0.026962
0.1310	11.14	0.729396	0.891511	0.005985	0.000040
0.1310	11.71	0.729396	0.897773	0.003549	0.000014
0.1310	12.29	0.729396	0.900636	0.003822	0.000016
0.1310	12.86	0.729396	0.908851	0.004830	0.000026
0.1310	13.43	0.729396	0.909469	0.005130	0.000029
0.1310	14.00	0.729396	0.913382	0.004311	0.000020
0.1310	14.57	0.729396	0.921745	0.004674	0.000024
0.1310	15.14	0.729396	0.922597	0.004165	0.000019
0.1310	15.71	0.729396	0.920040	0.003417	0.000013
0.1310	16.29	0.729396	0.922318	0.004239	0.000019
0.1310	16.86	0.729396	0.919636	0.003899	0.000017
0.1310	17.43	0.729396	0.921824	0.003614	0.000014
0.1310	18.00	0.729396	0.927027	0.003064	0.000010
0.1310	18.57	0.729396	0.928571	0.002733	0.000008
0.1310	19.14	0.729396	0.927366	0.003539	0.000014
0.1310	19.71	0.729396	0.927502	0.003156	0.000011
0.1310	20.29	0.729396	0.931315	0.002485	0.000007
0.1310	20.86	0.729396	0.931174	0.002391	0.000006
0.1310	21.43	0.729396	0.930625	0.003809	0.000016
0.1310	22.00	0.729396	0.886193	0.185021	0.038629
0.1310	22.57	0.729396	0.932993	0.003855	0.000016
0.1310	23.14	0.729396	0.937932	0.003568	0.000014
0.1310	23.71	0.729396	0.935248	0.003189	0.000011
0.1310	24.29	0.729396	0.934629	0.003780	0.000015
0.1310	24.86	0.729396	0.935096	0.002486	0.000007
0.1310	25.43	0.729396	0.933613	0.003424	0.000013
0.1310	26.00	0.729396	0.941132	0.003095	0.000010
0.1310	26.57	0.729396	0.933556	0.003230	0.000011
0.1310	27.14	0.729396	0.937126	0.003539	0.000013
0.1310	27.71	0.729396	0.934991	0.002441	0.000006
0.1310	28.29	0.729396	0.938057	0.002905	0.000009
0.1310	28.86	0.729396	0.936513	0.003399	0.000012
0.1310	29.43	0.729396	0.931601	0.002941	0.000009
0.1310	30.00	0.729396	0.935057	0.003994	0.000017
0.1358	2.00	0.626710	0.000000	0.000000	0.000000
0.1358	2.57	0.626710	0.000000	0.000000	0.000000
0.1358	3.14	0.626710	0.000000	0.000000	0.000000
0.1358	3.71	0.626710	0.000000	0.000000	0.000000
0.1358	4.29	0.626710	0.000000	0.000000	0.000000
0.1358	4.86	0.626710	0.000000	0.000000	0.000000
0.1358	5.43	0.626710	0.000000	0.000000	0.000000
0.1358	6.00	0.626710	0.000000	0.000000	0.000000
0.1358	6.57	0.626710	0.000000	0.000000	0.000000
0.1358	7.14	0.626710	0.058943	0.000000	0.000000
0.1358	7.71	0.626710	0.056911	0.001660	0.000048
0.1358	8.29	0.626710	0.054116	0.002258	0.000094
0.1358	8.86	0.626710	0.080575	0.045679	0.025896
