axon_length	kin_mean_mean	kin_mean_std	GC_size_mean	GC_size_std
0.1	2.4406	0.1255319348479369	0.077	0.0218936824982307
0.11	2.6112	0.1311257242327209	0.1092	0.07044745875079132
0.12	2.7732	0.1349607350306006	0.1252	0.07442938487810667
0.13	2.9454000000000002	0.13476910295431635	0.1848	0.09268441077117552
0.14	3.1144	0.12746694560638933	0.30720000000000003	0.138548667742903
0.15	3.2832	0.13629445248350258	0.3478	0.15543616052900947
0.16	3.4467999999999996	0.1400260293262967	0.5284	0.15088420873121364
0.17	3.614	0.14635421263344486	0.5696	0.1751058092824006
0.18	3.7658	0.14519703088485583	0.604	0.19523433213562735
0.19	3.9256	0.15261512958346485	0.7166	0.12984452241045827
0.2	4.0872	0.14977672271306594	0.7692	0.14346567533734333
0.21	4.2346	0.15536923762444088	0.7929999999999999	0.14167647024902272
0.22	4.397399999999999	0.15554363446384464	0.8321999999999999	0.08201598760133431
0.23	4.5686	0.1652877625368692	0.8748000000000001	0.04989054686678296
0.24	4.724	0.16469500430931258	0.905	0.03360224860200747
0.25	4.873	0.1665019185741977	0.9126	0.033771125075852754
0.26	5.026	0.17770637454957988	0.9224	0.030721689768341543
0.27	5.1762	0.19050447647117258	0.9292	0.027683930356797212
0.28	5.3308	0.20000488882913722	0.9339999999999999	0.024129281427805103
0.29	5.4786	0.19790918231462737	0.9390000000000001	0.022866763848189992
0.3	5.6362000000000005	0.20041612266038422	0.9443999999999999	0.020950735866153536
0.31	5.7768	0.1983133323248285	0.9465999999999999	0.020023319738078745
0.32	5.9322	0.20226594155000793	0.9496	0.019884108674461033
0.33	6.0826	0.2000956437973267	0.9560000000000001	0.018547236990991423
0.34	6.2336	0.2058107005100668	0.9597999999999999	0.017949311345502313
0.35	6.3868	0.20072357996896004	0.9628	0.016226179121681363
0.36	6.5284	0.1881814726976775	0.9648	0.014581571322125158
0.37	6.678	0.19255475411771408	0.9704	0.011730302638892158
0.38	6.815600000000001	0.19303148850784815	0.9705999999999999	0.011315672514015435
0.39	6.968000000000001	0.20679780785427404	0.9732	0.009577751997902919
0.4	7.122199999999999	0.20338130581633007	0.9747999999999999	0.009052930771609582
0.41	7.2702	0.2076887628694011	0.9753999999999999	0.008996295533903595
0.42	7.4104	0.20688332729128064	0.9766	0.008275801404630807
0.43	7.5558	0.2192217548004253	0.9772000000000001	0.008066391179868918
0.44	7.708	0.2138618453321884	0.9789999999999999	0.007071067811865504
0.45	7.8626000000000005	0.2211968454667568	0.9805999999999999	0.006603029607687649
0.46	8.0214	0.22844800040466276	0.9815999999999999	0.006719788356455562
0.47	8.1806	0.24464768318724997	0.9822	0.006356099432828286
0.48	8.3284	0.24101046542514368	0.9827999999999999	0.005977736472389315
0.49	8.472199999999999	0.2525803722470228	0.983	0.005981452814975466
0.5	8.622200000000001	0.25601814171829457	0.9837999999999999	0.006069962474714701
0.51	8.7674	0.26520440753837043	0.984	0.006531972647421811
0.52	8.916	0.2574973570522399	0.9843999999999999	0.006915361322607978
0.53	9.0642	0.25693310845864586	0.9852000000000001	0.006613118276073199
0.54	9.2202	0.26399907407245027	0.9872	0.005672545969648718
0.55	9.3616	0.26445213807669143	0.9872	0.005672545969648718
0.56	9.5182	0.2644565916911297	0.9884000000000001	0.005059644256269402
0.57	9.664	0.2608175181573847	0.9890000000000001	0.0048304589153964775
0.58	9.815000000000001	0.26638693661664414	0.9894000000000001	0.004427188724235736
0.59	9.959	0.2740774424217438	0.9896	0.004299870799092561
0.6	10.108799999999999	0.2737642132281797	0.99	0.004216370213557831
0.61	10.2546	0.2751065248226584	0.9902	0.003938414796731182
0.62	10.3964	0.282465022416739	0.9904	0.0038643671323171994
0.63	10.5426	0.29038679186369426	0.9906	0.0038930136855083934
0.64	10.6808	0.30144717613538763	0.991	0.0038005847503304567
0.65	10.8298	0.29617930004944243	0.9911999999999999	0.003675746333890732
0.66	10.9752	0.2969088150332432	0.9911999999999999	0.003675746333890732
0.67	11.1224	0.29355567331144	0.9914	0.0036575644598253595
0.68	11.2708	0.29892280683220596	0.9914	0.0036575644598253595
0.69	11.423	0.30424003681304	0.9916	0.0037475918193480458
0.7	11.5718	0.302219125801131	0.9922000000000001	0.003823901439919995
0.71	11.717600000000001	0.3029877885328051	0.9924	0.003977715704047012
0.72	11.867	0.3006160341698361	0.9924	0.003977715704047012
0.73	12.0092	0.29881871129871046	0.9924	0.003977715704047012
0.74	12.1478	0.29967901346459214	0.9926	0.003777124126457407
0.75	12.3004	0.3074161855060841	0.9928000000000001	0.0035527766918597866
0.76	12.4408	0.31337900376381317	0.9928000000000001	0.0035527766918597866
0.77	12.594	0.31450419534385937	0.9928000000000001	0.0035527766918597866
0.78	12.732800000000001	0.3094758292482445	0.9928000000000001	0.0035527766918597866
0.79	12.883799999999999	0.3167928871255372	0.9932000000000001	0.0035527766918597788
0.8	13.028200000000002	0.3159950069929026	0.9936	0.003747591819348076
0.81	13.1808	0.3117124030612551	0.994	0.003771236166328269
0.82	13.3276	0.31493886531974563	0.9942	0.003705851229249945
0.83	13.469800000000001	0.31572484504355625	0.9944	0.0035023801430836363
0.84	13.598400000000002	0.32607674624916844	0.9945999999999999	0.0037771241264574346
0.85	13.740799999999998	0.32821970961198865	0.9945999999999999	0.0037771241264574346
0.86	13.881200000000002	0.3264165028507804	0.9948	0.003552776691859814
0.87	14.028200000000002	0.32607626919684474	0.9948	0.003552776691859814
0.88	14.1754	0.34040635847305956	0.9948	0.003552776691859814
0.89	14.331999999999999	0.3473416505722035	0.9949999999999999	0.0035590260840104673
0.9	14.4702	0.3485952125635438	0.9952	0.0034253953543107256
0.91	14.6208	0.3540209661085691	0.9952	0.0034253953543107256
0.92	14.771	0.35295105106012137	0.9952	0.0034253953543107256
0.93	14.9134	0.34769725017287406	0.9952	0.0034253953543107256
0.94	15.058000000000002	0.3380940040218928	0.9954000000000001	0.0034058772731853228
0.95	15.1988	0.33764175623811055	0.9955999999999999	0.003502380143083683
0.96	15.3352	0.33603465429757284	0.9955999999999999	0.003502380143083683
0.97	15.475999999999999	0.33704335362416205	0.9955999999999999	0.003502380143083683
0.98	15.619	0.34956766949412726	0.9955999999999999	0.003502380143083683
0.99	15.759199999999998	0.3551578053016241	0.9958	0.00332665998663327
1.0	15.91	0.35732835817432057	0.9958	0.00332665998663327
1.01	16.060200000000002	0.35800986951013875	0.9958	0.00332665998663327
1.02	16.2054	0.367054401054303	0.9958	0.00332665998663327
1.03	16.3444	0.3652479218892895	0.9958	0.00332665998663327
1.04	16.485599999999998	0.3610082178196687	0.9958	0.00332665998663327
1.05	16.6312	0.36615382317029266	0.9960000000000001	0.0032659863237109294
1.06	16.7768	0.36614168477972203	0.9962	0.003190262963734791
1.07	16.9136	0.37463439955953587	0.9964000000000001	0.0027968235951203965
1.08	17.0628	0.3687747882440499	0.9964000000000001	0.0027968235951203965
1.09	17.2026	0.3766814746351792	0.9964000000000001	0.0027968235951203965
1.1	17.342599999999997	0.3687721970720315	0.9968	0.002529822128134701
1.11	17.486	0.37534221422293923	0.9970000000000001	0.0025385910352879646
1.12	17.633	0.37581940107214	0.9970000000000001	0.0025385910352879646
1.13	17.7836	0.38214226553878006	0.9970000000000001	0.0025385910352879646
1.14	17.933	0.3918267757851956	0.9970000000000001	0.0025385910352879646
1.15	18.0724	0.39818008209575007	0.9970000000000001	0.0025385910352879646
1.16	18.221	0.39535666035731326	0.9972	0.002529822128134701
1.17	18.356	0.39667731078155744	0.9972	0.002529822128134701
1.18	18.5048	0.40172317721425	0.9972	0.002529822128134701
1.19	18.6506	0.4011694571291959	0.9972	0.002529822128134701
