sigma	gini	exc_weight	clusF	clusA	clusF/clusA
0.0300	0.9307	5.0	0.4218	0.6723	0.6274
0.0300	0.9307	5.5	0.3496	0.6723	0.5200
0.0300	0.9307	6.0	0.6499	0.6723	0.9667
0.0300	0.9307	6.5	0.6887	0.6723	1.0243
0.0300	0.9307	7.0	0.6834	0.6723	1.0164
0.0300	0.9307	7.5	0.6755	0.6723	1.0048
0.0300	0.9307	8.1	0.6947	0.6723	1.0332
0.0300	0.9307	8.6	0.6523	0.6723	0.9702
0.0300	0.9307	9.1	0.7081	0.6723	1.0532
0.0300	0.9307	9.6	0.7008	0.6723	1.0424
0.0300	0.9307	10.1	0.6770	0.6723	1.0070
0.0300	0.9307	10.6	0.7070	0.6723	1.0516
0.0300	0.9307	11.1	0.6330	0.6723	0.9415
0.0300	0.9307	11.6	0.6304	0.6723	0.9376
0.0300	0.9307	12.1	0.6830	0.6723	1.0158
0.0300	0.9307	12.7	0.6638	0.6723	0.9873
0.0300	0.9307	13.2	0.6462	0.6723	0.9612
0.0300	0.9307	13.7	0.7089	0.6723	1.0545
0.0300	0.9307	14.2	0.6361	0.6723	0.9462
0.0300	0.9307	14.7	0.6996	0.6723	1.0407
0.0300	0.9307	15.2	0.6430	0.6723	0.9564
0.0300	0.9307	15.7	0.6381	0.6723	0.9491
0.0300	0.9307	16.2	0.6429	0.6723	0.9563
0.0300	0.9307	16.7	0.6335	0.6723	0.9423
0.0300	0.9307	17.2	0.6844	0.6723	1.0179
0.0300	0.9307	17.8	0.6483	0.6723	0.9643
0.0300	0.9307	18.3	0.7442	0.6723	1.1069
0.0300	0.9307	18.8	0.7088	0.6723	1.0543
0.0300	0.9307	19.3	0.7062	0.6723	1.0504
0.0300	0.9307	19.8	0.7245	0.6723	1.0776
0.0300	0.9307	20.3	0.7101	0.6723	1.0562
0.0300	0.9307	20.8	0.7217	0.6723	1.0735
0.0300	0.9307	21.3	0.6990	0.6723	1.0397
0.0300	0.9307	21.8	0.7512	0.6723	1.1174
0.0300	0.9307	22.4	0.6692	0.6723	0.9953
0.0300	0.9307	22.9	0.6886	0.6723	1.0243
0.0300	0.9307	23.4	0.7630	0.6723	1.1349
0.0300	0.9307	23.9	0.6748	0.6723	1.0038
0.0300	0.9307	24.4	0.7050	0.6723	1.0487
0.0300	0.9307	24.9	0.6993	0.6723	1.0402
0.0300	0.9307	25.4	0.6806	0.6723	1.0124
0.0300	0.9307	25.9	0.6906	0.6723	1.0272
0.0300	0.9307	26.4	0.6633	0.6723	0.9866
0.0300	0.9307	26.9	0.7011	0.6723	1.0428
0.0300	0.9307	27.4	0.6708	0.6723	0.9978
0.0300	0.9307	28.0	0.7075	0.6723	1.0524
0.0300	0.9307	28.5	0.6735	0.6723	1.0018
0.0300	0.9307	29.0	0.7054	0.6723	1.0492
0.0300	0.9307	29.5	0.6864	0.6723	1.0209
0.0300	0.9307	30.0	0.7448	0.6723	1.1079
0.0437	0.9237	5.0	0.3810	0.6250	0.6096
0.0437	0.9237	5.5	0.3768	0.6250	0.6028
0.0437	0.9237	6.0	0.3434	0.6250	0.5494
0.0437	0.9237	6.5	0.5532	0.6250	0.8851
0.0437	0.9237	7.0	0.5792	0.6250	0.9266
0.0437	0.9237	7.5	0.5613	0.6250	0.8981
0.0437	0.9237	8.1	0.5688	0.6250	0.9100
0.0437	0.9237	8.6	0.6332	0.6250	1.0131
0.0437	0.9237	9.1	0.6592	0.6250	1.0547
0.0437	0.9237	9.6	0.5940	0.6250	0.9503
0.0437	0.9237	10.1	0.6535	0.6250	1.0455
0.0437	0.9237	10.6	0.6323	0.6250	1.0116
0.0437	0.9237	11.1	0.6736	0.6250	1.0777
0.0437	0.9237	11.6	0.6942	0.6250	1.1107
0.0437	0.9237	12.1	0.7001	0.6250	1.1202
0.0437	0.9237	12.7	0.6758	0.6250	1.0812
0.0437	0.9237	13.2	0.7172	0.6250	1.1475
0.0437	0.9237	13.7	0.6555	0.6250	1.0488
0.0437	0.9237	14.2	0.7206	0.6250	1.1529
0.0437	0.9237	14.7	0.7249	0.6250	1.1597
0.0437	0.9237	15.2	0.6631	0.6250	1.0610
0.0437	0.9237	15.7	0.7367	0.6250	1.1787
0.0437	0.9237	16.2	0.6525	0.6250	1.0439
0.0437	0.9237	16.7	0.7548	0.6250	1.2075
0.0437	0.9237	17.2	0.6638	0.6250	1.0621
0.0437	0.9237	17.8	0.6873	0.6250	1.0997
0.0437	0.9237	18.3	0.6869	0.6250	1.0990
0.0437	0.9237	18.8	0.7107	0.6250	1.1370
0.0437	0.9237	19.3	0.7378	0.6250	1.1805
0.0437	0.9237	19.8	0.7119	0.6250	1.1390
0.0437	0.9237	20.3	0.7355	0.6250	1.1768
0.0437	0.9237	20.8	0.7443	0.6250	1.1909
0.0437	0.9237	21.3	0.7935	0.6250	1.2696
0.0437	0.9237	21.8	0.7829	0.6250	1.2526
0.0437	0.9237	22.4	0.7263	0.6250	1.1620
0.0437	0.9237	22.9	0.7433	0.6250	1.1893
0.0437	0.9237	23.4	0.8406	0.6250	1.3448
0.0437	0.9237	23.9	0.7550	0.6250	1.2079
0.0437	0.9237	24.4	0.7368	0.6250	1.1789
0.0437	0.9237	24.9	0.6998	0.6250	1.1196
0.0437	0.9237	25.4	0.7435	0.6250	1.1895
0.0437	0.9237	25.9	0.7274	0.6250	1.1639
0.0437	0.9237	26.4	0.6927	0.6250	1.1082
0.0437	0.9237	26.9	0.6414	0.6250	1.0263
0.0437	0.9237	27.4	0.6828	0.6250	1.0924
0.0437	0.9237	28.0	0.6681	0.6250	1.0689
0.0437	0.9237	28.5	0.6990	0.6250	1.1184
0.0437	0.9237	29.0	0.6640	0.6250	1.0624
0.0437	0.9237	29.5	0.6577	0.6250	1.0523
0.0437	0.9237	30.0	0.7545	0.6250	1.2072
0.0573	0.9113	5.0	0.4422	0.5581	0.7925
0.0573	0.9113	5.5	0.4043	0.5581	0.7244
0.0573	0.9113	6.0	0.3842	0.5581	0.6885
0.0573	0.9113	6.5	0.6575	0.5581	1.1781
0.0573	0.9113	7.0	0.6859	0.5581	1.2291
0.0573	0.9113	7.5	0.6818	0.5581	1.2216
0.0573	0.9113	8.1	0.6784	0.5581	1.2156
0.0573	0.9113	8.6	0.6808	0.5581	1.2199
0.0573	0.9113	9.1	0.6139	0.5581	1.1000
0.0573	0.9113	9.6	0.6540	0.5581	1.1719
0.0573	0.9113	10.1	0.5950	0.5581	1.0662
0.0573	0.9113	10.6	0.6560	0.5581	1.1755
0.0573	0.9113	11.1	0.6352	0.5581	1.1382
0.0573	0.9113	11.6	0.5828	0.5581	1.0443
0.0573	0.9113	12.1	0.6180	0.5581	1.1074
0.0573	0.9113	12.7	0.6179	0.5581	1.1073
0.0573	0.9113	13.2	0.6005	0.5581	1.0759
0.0573	0.9113	13.7	0.6085	0.5581	1.0903
0.0573	0.9113	14.2	0.6408	0.5581	1.1483
0.0573	0.9113	14.7	0.6198	0.5581	1.1106
0.0573	0.9113	15.2	0.5472	0.5581	0.9806
0.0573	0.9113	15.7	0.5826	0.5581	1.0439
0.0573	0.9113	16.2	0.6040	0.5581	1.0823
0.0573	0.9113	16.7	0.6031	0.5581	1.0807
0.0573	0.9113	17.2	0.6327	0.5581	1.1336
0.0573	0.9113	17.8	0.6564	0.5581	1.1762
0.0573	0.9113	18.3	0.6311	0.5581	1.1308
0.0573	0.9113	18.8	0.6283	0.5581	1.1258
0.0573	0.9113	19.3	0.6430	0.5581	1.1522
0.0573	0.9113	19.8	0.6456	0.5581	1.1568
0.0573	0.9113	20.3	0.6338	0.5581	1.1357
0.0573	0.9113	20.8	0.6776	0.5581	1.2142
0.0573	0.9113	21.3	0.6252	0.5581	1.1202
0.0573	0.9113	21.8	0.6484	0.5581	1.1619
0.0573	0.9113	22.4	0.6849	0.5581	1.2273
0.0573	0.9113	22.9	0.6880	0.5581	1.2329
0.0573	0.9113	23.4	0.6423	0.5581	1.1510
0.0573	0.9113	23.9	0.6881	0.5581	1.2330
0.0573	0.9113	24.4	0.6659	0.5581	1.1933
0.0573	0.9113	24.9	0.6816	0.5581	1.2214
0.0573	0.9113	25.4	0.6492	0.5581	1.1633
0.0573	0.9113	25.9	0.6467	0.5581	1.1588
0.0573	0.9113	26.4	0.6936	0.5581	1.2429
0.0573	0.9113	26.9	0.6093	0.5581	1.0917
0.0573	0.9113	27.4	0.5958	0.5581	1.0676
0.0573	0.9113	28.0	0.6424	0.5581	1.1511
0.0573	0.9113	28.5	0.6193	0.5581	1.1097
0.0573	0.9113	29.0	0.6245	0.5581	1.1190
0.0573	0.9113	29.5	0.6196	0.5581	1.1103
0.0573	0.9113	30.0	0.6411	0.5581	1.1488
0.0710	0.8913	5.0	0.4521	0.5373	0.8414
0.0710	0.8913	5.5	0.4544	0.5373	0.8456
0.0710	0.8913	6.0	0.4543	0.5373	0.8456
0.0710	0.8913	6.5	0.4376	0.5373	0.8144
0.0710	0.8913	7.0	0.3896	0.5373	0.7250
0.0710	0.8913	7.5	0.3577	0.5373	0.6657
0.0710	0.8913	8.1	0.4335	0.5373	0.8067
0.0710	0.8913	8.6	0.6252	0.5373	1.1637
0.0710	0.8913	9.1	0.6071	0.5373	1.1300
0.0710	0.8913	9.6	0.6697	0.5373	1.2465
0.0710	0.8913	10.1	0.6460	0.5373	1.2022
0.0710	0.8913	10.6	0.6842	0.5373	1.2734
0.0710	0.8913	11.1	0.6181	0.5373	1.1504
0.0710	0.8913	11.6	0.6718	0.5373	1.2504
0.0710	0.8913	12.1	0.6496	0.5373	1.2090
0.0710	0.8913	12.7	0.6596	0.5373	1.2275
0.0710	0.8913	13.2	0.6565	0.5373	1.2219
0.0710	0.8913	13.7	0.6076	0.5373	1.1308
0.0710	0.8913	14.2	0.6453	0.5373	1.2009
0.0710	0.8913	14.7	0.6752	0.5373	1.2566
0.0710	0.8913	15.2	0.6564	0.5373	1.2217
0.0710	0.8913	15.7	0.6164	0.5373	1.1473
0.0710	0.8913	16.2	0.6699	0.5373	1.2468
0.0710	0.8913	16.7	0.6287	0.5373	1.1701
0.0710	0.8913	17.2	0.6837	0.5373	1.2725
0.0710	0.8913	17.8	0.6287	0.5373	1.1701
0.0710	0.8913	18.3	0.6439	0.5373	1.1984
0.0710	0.8913	18.8	0.6291	0.5373	1.1708
0.0710	0.8913	19.3	0.6331	0.5373	1.1783
0.0710	0.8913	19.8	0.6271	0.5373	1.1672
0.0710	0.8913	20.3	0.6257	0.5373	1.1645
0.0710	0.8913	20.8	0.6200	0.5373	1.1539
0.0710	0.8913	21.3	0.6583	0.5373	1.2252
0.0710	0.8913	21.8	0.6454	0.5373	1.2012
0.0710	0.8913	22.4	0.6795	0.5373	1.2646
0.0710	0.8913	22.9	0.6095	0.5373	1.1344
0.0710	0.8913	23.4	0.6117	0.5373	1.1384
0.0710	0.8913	23.9	0.6522	0.5373	1.2139
0.0710	0.8913	24.4	0.5945	0.5373	1.1065
0.0710	0.8913	24.9	0.5862	0.5373	1.0911
0.0710	0.8913	25.4	0.6289	0.5373	1.1704
0.0710	0.8913	25.9	0.6496	0.5373	1.2089
0.0710	0.8913	26.4	0.6484	0.5373	1.2068
0.0710	0.8913	26.9	0.5951	0.5373	1.1076
0.0710	0.8913	27.4	0.6294	0.5373	1.1713
0.0710	0.8913	28.0	0.6191	0.5373	1.1523
0.0710	0.8913	28.5	0.6966	0.5373	1.2964
0.0710	0.8913	29.0	0.6170	0.5373	1.1483
0.0710	0.8913	29.5	0.5691	0.5373	1.0592
0.0710	0.8913	30.0	0.6364	0.5373	1.1845
0.0847	0.8780	5.0	0.4534	0.4846	0.9356
0.0847	0.8780	5.5	0.4220	0.4846	0.8707
0.0847	0.8780	6.0	0.4071	0.4846	0.8400
0.0847	0.8780	6.5	0.3904	0.4846	0.8056
0.0847	0.8780	7.0	0.3861	0.4846	0.7968
0.0847	0.8780	7.5	0.3511	0.4846	0.7246
0.0847	0.8780	8.1	0.3341	0.4846	0.6894
0.0847	0.8780	8.6	0.4620	0.4846	0.9533
0.0847	0.8780	9.1	0.4055	0.4846	0.8368
0.0847	0.8780	9.6	0.5642	0.4846	1.1642
0.0847	0.8780	10.1	0.6493	0.4846	1.3397
0.0847	0.8780	10.6	0.6796	0.4846	1.4023
0.0847	0.8780	11.1	0.6632	0.4846	1.3684
0.0847	0.8780	11.6	0.7027	0.4846	1.4500
0.0847	0.8780	12.1	0.6503	0.4846	1.3419
0.0847	0.8780	12.7	0.6437	0.4846	1.3283
0.0847	0.8780	13.2	0.6581	0.4846	1.3580
0.0847	0.8780	13.7	0.6783	0.4846	1.3997
0.0847	0.8780	14.2	0.6589	0.4846	1.3595
0.0847	0.8780	14.7	0.6197	0.4846	1.2788
0.0847	0.8780	15.2	0.6482	0.4846	1.3375
0.0847	0.8780	15.7	0.6510	0.4846	1.3432
0.0847	0.8780	16.2	0.6450	0.4846	1.3309
0.0847	0.8780	16.7	0.6174	0.4846	1.2740
0.0847	0.8780	17.2	0.6201	0.4846	1.2796
0.0847	0.8780	17.8	0.6694	0.4846	1.3812
0.0847	0.8780	18.3	0.6723	0.4846	1.3873
0.0847	0.8780	18.8	0.6465	0.4846	1.3340
0.0847	0.8780	19.3	0.6369	0.4846	1.3142
0.0847	0.8780	19.8	0.6587	0.4846	1.3593
0.0847	0.8780	20.3	0.6485	0.4846	1.3380
0.0847	0.8780	20.8	0.6113	0.4846	1.2613
0.0847	0.8780	21.3	0.6451	0.4846	1.3311
0.0847	0.8780	21.8	0.5987	0.4846	1.2354
0.0847	0.8780	22.4	0.6443	0.4846	1.3295
0.0847	0.8780	22.9	0.6495	0.4846	1.3401
0.0847	0.8780	23.4	0.6418	0.4846	1.3244
0.0847	0.8780	23.9	0.6007	0.4846	1.2395
0.0847	0.8780	24.4	0.5942	0.4846	1.2261
0.0847	0.8780	24.9	0.6078	0.4846	1.2542
0.0847	0.8780	25.4	0.6154	0.4846	1.2699
0.0847	0.8780	25.9	0.6340	0.4846	1.3082
0.0847	0.8780	26.4	0.5880	0.4846	1.2133
0.0847	0.8780	26.9	0.6427	0.4846	1.3263
0.0847	0.8780	27.4	0.6656	0.4846	1.3734
0.0847	0.8780	28.0	0.6588	0.4846	1.3595
0.0847	0.8780	28.5	0.6632	0.4846	1.3685
0.0847	0.8780	29.0	0.6559	0.4846	1.3534
0.0847	0.8780	29.5	0.6709	0.4846	1.3844
0.0847	0.8780	30.0	0.6723	0.4846	1.3872
0.0984	0.8490	5.0	0.4110	0.5062	0.8120
0.0984	0.8490	5.5	0.3922	0.5062	0.7748
0.0984	0.8490	6.0	0.4255	0.5062	0.8405
0.0984	0.8490	6.5	0.4354	0.5062	0.8601
0.0984	0.8490	7.0	0.4237	0.5062	0.8369
0.0984	0.8490	7.5	0.3388	0.5062	0.6693
0.0984	0.8490	8.1	0.4065	0.5062	0.8030
0.0984	0.8490	8.6	0.4667	0.5062	0.9220
0.0984	0.8490	9.1	0.4778	0.5062	0.9439
0.0984	0.8490	9.6	0.5217	0.5062	1.0306
0.0984	0.8490	10.1	0.5271	0.5062	1.0413
0.0984	0.8490	10.6	0.5836	0.5062	1.1529
0.0984	0.8490	11.1	0.5972	0.5062	1.1797
0.0984	0.8490	11.6	0.6794	0.5062	1.3420
0.0984	0.8490	12.1	0.6493	0.5062	1.2826
0.0984	0.8490	12.7	0.5854	0.5062	1.1564
0.0984	0.8490	13.2	0.6177	0.5062	1.2203
0.0984	0.8490	13.7	0.6384	0.5062	1.2612
0.0984	0.8490	14.2	0.6461	0.5062	1.2764
0.0984	0.8490	14.7	0.6163	0.5062	1.2175
0.0984	0.8490	15.2	0.6489	0.5062	1.2819
0.0984	0.8490	15.7	0.6428	0.5062	1.2698
0.0984	0.8490	16.2	0.6422	0.5062	1.2687
0.0984	0.8490	16.7	0.6352	0.5062	1.2549
0.0984	0.8490	17.2	0.5914	0.5062	1.1684
0.0984	0.8490	17.8	0.6058	0.5062	1.1967
0.0984	0.8490	18.3	0.6191	0.5062	1.2230
0.0984	0.8490	18.8	0.6270	0.5062	1.2386
0.0984	0.8490	19.3	0.6273	0.5062	1.2393
0.0984	0.8490	19.8	0.6446	0.5062	1.2735
0.0984	0.8490	20.3	0.6519	0.5062	1.2878
0.0984	0.8490	20.8	0.6528	0.5062	1.2896
0.0984	0.8490	21.3	0.6670	0.5062	1.3176
0.0984	0.8490	21.8	0.6457	0.5062	1.2756
0.0984	0.8490	22.4	0.6346	0.5062	1.2536
0.0984	0.8490	22.9	0.6906	0.5062	1.3642
0.0984	0.8490	23.4	0.6854	0.5062	1.3540
0.0984	0.8490	23.9	0.6958	0.5062	1.3746
0.0984	0.8490	24.4	0.6765	0.5062	1.3363
0.0984	0.8490	24.9	0.7055	0.5062	1.3936
0.0984	0.8490	25.4	0.6234	0.5062	1.2314
0.0984	0.8490	25.9	0.6423	0.5062	1.2688
0.0984	0.8490	26.4	0.5872	0.5062	1.1600
0.0984	0.8490	26.9	0.6294	0.5062	1.2434
0.0984	0.8490	27.4	0.5981	0.5062	1.1815
0.0984	0.8490	28.0	0.6243	0.5062	1.2333
0.0984	0.8490	28.5	0.5958	0.5062	1.1770
0.0984	0.8490	29.0	0.6270	0.5062	1.2386
0.0984	0.8490	29.5	0.5434	0.5062	1.0735
0.0984	0.8490	30.0	0.5193	0.5062	1.0258
0.1120	0.8290	5.0	0.4746	0.4713	1.0069
0.1120	0.8290	5.5	0.4571	0.4713	0.9698
0.1120	0.8290	6.0	0.4356	0.4713	0.9243
0.1120	0.8290	6.5	0.4351	0.4713	0.9230
0.1120	0.8290	7.0	0.4197	0.4713	0.8905
0.1120	0.8290	7.5	0.3742	0.4713	0.7939
0.1120	0.8290	8.1	0.4207	0.4713	0.8925
0.1120	0.8290	8.6	0.4454	0.4713	0.9450
0.1120	0.8290	9.1	0.4316	0.4713	0.9157
0.1120	0.8290	9.6	0.4408	0.4713	0.9351
0.1120	0.8290	10.1	0.4342	0.4713	0.9211
0.1120	0.8290	10.6	0.4467	0.4713	0.9478
0.1120	0.8290	11.1	0.5502	0.4713	1.1673
0.1120	0.8290	11.6	0.6450	0.4713	1.3685
0.1120	0.8290	12.1	0.5954	0.4713	1.2632
0.1120	0.8290	12.7	0.5974	0.4713	1.2674
0.1120	0.8290	13.2	0.6723	0.4713	1.4265
0.1120	0.8290	13.7	0.6283	0.4713	1.3330
0.1120	0.8290	14.2	0.6644	0.4713	1.4096
0.1120	0.8290	14.7	0.6643	0.4713	1.4095
0.1120	0.8290	15.2	0.6566	0.4713	1.3931
0.1120	0.8290	15.7	0.6642	0.4713	1.4092
0.1120	0.8290	16.2	0.6376	0.4713	1.3528
0.1120	0.8290	16.7	0.5959	0.4713	1.2643
0.1120	0.8290	17.2	0.6039	0.4713	1.2812
0.1120	0.8290	17.8	0.6567	0.4713	1.3932
0.1120	0.8290	18.3	0.6627	0.4713	1.4060
0.1120	0.8290	18.8	0.6371	0.4713	1.3516
0.1120	0.8290	19.3	0.6559	0.4713	1.3915
0.1120	0.8290	19.8	0.6649	0.4713	1.4107
0.1120	0.8290	20.3	0.6559	0.4713	1.3916
0.1120	0.8290	20.8	0.6278	0.4713	1.3320
0.1120	0.8290	21.3	0.6623	0.4713	1.4051
0.1120	0.8290	21.8	0.6592	0.4713	1.3985
0.1120	0.8290	22.4	0.6449	0.4713	1.3683
0.1120	0.8290	22.9	0.6287	0.4713	1.3339
0.1120	0.8290	23.4	0.6552	0.4713	1.3901
0.1120	0.8290	23.9	0.6321	0.4713	1.3410
0.1120	0.8290	24.4	0.6610	0.4713	1.4025
0.1120	0.8290	24.9	0.6341	0.4713	1.3453
0.1120	0.8290	25.4	0.6180	0.4713	1.3111
0.1120	0.8290	25.9	0.6688	0.4713	1.4190
0.1120	0.8290	26.4	0.6394	0.4713	1.3566
0.1120	0.8290	26.9	0.6464	0.4713	1.3715
0.1120	0.8290	27.4	0.6352	0.4713	1.3477
0.1120	0.8290	28.0	0.6607	0.4713	1.4018
0.1120	0.8290	28.5	0.6286	0.4713	1.3336
0.1120	0.8290	29.0	0.6894	0.4713	1.4627
0.1120	0.8290	29.5	0.6951	0.4713	1.4747
0.1120	0.8290	30.0	0.7200	0.4713	1.5277
0.1257	0.8090	5.0	0.4850	0.4053	1.1966
0.1257	0.8090	5.5	0.4211	0.4053	1.0391
0.1257	0.8090	6.0	0.4183	0.4053	1.0321
0.1257	0.8090	6.5	0.4660	0.4053	1.1498
0.1257	0.8090	7.0	0.4502	0.4053	1.1108
0.1257	0.8090	7.5	0.4230	0.4053	1.0438
0.1257	0.8090	8.1	0.3763	0.4053	0.9285
0.1257	0.8090	8.6	0.3402	0.4053	0.8396
0.1257	0.8090	9.1	0.3749	0.4053	0.9250
0.1257	0.8090	9.6	0.5065	0.4053	1.2499
0.1257	0.8090	10.1	0.5237	0.4053	1.2922
0.1257	0.8090	10.6	0.4995	0.4053	1.2324
0.1257	0.8090	11.1	0.4829	0.4053	1.1916
0.1257	0.8090	11.6	0.5048	0.4053	1.2457
0.1257	0.8090	12.1	0.4957	0.4053	1.2231
0.1257	0.8090	12.7	0.4970	0.4053	1.2264
0.1257	0.8090	13.2	0.4993	0.4053	1.2320
0.1257	0.8090	13.7	0.5179	0.4053	1.2778
0.1257	0.8090	14.2	0.5391	0.4053	1.3301
0.1257	0.8090	14.7	0.6059	0.4053	1.4950
0.1257	0.8090	15.2	0.5964	0.4053	1.4716
0.1257	0.8090	15.7	0.6222	0.4053	1.5352
0.1257	0.8090	16.2	0.5613	0.4053	1.3849
0.1257	0.8090	16.7	0.5333	0.4053	1.3158
0.1257	0.8090	17.2	0.5652	0.4053	1.3946
0.1257	0.8090	17.8	0.5588	0.4053	1.3788
0.1257	0.8090	18.3	0.6015	0.4053	1.4841
0.1257	0.8090	18.8	0.5618	0.4053	1.3861
0.1257	0.8090	19.3	0.6051	0.4053	1.4930
0.1257	0.8090	19.8	0.5810	0.4053	1.4337
0.1257	0.8090	20.3	0.6135	0.4053	1.5138
0.1257	0.8090	20.8	0.6092	0.4053	1.5032
0.1257	0.8090	21.3	0.5542	0.4053	1.3674
0.1257	0.8090	21.8	0.6240	0.4053	1.5398
0.1257	0.8090	22.4	0.5589	0.4053	1.3790
0.1257	0.8090	22.9	0.5787	0.4053	1.4279
0.1257	0.8090	23.4	0.6276	0.4053	1.5487
0.1257	0.8090	23.9	0.6267	0.4053	1.5464
0.1257	0.8090	24.4	0.5772	0.4053	1.4242
0.1257	0.8090	24.9	0.5737	0.4053	1.4156
0.1257	0.8090	25.4	0.5984	0.4053	1.4766
0.1257	0.8090	25.9	0.5761	0.4053	1.4214
0.1257	0.8090	26.4	0.5822	0.4053	1.4366
0.1257	0.8090	26.9	0.5417	0.4053	1.3367
0.1257	0.8090	27.4	0.5801	0.4053	1.4314
0.1257	0.8090	28.0	0.6345	0.4053	1.5656
0.1257	0.8090	28.5	0.6273	0.4053	1.5478
0.1257	0.8090	29.0	0.6149	0.4053	1.5172
0.1257	0.8090	29.5	0.6045	0.4053	1.4917
0.1257	0.8090	30.0	0.5873	0.4053	1.4492
0.1394	0.7800	5.0	0.4471	0.4195	1.0656
0.1394	0.7800	5.5	0.4472	0.4195	1.0659
0.1394	0.7800	6.0	0.4807	0.4195	1.1457
0.1394	0.7800	6.5	0.4660	0.4195	1.1108
0.1394	0.7800	7.0	0.4711	0.4195	1.1228
0.1394	0.7800	7.5	0.4226	0.4195	1.0073
0.1394	0.7800	8.1	0.3792	0.4195	0.9038
0.1394	0.7800	8.6	0.3551	0.4195	0.8465
0.1394	0.7800	9.1	0.3475	0.4195	0.8282
0.1394	0.7800	9.6	0.4166	0.4195	0.9929
0.1394	0.7800	10.1	0.5115	0.4195	1.2193
0.1394	0.7800	10.6	0.5176	0.4195	1.2337
0.1394	0.7800	11.1	0.4935	0.4195	1.1762
0.1394	0.7800	11.6	0.5485	0.4195	1.3073
0.1394	0.7800	12.1	0.5990	0.4195	1.4277
0.1394	0.7800	12.7	0.5460	0.4195	1.3014
0.1394	0.7800	13.2	0.5883	0.4195	1.4021
0.1394	0.7800	13.7	0.5881	0.4195	1.4016
0.1394	0.7800	14.2	0.5880	0.4195	1.4014
0.1394	0.7800	14.7	0.6297	0.4195	1.5009
0.1394	0.7800	15.2	0.6510	0.4195	1.5517
0.1394	0.7800	15.7	0.6202	0.4195	1.4782
0.1394	0.7800	16.2	0.6497	0.4195	1.5486
0.1394	0.7800	16.7	0.6235	0.4195	1.4862
0.1394	0.7800	17.2	0.6275	0.4195	1.4958
0.1394	0.7800	17.8	0.6260	0.4195	1.4920
0.1394	0.7800	18.3	0.6087	0.4195	1.4508
0.1394	0.7800	18.8	0.6266	0.4195	1.4935
0.1394	0.7800	19.3	0.6393	0.4195	1.5237
0.1394	0.7800	19.8	0.6349	0.4195	1.5132
0.1394	0.7800	20.3	0.6541	0.4195	1.5590
0.1394	0.7800	20.8	0.6331	0.4195	1.5090
0.1394	0.7800	21.3	0.6589	0.4195	1.5704
0.1394	0.7800	21.8	0.6177	0.4195	1.4723
0.1394	0.7800	22.4	0.6169	0.4195	1.4704
0.1394	0.7800	22.9	0.6233	0.4195	1.4857
0.1394	0.7800	23.4	0.6553	0.4195	1.5619
0.1394	0.7800	23.9	0.6312	0.4195	1.5045
0.1394	0.7800	24.4	0.5849	0.4195	1.3942
0.1394	0.7800	24.9	0.6365	0.4195	1.5172
0.1394	0.7800	25.4	0.6714	0.4195	1.6003
0.1394	0.7800	25.9	0.6557	0.4195	1.5629
0.1394	0.7800	26.4	0.6476	0.4195	1.5436
0.1394	0.7800	26.9	0.6125	0.4195	1.4599
0.1394	0.7800	27.4	0.6069	0.4195	1.4465
0.1394	0.7800	28.0	0.6339	0.4195	1.5108
0.1394	0.7800	28.5	0.6219	0.4195	1.4822
0.1394	0.7800	29.0	0.6677	0.4195	1.5914
0.1394	0.7800	29.5	0.5948	0.4195	1.4178
0.1394	0.7800	30.0	0.6916	0.4195	1.6484
0.1531	0.7550	5.0	0.4339	0.3710	1.1695
0.1531	0.7550	5.5	0.4347	0.3710	1.1715
0.1531	0.7550	6.0	0.4289	0.3710	1.1560
0.1531	0.7550	6.5	0.4111	0.3710	1.1081
0.1531	0.7550	7.0	0.4001	0.3710	1.0782
0.1531	0.7550	7.5	0.3865	0.3710	1.0418
0.1531	0.7550	8.1	0.3563	0.3710	0.9604
0.1531	0.7550	8.6	0.3350	0.3710	0.9028
0.1531	0.7550	9.1	0.3299	0.3710	0.8891
0.1531	0.7550	9.6	0.3225	0.3710	0.8693
0.1531	0.7550	10.1	0.3276	0.3710	0.8828
0.1531	0.7550	10.6	0.3127	0.3710	0.8428
0.1531	0.7550	11.1	0.4531	0.3710	1.2211
0.1531	0.7550	11.6	0.5273	0.3710	1.4211
0.1531	0.7550	12.1	0.5373	0.3710	1.4481
0.1531	0.7550	12.7	0.5624	0.3710	1.5158
0.1531	0.7550	13.2	0.5432	0.3710	1.4641
0.1531	0.7550	13.7	0.5532	0.3710	1.4909
0.1531	0.7550	14.2	0.5694	0.3710	1.5346
0.1531	0.7550	14.7	0.5685	0.3710	1.5323
0.1531	0.7550	15.2	0.5498	0.3710	1.4818
0.1531	0.7550	15.7	0.5599	0.3710	1.5091
0.1531	0.7550	16.2	0.5783	0.3710	1.5586
0.1531	0.7550	16.7	0.5786	0.3710	1.5595
0.1531	0.7550	17.2	0.6120	0.3710	1.6494
0.1531	0.7550	17.8	0.5720	0.3710	1.5416
0.1531	0.7550	18.3	0.6035	0.3710	1.6264
0.1531	0.7550	18.8	0.5880	0.3710	1.5847
0.1531	0.7550	19.3	0.5898	0.3710	1.5895
0.1531	0.7550	19.8	0.6022	0.3710	1.6231
0.1531	0.7550	20.3	0.5723	0.3710	1.5423
0.1531	0.7550	20.8	0.5959	0.3710	1.6061
0.1531	0.7550	21.3	0.5939	0.3710	1.6006
0.1531	0.7550	21.8	0.5913	0.3710	1.5936
0.1531	0.7550	22.4	0.5885	0.3710	1.5862
0.1531	0.7550	22.9	0.5349	0.3710	1.4416
0.1531	0.7550	23.4	0.5947	0.3710	1.6029
0.1531	0.7550	23.9	0.6113	0.3710	1.6475
0.1531	0.7550	24.4	0.5723	0.3710	1.5425
0.1531	0.7550	24.9	0.5873	0.3710	1.5830
0.1531	0.7550	25.4	0.5863	0.3710	1.5802
0.1531	0.7550	25.9	0.6116	0.3710	1.6485
0.1531	0.7550	26.4	0.5795	0.3710	1.5619
0.1531	0.7550	26.9	0.5581	0.3710	1.5042
0.1531	0.7550	27.4	0.6037	0.3710	1.6270
0.1531	0.7550	28.0	0.5886	0.3710	1.5863
0.1531	0.7550	28.5	0.6054	0.3710	1.6318
0.1531	0.7550	29.0	0.5425	0.3710	1.4621
0.1531	0.7550	29.5	0.5478	0.3710	1.4764
0.1531	0.7550	30.0	0.5866	0.3710	1.5810
0.1667	0.7414	5.0	0.4765	0.3856	1.2358
0.1667	0.7414	5.5	0.4814	0.3856	1.2484
0.1667	0.7414	6.0	0.4435	0.3856	1.1502
0.1667	0.7414	6.5	0.4459	0.3856	1.1564
0.1667	0.7414	7.0	0.4426	0.3856	1.1478
0.1667	0.7414	7.5	0.3712	0.3856	0.9627
0.1667	0.7414	8.1	0.3551	0.3856	0.9211
0.1667	0.7414	8.6	0.3269	0.3856	0.8477
0.1667	0.7414	9.1	0.3085	0.3856	0.8000
0.1667	0.7414	9.6	0.2998	0.3856	0.7776
0.1667	0.7414	10.1	0.4751	0.3856	1.2321
0.1667	0.7414	10.6	0.4697	0.3856	1.2181
0.1667	0.7414	11.1	0.4519	0.3856	1.1719
0.1667	0.7414	11.6	0.4604	0.3856	1.1940
0.1667	0.7414	12.1	0.4870	0.3856	1.2632
0.1667	0.7414	12.7	0.4959	0.3856	1.2862
0.1667	0.7414	13.2	0.4799	0.3856	1.2446
0.1667	0.7414	13.7	0.4624	0.3856	1.1991
0.1667	0.7414	14.2	0.5148	0.3856	1.3352
0.1667	0.7414	14.7	0.4998	0.3856	1.2963
0.1667	0.7414	15.2	0.5484	0.3856	1.4223
0.1667	0.7414	15.7	0.5195	0.3856	1.3474
0.1667	0.7414	16.2	0.5642	0.3856	1.4633
0.1667	0.7414	16.7	0.5700	0.3856	1.4784
0.1667	0.7414	17.2	0.6138	0.3856	1.5919
0.1667	0.7414	17.8	0.6156	0.3856	1.5966
0.1667	0.7414	18.3	0.6162	0.3856	1.5981
0.1667	0.7414	18.8	0.6012	0.3856	1.5592
0.1667	0.7414	19.3	0.6019	0.3856	1.5612
0.1667	0.7414	19.8	0.5910	0.3856	1.5327
0.1667	0.7414	20.3	0.5678	0.3856	1.4726
0.1667	0.7414	20.8	0.5654	0.3856	1.4663
0.1667	0.7414	21.3	0.6237	0.3856	1.6175
0.1667	0.7414	21.8	0.5881	0.3856	1.5252
0.1667	0.7414	22.4	0.6293	0.3856	1.6320
0.1667	0.7414	22.9	0.5954	0.3856	1.5443
0.1667	0.7414	23.4	0.6073	0.3856	1.5751
0.1667	0.7414	23.9	0.6063	0.3856	1.5725
0.1667	0.7414	24.4	0.6194	0.3856	1.6064
0.1667	0.7414	24.9	0.5750	0.3856	1.4913
0.1667	0.7414	25.4	0.6002	0.3856	1.5566
0.1667	0.7414	25.9	0.6150	0.3856	1.5951
0.1667	0.7414	26.4	0.6252	0.3856	1.6215
0.1667	0.7414	26.9	0.6128	0.3856	1.5894
0.1667	0.7414	27.4	0.6300	0.3856	1.6339
0.1667	0.7414	28.0	0.6141	0.3856	1.5926
0.1667	0.7414	28.5	0.6014	0.3856	1.5597
0.1667	0.7414	29.0	0.5888	0.3856	1.5271
0.1667	0.7414	29.5	0.6169	0.3856	1.6000
0.1667	0.7414	30.0	0.6293	0.3856	1.6322
0.1804	0.7166	5.0	0.3915	0.3543	1.1048
0.1804	0.7166	5.5	0.3747	0.3543	1.0575
0.1804	0.7166	6.0	0.3613	0.3543	1.0197
0.1804	0.7166	6.5	0.4015	0.3543	1.1329
0.1804	0.7166	7.0	0.3823	0.3543	1.0788
0.1804	0.7166	7.5	0.3527	0.3543	0.9955
0.1804	0.7166	8.1	0.4435	0.3543	1.2515
0.1804	0.7166	8.6	0.5770	0.3543	1.6283
0.1804	0.7166	9.1	0.5072	0.3543	1.4313
0.1804	0.7166	9.6	0.5219	0.3543	1.4727
0.1804	0.7166	10.1	0.5575	0.3543	1.5734
0.1804	0.7166	10.6	0.5187	0.3543	1.4639
0.1804	0.7166	11.1	0.5582	0.3543	1.5753
0.1804	0.7166	11.6	0.5375	0.3543	1.5168
0.1804	0.7166	12.1	0.5062	0.3543	1.4285
0.1804	0.7166	12.7	0.4866	0.3543	1.3733
0.1804	0.7166	13.2	0.4604	0.3543	1.2993
0.1804	0.7166	13.7	0.5375	0.3543	1.5168
0.1804	0.7166	14.2	0.4891	0.3543	1.3802
0.1804	0.7166	14.7	0.5328	0.3543	1.5037
0.1804	0.7166	15.2	0.4493	0.3543	1.2681
0.1804	0.7166	15.7	0.5044	0.3543	1.4234
0.1804	0.7166	16.2	0.4947	0.3543	1.3962
0.1804	0.7166	16.7	0.4472	0.3543	1.2621
0.1804	0.7166	17.2	0.4336	0.3543	1.2238
0.1804	0.7166	17.8	0.4792	0.3543	1.3523
0.1804	0.7166	18.3	0.4210	0.3543	1.1881
0.1804	0.7166	18.8	0.4261	0.3543	1.2024
0.1804	0.7166	19.3	0.4337	0.3543	1.2241
0.1804	0.7166	19.8	0.4658	0.3543	1.3145
0.1804	0.7166	20.3	0.4730	0.3543	1.3349
0.1804	0.7166	20.8	0.3987	0.3543	1.1252
0.1804	0.7166	21.3	0.3876	0.3543	1.0940
0.1804	0.7166	21.8	0.4366	0.3543	1.2321
0.1804	0.7166	22.4	0.4050	0.3543	1.1430
0.1804	0.7166	22.9	0.4886	0.3543	1.3790
0.1804	0.7166	23.4	0.4495	0.3543	1.2685
0.1804	0.7166	23.9	0.4353	0.3543	1.2284
0.1804	0.7166	24.4	0.5257	0.3543	1.4836
0.1804	0.7166	24.9	0.4863	0.3543	1.3723
0.1804	0.7166	25.4	0.5702	0.3543	1.6092
0.1804	0.7166	25.9	0.5660	0.3543	1.5973
0.1804	0.7166	26.4	0.5433	0.3543	1.5332
0.1804	0.7166	26.9	0.5964	0.3543	1.6832
0.1804	0.7166	27.4	0.5581	0.3543	1.5749
0.1804	0.7166	28.0	0.5798	0.3543	1.6362
0.1804	0.7166	28.5	0.5605	0.3543	1.5818
0.1804	0.7166	29.0	0.5710	0.3543	1.6113
0.1804	0.7166	29.5	0.5583	0.3543	1.5755
0.1804	0.7166	30.0	0.6200	0.3543	1.7497
0.1941	0.6876	5.0	0.4395	0.3165	1.3884
0.1941	0.6876	5.5	0.4208	0.3165	1.3296
0.1941	0.6876	6.0	0.4168	0.3165	1.3169
0.1941	0.6876	6.5	0.4027	0.3165	1.2723
0.1941	0.6876	7.0	0.4384	0.3165	1.3849
0.1941	0.6876	7.5	0.4320	0.3165	1.3649
0.1941	0.6876	8.1	0.3924	0.3165	1.2398
0.1941	0.6876	8.6	0.3597	0.3165	1.1364
0.1941	0.6876	9.1	0.3283	0.3165	1.0373
0.1941	0.6876	9.6	0.3187	0.3165	1.0070
0.1941	0.6876	10.1	0.4940	0.3165	1.5606
0.1941	0.6876	10.6	0.5282	0.3165	1.6689
0.1941	0.6876	11.1	0.5470	0.3165	1.7282
0.1941	0.6876	11.6	0.4982	0.3165	1.5740
0.1941	0.6876	12.1	0.5474	0.3165	1.7294
0.1941	0.6876	12.7	0.5307	0.3165	1.6765
0.1941	0.6876	13.2	0.4558	0.3165	1.4401
0.1941	0.6876	13.7	0.5354	0.3165	1.6914
0.1941	0.6876	14.2	0.5417	0.3165	1.7115
0.1941	0.6876	14.7	0.5054	0.3165	1.5968
0.1941	0.6876	15.2	0.5427	0.3165	1.7145
0.1941	0.6876	15.7	0.5305	0.3165	1.6762
0.1941	0.6876	16.2	0.5461	0.3165	1.7253
0.1941	0.6876	16.7	0.5759	0.3165	1.8195
0.1941	0.6876	17.2	0.5450	0.3165	1.7219
0.1941	0.6876	17.8	0.5077	0.3165	1.6041
0.1941	0.6876	18.3	0.5132	0.3165	1.6215
0.1941	0.6876	18.8	0.5606	0.3165	1.7710
0.1941	0.6876	19.3	0.4627	0.3165	1.4617
0.1941	0.6876	19.8	0.5174	0.3165	1.6347
0.1941	0.6876	20.3	0.5446	0.3165	1.7207
0.1941	0.6876	20.8	0.5126	0.3165	1.6196
0.1941	0.6876	21.3	0.5431	0.3165	1.7160
0.1941	0.6876	21.8	0.5464	0.3165	1.7261
0.1941	0.6876	22.4	0.5600	0.3165	1.7694
0.1941	0.6876	22.9	0.5447	0.3165	1.7209
0.1941	0.6876	23.4	0.5227	0.3165	1.6515
0.1941	0.6876	23.9	0.5289	0.3165	1.6711
0.1941	0.6876	24.4	0.5496	0.3165	1.7363
0.1941	0.6876	24.9	0.5239	0.3165	1.6553
0.1941	0.6876	25.4	0.5042	0.3165	1.5929
0.1941	0.6876	25.9	0.5210	0.3165	1.6460
0.1941	0.6876	26.4	0.5506	0.3165	1.7396
0.1941	0.6876	26.9	0.5319	0.3165	1.6804
0.1941	0.6876	27.4	0.5495	0.3165	1.7361
0.1941	0.6876	28.0	0.5082	0.3165	1.6055
0.1941	0.6876	28.5	0.5424	0.3165	1.7136
0.1941	0.6876	29.0	0.5314	0.3165	1.6788
0.1941	0.6876	29.5	0.5758	0.3165	1.8190
0.1941	0.6876	30.0	0.5538	0.3165	1.7496
0.2078	0.6734	5.0	0.4376	0.3581	1.2220
0.2078	0.6734	5.5	0.4588	0.3581	1.2811
0.2078	0.6734	6.0	0.4506	0.3581	1.2582
0.2078	0.6734	6.5	0.4464	0.3581	1.2466
0.2078	0.6734	7.0	0.4206	0.3581	1.1745
0.2078	0.6734	7.5	0.4056	0.3581	1.1328
0.2078	0.6734	8.1	0.3863	0.3581	1.0787
0.2078	0.6734	8.6	0.3338	0.3581	0.9322
0.2078	0.6734	9.1	0.3241	0.3581	0.9050
0.2078	0.6734	9.6	0.3421	0.3581	0.9553
0.2078	0.6734	10.1	0.3752	0.3581	1.0478
0.2078	0.6734	10.6	0.4784	0.3581	1.3359
0.2078	0.6734	11.1	0.4856	0.3581	1.3561
0.2078	0.6734	11.6	0.4860	0.3581	1.3571
0.2078	0.6734	12.1	0.4754	0.3581	1.3275
0.2078	0.6734	12.7	0.5155	0.3581	1.4394
0.2078	0.6734	13.2	0.4961	0.3581	1.3853
0.2078	0.6734	13.7	0.5326	0.3581	1.4872
0.2078	0.6734	14.2	0.5601	0.3581	1.5642
0.2078	0.6734	14.7	0.4946	0.3581	1.3813
0.2078	0.6734	15.2	0.5206	0.3581	1.4537
0.2078	0.6734	15.7	0.5066	0.3581	1.4148
0.2078	0.6734	16.2	0.5160	0.3581	1.4409
0.2078	0.6734	16.7	0.4992	0.3581	1.3939
0.2078	0.6734	17.2	0.5294	0.3581	1.4785
0.2078	0.6734	17.8	0.5155	0.3581	1.4395
0.2078	0.6734	18.3	0.5208	0.3581	1.4543
0.2078	0.6734	18.8	0.5252	0.3581	1.4668
0.2078	0.6734	19.3	0.5360	0.3581	1.4967
0.2078	0.6734	19.8	0.5146	0.3581	1.4369
0.2078	0.6734	20.3	0.4976	0.3581	1.3896
0.2078	0.6734	20.8	0.5191	0.3581	1.4496
0.2078	0.6734	21.3	0.5429	0.3581	1.5161
0.2078	0.6734	21.8	0.5038	0.3581	1.4070
0.2078	0.6734	22.4	0.5179	0.3581	1.4461
0.2078	0.6734	22.9	0.5208	0.3581	1.4543
0.2078	0.6734	23.4	0.5681	0.3581	1.5864
0.2078	0.6734	23.9	0.5310	0.3581	1.4829
0.2078	0.6734	24.4	0.5655	0.3581	1.5792
0.2078	0.6734	24.9	0.5759	0.3581	1.6083
0.2078	0.6734	25.4	0.5260	0.3581	1.4689
0.2078	0.6734	25.9	0.5371	0.3581	1.4999
0.2078	0.6734	26.4	0.5406	0.3581	1.5096
0.2078	0.6734	26.9	0.5283	0.3581	1.4752
0.2078	0.6734	27.4	0.5639	0.3581	1.5746
0.2078	0.6734	28.0	0.5347	0.3581	1.4930
0.2078	0.6734	28.5	0.4852	0.3581	1.3549
0.2078	0.6734	29.0	0.5219	0.3581	1.4574
0.2078	0.6734	29.5	0.5143	0.3581	1.4361
0.2078	0.6734	30.0	0.5851	0.3581	1.6338
0.2214	0.6604	5.0	0.4554	0.3426	1.3292
0.2214	0.6604	5.5	0.4577	0.3426	1.3359
0.2214	0.6604	6.0	0.4364	0.3426	1.2739
0.2214	0.6604	6.5	0.4354	0.3426	1.2710
0.2214	0.6604	7.0	0.4226	0.3426	1.2335
0.2214	0.6604	7.5	0.4612	0.3426	1.3463
0.2214	0.6604	8.1	0.4515	0.3426	1.3179
0.2214	0.6604	8.6	0.4119	0.3426	1.2023
0.2214	0.6604	9.1	0.3927	0.3426	1.1463
0.2214	0.6604	9.6	0.3780	0.3426	1.1035
0.2214	0.6604	10.1	0.3159	0.3426	0.9222
0.2214	0.6604	10.6	0.2937	0.3426	0.8572
0.2214	0.6604	11.1	0.3029	0.3426	0.8842
0.2214	0.6604	11.6	0.3457	0.3426	1.0090
0.2214	0.6604	12.1	0.4342	0.3426	1.2675
0.2214	0.6604	12.7	0.4315	0.3426	1.2596
0.2214	0.6604	13.2	0.5452	0.3426	1.5915
0.2214	0.6604	13.7	0.5620	0.3426	1.6404
0.2214	0.6604	14.2	0.6227	0.3426	1.8177
0.2214	0.6604	14.7	0.6350	0.3426	1.8535
0.2214	0.6604	15.2	0.5920	0.3426	1.7278
0.2214	0.6604	15.7	0.6039	0.3426	1.7626
0.2214	0.6604	16.2	0.6355	0.3426	1.8550
0.2214	0.6604	16.7	0.6052	0.3426	1.7666
0.2214	0.6604	17.2	0.5990	0.3426	1.7484
0.2214	0.6604	17.8	0.6380	0.3426	1.8621
0.2214	0.6604	18.3	0.6315	0.3426	1.8433
0.2214	0.6604	18.8	0.6075	0.3426	1.7733
0.2214	0.6604	19.3	0.6075	0.3426	1.7732
0.2214	0.6604	19.8	0.5959	0.3426	1.7395
0.2214	0.6604	20.3	0.6129	0.3426	1.7890
0.2214	0.6604	20.8	0.6093	0.3426	1.7786
0.2214	0.6604	21.3	0.6235	0.3426	1.8201
0.2214	0.6604	21.8	0.5993	0.3426	1.7493
0.2214	0.6604	22.4	0.6083	0.3426	1.7756
0.2214	0.6604	22.9	0.6264	0.3426	1.8284
0.2214	0.6604	23.4	0.6187	0.3426	1.8059
0.2214	0.6604	23.9	0.6416	0.3426	1.8726
0.2214	0.6604	24.4	0.6121	0.3426	1.7865
0.2214	0.6604	24.9	0.6206	0.3426	1.8114
0.2214	0.6604	25.4	0.6041	0.3426	1.7633
0.2214	0.6604	25.9	0.5918	0.3426	1.7273
0.2214	0.6604	26.4	0.5878	0.3426	1.7158
0.2214	0.6604	26.9	0.6167	0.3426	1.8000
0.2214	0.6604	27.4	0.5932	0.3426	1.7316
0.2214	0.6604	28.0	0.6134	0.3426	1.7903
0.2214	0.6604	28.5	0.6004	0.3426	1.7525
0.2214	0.6604	29.0	0.5882	0.3426	1.7170
0.2214	0.6604	29.5	0.6261	0.3426	1.8275
0.2214	0.6604	30.0	0.6339	0.3426	1.8503
0.2351	0.6645	5.0	0.4537	0.3075	1.4756
0.2351	0.6645	5.5	0.4509	0.3075	1.4664
0.2351	0.6645	6.0	0.4185	0.3075	1.3613
0.2351	0.6645	6.5	0.4231	0.3075	1.3761
0.2351	0.6645	7.0	0.4143	0.3075	1.3475
0.2351	0.6645	7.5	0.3934	0.3075	1.2794
0.2351	0.6645	8.1	0.3756	0.3075	1.2215
0.2351	0.6645	8.6	0.4283	0.3075	1.3931
0.2351	0.6645	9.1	0.4009	0.3075	1.3040
0.2351	0.6645	9.6	0.3646	0.3075	1.1859
0.2351	0.6645	10.1	0.2987	0.3075	0.9714
0.2351	0.6645	10.6	0.2887	0.3075	0.9389
0.2351	0.6645	11.1	0.4061	0.3075	1.3208
0.2351	0.6645	11.6	0.5014	0.3075	1.6309
0.2351	0.6645	12.1	0.5500	0.3075	1.7889
0.2351	0.6645	12.7	0.5473	0.3075	1.7802
0.2351	0.6645	13.2	0.5828	0.3075	1.8955
0.2351	0.6645	13.7	0.5581	0.3075	1.8151
0.2351	0.6645	14.2	0.5895	0.3075	1.9175
0.2351	0.6645	14.7	0.5813	0.3075	1.8907
0.2351	0.6645	15.2	0.5672	0.3075	1.8449
0.2351	0.6645	15.7	0.5728	0.3075	1.8631
0.2351	0.6645	16.2	0.5794	0.3075	1.8846
0.2351	0.6645	16.7	0.5591	0.3075	1.8184
0.2351	0.6645	17.2	0.5713	0.3075	1.8580
0.2351	0.6645	17.8	0.5905	0.3075	1.9205
0.2351	0.6645	18.3	0.5768	0.3075	1.8761
0.2351	0.6645	18.8	0.5916	0.3075	1.9242
0.2351	0.6645	19.3	0.5682	0.3075	1.8479
0.2351	0.6645	19.8	0.5605	0.3075	1.8229
0.2351	0.6645	20.3	0.5488	0.3075	1.7850
0.2351	0.6645	20.8	0.5721	0.3075	1.8608
0.2351	0.6645	21.3	0.5634	0.3075	1.8323
0.2351	0.6645	21.8	0.5494	0.3075	1.7870
0.2351	0.6645	22.4	0.5388	0.3075	1.7525
0.2351	0.6645	22.9	0.5679	0.3075	1.8472
0.2351	0.6645	23.4	0.5628	0.3075	1.8305
0.2351	0.6645	23.9	0.5685	0.3075	1.8491
0.2351	0.6645	24.4	0.5542	0.3075	1.8026
0.2351	0.6645	24.9	0.5612	0.3075	1.8253
0.2351	0.6645	25.4	0.5678	0.3075	1.8467
0.2351	0.6645	25.9	0.5398	0.3075	1.7555
0.2351	0.6645	26.4	0.5333	0.3075	1.7346
0.2351	0.6645	26.9	0.5732	0.3075	1.8644
0.2351	0.6645	27.4	0.5626	0.3075	1.8299
0.2351	0.6645	28.0	0.5585	0.3075	1.8164
0.2351	0.6645	28.5	0.5604	0.3075	1.8227
0.2351	0.6645	29.0	0.5867	0.3075	1.9083
0.2351	0.6645	29.5	0.5573	0.3075	1.8125
0.2351	0.6645	30.0	0.5481	0.3075	1.7825
0.2488	0.6175	5.0	0.4836	0.3085	1.5675
0.2488	0.6175	5.5	0.4761	0.3085	1.5433
0.2488	0.6175	6.0	0.4661	0.3085	1.5109
0.2488	0.6175	6.5	0.4004	0.3085	1.2980
0.2488	0.6175	7.0	0.3879	0.3085	1.2573
0.2488	0.6175	7.5	0.4304	0.3085	1.3953
0.2488	0.6175	8.1	0.4035	0.3085	1.3079
0.2488	0.6175	8.6	0.3626	0.3085	1.1754
0.2488	0.6175	9.1	0.3743	0.3085	1.2133
0.2488	0.6175	9.6	0.4088	0.3085	1.3253
0.2488	0.6175	10.1	0.3770	0.3085	1.2222
0.2488	0.6175	10.6	0.3562	0.3085	1.1547
0.2488	0.6175	11.1	0.3812	0.3085	1.2357
0.2488	0.6175	11.6	0.3778	0.3085	1.2247
0.2488	0.6175	12.1	0.3743	0.3085	1.2132
0.2488	0.6175	12.7	0.3785	0.3085	1.2271
0.2488	0.6175	13.2	0.3831	0.3085	1.2417
0.2488	0.6175	13.7	0.4028	0.3085	1.3057
0.2488	0.6175	14.2	0.3942	0.3085	1.2779
0.2488	0.6175	14.7	0.4326	0.3085	1.4022
0.2488	0.6175	15.2	0.3784	0.3085	1.2266
0.2488	0.6175	15.7	0.3975	0.3085	1.2884
0.2488	0.6175	16.2	0.3631	0.3085	1.1771
0.2488	0.6175	16.7	0.3786	0.3085	1.2274
0.2488	0.6175	17.2	0.3735	0.3085	1.2108
0.2488	0.6175	17.8	0.4456	0.3085	1.4446
0.2488	0.6175	18.3	0.3974	0.3085	1.2883
0.2488	0.6175	18.8	0.4324	0.3085	1.4017
0.2488	0.6175	19.3	0.4574	0.3085	1.4828
0.2488	0.6175	19.8	0.4823	0.3085	1.5633
0.2488	0.6175	20.3	0.4551	0.3085	1.4753
0.2488	0.6175	20.8	0.4764	0.3085	1.5444
0.2488	0.6175	21.3	0.4745	0.3085	1.5382
0.2488	0.6175	21.8	0.4948	0.3085	1.6039
0.2488	0.6175	22.4	0.5076	0.3085	1.6454
0.2488	0.6175	22.9	0.5150	0.3085	1.6695
0.2488	0.6175	23.4	0.5306	0.3085	1.7201
0.2488	0.6175	23.9	0.4849	0.3085	1.5718
0.2488	0.6175	24.4	0.5005	0.3085	1.6225
0.2488	0.6175	24.9	0.5200	0.3085	1.6855
0.2488	0.6175	25.4	0.5110	0.3085	1.6564
0.2488	0.6175	25.9	0.5271	0.3085	1.7085
0.2488	0.6175	26.4	0.5113	0.3085	1.6574
0.2488	0.6175	26.9	0.4701	0.3085	1.5238
0.2488	0.6175	27.4	0.5723	0.3085	1.8551
0.2488	0.6175	28.0	0.5507	0.3085	1.7851
0.2488	0.6175	28.5	0.5783	0.3085	1.8746
0.2488	0.6175	29.0	0.5881	0.3085	1.9065
0.2488	0.6175	29.5	0.5257	0.3085	1.7041
0.2488	0.6175	30.0	0.5452	0.3085	1.7673
0.2624	0.6139	5.0	0.4550	0.3155	1.4421
0.2624	0.6139	5.5	0.4463	0.3155	1.4145
0.2624	0.6139	6.0	0.4244	0.3155	1.3452
0.2624	0.6139	6.5	0.4251	0.3155	1.3474
0.2624	0.6139	7.0	0.4187	0.3155	1.3270
0.2624	0.6139	7.5	0.4142	0.3155	1.3127
0.2624	0.6139	8.1	0.3904	0.3155	1.2375
0.2624	0.6139	8.6	0.3914	0.3155	1.2406
0.2624	0.6139	9.1	0.3444	0.3155	1.0917
0.2624	0.6139	9.6	0.3160	0.3155	1.0016
0.2624	0.6139	10.1	0.3272	0.3155	1.0370
0.2624	0.6139	10.6	0.3839	0.3155	1.2168
0.2624	0.6139	11.1	0.4189	0.3155	1.3279
0.2624	0.6139	11.6	0.4052	0.3155	1.2842
0.2624	0.6139	12.1	0.4039	0.3155	1.2800
0.2624	0.6139	12.7	0.4047	0.3155	1.2826
0.2624	0.6139	13.2	0.3994	0.3155	1.2658
0.2624	0.6139	13.7	0.4071	0.3155	1.2902
0.2624	0.6139	14.2	0.4209	0.3155	1.3342
0.2624	0.6139	14.7	0.3755	0.3155	1.1902
0.2624	0.6139	15.2	0.4170	0.3155	1.3218
0.2624	0.6139	15.7	0.4467	0.3155	1.4158
0.2624	0.6139	16.2	0.4326	0.3155	1.3710
0.2624	0.6139	16.7	0.4024	0.3155	1.2756
0.2624	0.6139	17.2	0.4126	0.3155	1.3078
0.2624	0.6139	17.8	0.3933	0.3155	1.2466
0.2624	0.6139	18.3	0.3802	0.3155	1.2050
0.2624	0.6139	18.8	0.3875	0.3155	1.2281
0.2624	0.6139	19.3	0.4024	0.3155	1.2756
0.2624	0.6139	19.8	0.3779	0.3155	1.1979
0.2624	0.6139	20.3	0.4206	0.3155	1.3331
0.2624	0.6139	20.8	0.4100	0.3155	1.2994
0.2624	0.6139	21.3	0.4567	0.3155	1.4474
0.2624	0.6139	21.8	0.4339	0.3155	1.3754
0.2624	0.6139	22.4	0.4329	0.3155	1.3722
0.2624	0.6139	22.9	0.4359	0.3155	1.3816
0.2624	0.6139	23.4	0.4558	0.3155	1.4448
0.2624	0.6139	23.9	0.4239	0.3155	1.3435
0.2624	0.6139	24.4	0.4097	0.3155	1.2985
0.2624	0.6139	24.9	0.3936	0.3155	1.2476
0.2624	0.6139	25.4	0.4205	0.3155	1.3328
0.2624	0.6139	25.9	0.4536	0.3155	1.4376
0.2624	0.6139	26.4	0.5093	0.3155	1.6144
0.2624	0.6139	26.9	0.4961	0.3155	1.5723
0.2624	0.6139	27.4	0.4453	0.3155	1.4113
0.2624	0.6139	28.0	0.5045	0.3155	1.5990
0.2624	0.6139	28.5	0.3985	0.3155	1.2631
0.2624	0.6139	29.0	0.4594	0.3155	1.4562
0.2624	0.6139	29.5	0.4499	0.3155	1.4259
0.2624	0.6139	30.0	0.4738	0.3155	1.5017
0.2761	0.5930	5.0	0.4460	0.3026	1.4739
0.2761	0.5930	5.5	0.4440	0.3026	1.4674
0.2761	0.5930	6.0	0.4440	0.3026	1.4676
0.2761	0.5930	6.5	0.4351	0.3026	1.4380
0.2761	0.5930	7.0	0.4381	0.3026	1.4481
0.2761	0.5930	7.5	0.4135	0.3026	1.3665
0.2761	0.5930	8.1	0.4033	0.3026	1.3330
0.2761	0.5930	8.6	0.3775	0.3026	1.2476
0.2761	0.5930	9.1	0.3708	0.3026	1.2257
0.2761	0.5930	9.6	0.3248	0.3026	1.0734
0.2761	0.5930	10.1	0.3293	0.3026	1.0883
0.2761	0.5930	10.6	0.3800	0.3026	1.2559
0.2761	0.5930	11.1	0.3405	0.3026	1.1254
0.2761	0.5930	11.6	0.3109	0.3026	1.0277
0.2761	0.5930	12.1	0.3169	0.3026	1.0475
0.2761	0.5930	12.7	0.3224	0.3026	1.0656
0.2761	0.5930	13.2	0.3187	0.3026	1.0535
0.2761	0.5930	13.7	0.3341	0.3026	1.1043
0.2761	0.5930	14.2	0.3213	0.3026	1.0619
0.2761	0.5930	14.7	0.3280	0.3026	1.0842
0.2761	0.5930	15.2	0.3315	0.3026	1.0955
0.2761	0.5930	15.7	0.3250	0.3026	1.0741
0.2761	0.5930	16.2	0.3351	0.3026	1.1075
0.2761	0.5930	16.7	0.3241	0.3026	1.0713
0.2761	0.5930	17.2	0.3326	0.3026	1.0993
0.2761	0.5930	17.8	0.3288	0.3026	1.0866
0.2761	0.5930	18.3	0.3322	0.3026	1.0979
0.2761	0.5930	18.8	0.3212	0.3026	1.0615
0.2761	0.5930	19.3	0.3334	0.3026	1.1020
0.2761	0.5930	19.8	0.3526	0.3026	1.1653
0.2761	0.5930	20.3	0.3774	0.3026	1.2472
0.2761	0.5930	20.8	0.3465	0.3026	1.1451
0.2761	0.5930	21.3	0.3504	0.3026	1.1581
0.2761	0.5930	21.8	0.3265	0.3026	1.0791
0.2761	0.5930	22.4	0.3760	0.3026	1.2428
0.2761	0.5930	22.9	0.3589	0.3026	1.1863
0.2761	0.5930	23.4	0.4160	0.3026	1.3750
0.2761	0.5930	23.9	0.4068	0.3026	1.3445
0.2761	0.5930	24.4	0.4339	0.3026	1.4341
0.2761	0.5930	24.9	0.4022	0.3026	1.3295
0.2761	0.5930	25.4	0.4403	0.3026	1.4552
0.2761	0.5930	25.9	0.5286	0.3026	1.7470
0.2761	0.5930	26.4	0.5043	0.3026	1.6668
0.2761	0.5930	26.9	0.5290	0.3026	1.7486
0.2761	0.5930	27.4	0.4980	0.3026	1.6460
0.2761	0.5930	28.0	0.4163	0.3026	1.3760
0.2761	0.5930	28.5	0.4975	0.3026	1.6442
0.2761	0.5930	29.0	0.4564	0.3026	1.5084
0.2761	0.5930	29.5	0.5215	0.3026	1.7237
0.2761	0.5930	30.0	0.5135	0.3026	1.6973
0.2898	0.5825	5.0	0.4563	0.3119	1.4632
0.2898	0.5825	5.5	0.4511	0.3119	1.4464
0.2898	0.5825	6.0	0.4274	0.3119	1.3705
0.2898	0.5825	6.5	0.4263	0.3119	1.3668
0.2898	0.5825	7.0	0.4304	0.3119	1.3802
0.2898	0.5825	7.5	0.4170	0.3119	1.3370
0.2898	0.5825	8.1	0.3976	0.3119	1.2748
0.2898	0.5825	8.6	0.3770	0.3119	1.2087
0.2898	0.5825	9.1	0.3652	0.3119	1.1710
0.2898	0.5825	9.6	0.3368	0.3119	1.0799
0.2898	0.5825	10.1	0.3493	0.3119	1.1202
0.2898	0.5825	10.6	0.3786	0.3119	1.2138
0.2898	0.5825	11.1	0.4398	0.3119	1.4101
0.2898	0.5825	11.6	0.4273	0.3119	1.3702
0.2898	0.5825	12.1	0.4479	0.3119	1.4362
0.2898	0.5825	12.7	0.4690	0.3119	1.5038
0.2898	0.5825	13.2	0.4998	0.3119	1.6027
0.2898	0.5825	13.7	0.5087	0.3119	1.6311
0.2898	0.5825	14.2	0.5023	0.3119	1.6105
0.2898	0.5825	14.7	0.5077	0.3119	1.6280
0.2898	0.5825	15.2	0.5175	0.3119	1.6595
0.2898	0.5825	15.7	0.4981	0.3119	1.5973
0.2898	0.5825	16.2	0.5173	0.3119	1.6586
0.2898	0.5825	16.7	0.4988	0.3119	1.5992
0.2898	0.5825	17.2	0.4930	0.3119	1.5807
0.2898	0.5825	17.8	0.5124	0.3119	1.6431
0.2898	0.5825	18.3	0.4990	0.3119	1.6001
0.2898	0.5825	18.8	0.5114	0.3119	1.6397
0.2898	0.5825	19.3	0.4824	0.3119	1.5469
0.2898	0.5825	19.8	0.4915	0.3119	1.5759
0.2898	0.5825	20.3	0.4945	0.3119	1.5857
0.2898	0.5825	20.8	0.5014	0.3119	1.6076
0.2898	0.5825	21.3	0.5152	0.3119	1.6520
0.2898	0.5825	21.8	0.5017	0.3119	1.6085
0.2898	0.5825	22.4	0.4889	0.3119	1.5677
0.2898	0.5825	22.9	0.5307	0.3119	1.7016
0.2898	0.5825	23.4	0.4844	0.3119	1.5534
0.2898	0.5825	23.9	0.5004	0.3119	1.6045
0.2898	0.5825	24.4	0.4950	0.3119	1.5871
0.2898	0.5825	24.9	0.5241	0.3119	1.6804
0.2898	0.5825	25.4	0.5187	0.3119	1.6631
0.2898	0.5825	25.9	0.5099	0.3119	1.6349
0.2898	0.5825	26.4	0.4924	0.3119	1.5788
0.2898	0.5825	26.9	0.5177	0.3119	1.6599
0.2898	0.5825	27.4	0.4981	0.3119	1.5971
0.2898	0.5825	28.0	0.5162	0.3119	1.6551
0.2898	0.5825	28.5	0.5172	0.3119	1.6584
0.2898	0.5825	29.0	0.5209	0.3119	1.6704
0.2898	0.5825	29.5	0.5438	0.3119	1.7437
0.2898	0.5825	30.0	0.5279	0.3119	1.6928
0.3035	0.5372	5.0	0.4715	0.2879	1.6377
0.3035	0.5372	5.5	0.4446	0.2879	1.5443
0.3035	0.5372	6.0	0.4376	0.2879	1.5202
0.3035	0.5372	6.5	0.3995	0.2879	1.3879
0.3035	0.5372	7.0	0.3956	0.2879	1.3742
0.3035	0.5372	7.5	0.3837	0.2879	1.3329
0.3035	0.5372	8.1	0.3955	0.2879	1.3738
0.3035	0.5372	8.6	0.3844	0.2879	1.3351
0.3035	0.5372	9.1	0.3609	0.2879	1.2535
0.3035	0.5372	9.6	0.3848	0.2879	1.3365
0.3035	0.5372	10.1	0.3828	0.2879	1.3297
0.3035	0.5372	10.6	0.3757	0.2879	1.3051
0.3035	0.5372	11.1	0.3888	0.2879	1.3506
0.3035	0.5372	11.6	0.4224	0.2879	1.4672
0.3035	0.5372	12.1	0.4038	0.2879	1.4026
0.3035	0.5372	12.7	0.4073	0.2879	1.4146
0.3035	0.5372	13.2	0.4414	0.2879	1.5333
0.3035	0.5372	13.7	0.4393	0.2879	1.5261
0.3035	0.5372	14.2	0.4824	0.2879	1.6757
0.3035	0.5372	14.7	0.5159	0.2879	1.7919
0.3035	0.5372	15.2	0.5285	0.2879	1.8357
0.3035	0.5372	15.7	0.4912	0.2879	1.7062
0.3035	0.5372	16.2	0.4990	0.2879	1.7333
0.3035	0.5372	16.7	0.4566	0.2879	1.5861
0.3035	0.5372	17.2	0.4884	0.2879	1.6963
0.3035	0.5372	17.8	0.4966	0.2879	1.7251
0.3035	0.5372	18.3	0.4885	0.2879	1.6968
0.3035	0.5372	18.8	0.4876	0.2879	1.6939
0.3035	0.5372	19.3	0.4892	0.2879	1.6993
0.3035	0.5372	19.8	0.4849	0.2879	1.6845
0.3035	0.5372	20.3	0.4963	0.2879	1.7238
0.3035	0.5372	20.8	0.4575	0.2879	1.5892
0.3035	0.5372	21.3	0.4934	0.2879	1.7140
0.3035	0.5372	21.8	0.5086	0.2879	1.7667
0.3035	0.5372	22.4	0.4598	0.2879	1.5973
0.3035	0.5372	22.9	0.4390	0.2879	1.5250
0.3035	0.5372	23.4	0.4676	0.2879	1.6244
0.3035	0.5372	23.9	0.4978	0.2879	1.7291
0.3035	0.5372	24.4	0.4958	0.2879	1.7221
0.3035	0.5372	24.9	0.4608	0.2879	1.6006
0.3035	0.5372	25.4	0.5031	0.2879	1.7474
0.3035	0.5372	25.9	0.4842	0.2879	1.6818
0.3035	0.5372	26.4	0.4864	0.2879	1.6894
0.3035	0.5372	26.9	0.4927	0.2879	1.7113
0.3035	0.5372	27.4	0.4958	0.2879	1.7221
0.3035	0.5372	28.0	0.4919	0.2879	1.7086
0.3035	0.5372	28.5	0.5228	0.2879	1.8161
0.3035	0.5372	29.0	0.4914	0.2879	1.7071
0.3035	0.5372	29.5	0.4997	0.2879	1.7357
0.3035	0.5372	30.0	0.4850	0.2879	1.6847
0.3171	0.5416	5.0	0.4658	0.2692	1.7301
0.3171	0.5416	5.5	0.4683	0.2692	1.7392
0.3171	0.5416	6.0	0.4573	0.2692	1.6984
0.3171	0.5416	6.5	0.4520	0.2692	1.6787
0.3171	0.5416	7.0	0.4355	0.2692	1.6174
0.3171	0.5416	7.5	0.4333	0.2692	1.6092
0.3171	0.5416	8.1	0.4257	0.2692	1.5810
0.3171	0.5416	8.6	0.4171	0.2692	1.5491
0.3171	0.5416	9.1	0.4159	0.2692	1.5449
0.3171	0.5416	9.6	0.3960	0.2692	1.4707
0.3171	0.5416	10.1	0.3630	0.2692	1.3483
0.3171	0.5416	10.6	0.3042	0.2692	1.1298
0.3171	0.5416	11.1	0.2939	0.2692	1.0917
0.3171	0.5416	11.6	0.3177	0.2692	1.1801
0.3171	0.5416	12.1	0.3083	0.2692	1.1451
0.3171	0.5416	12.7	0.3961	0.2692	1.4712
0.3171	0.5416	13.2	0.4469	0.2692	1.6599
0.3171	0.5416	13.7	0.4460	0.2692	1.6566
0.3171	0.5416	14.2	0.3797	0.2692	1.4104
0.3171	0.5416	14.7	0.3859	0.2692	1.4335
0.3171	0.5416	15.2	0.3834	0.2692	1.4238
0.3171	0.5416	15.7	0.3940	0.2692	1.4632
0.3171	0.5416	16.2	0.3968	0.2692	1.4740
0.3171	0.5416	16.7	0.4260	0.2692	1.5821
0.3171	0.5416	17.2	0.4383	0.2692	1.6277
0.3171	0.5416	17.8	0.4566	0.2692	1.6959
0.3171	0.5416	18.3	0.4748	0.2692	1.7635
0.3171	0.5416	18.8	0.4781	0.2692	1.7759
0.3171	0.5416	19.3	0.4865	0.2692	1.8068
0.3171	0.5416	19.8	0.5028	0.2692	1.8675
0.3171	0.5416	20.3	0.5022	0.2692	1.8653
0.3171	0.5416	20.8	0.5014	0.2692	1.8623
0.3171	0.5416	21.3	0.4834	0.2692	1.7956
0.3171	0.5416	21.8	0.5206	0.2692	1.9335
0.3171	0.5416	22.4	0.5177	0.2692	1.9227
0.3171	0.5416	22.9	0.5251	0.2692	1.9505
0.3171	0.5416	23.4	0.5491	0.2692	2.0396
0.3171	0.5416	23.9	0.5359	0.2692	1.9904
0.3171	0.5416	24.4	0.5215	0.2692	1.9369
0.3171	0.5416	24.9	0.5293	0.2692	1.9659
0.3171	0.5416	25.4	0.5417	0.2692	2.0121
0.3171	0.5416	25.9	0.5482	0.2692	2.0360
0.3171	0.5416	26.4	0.5368	0.2692	1.9939
0.3171	0.5416	26.9	0.4849	0.2692	1.8009
0.3171	0.5416	27.4	0.5452	0.2692	2.0250
0.3171	0.5416	28.0	0.5215	0.2692	1.9370
0.3171	0.5416	28.5	0.5518	0.2692	2.0493
0.3171	0.5416	29.0	0.5382	0.2692	1.9988
0.3171	0.5416	29.5	0.5707	0.2692	2.1199
0.3171	0.5416	30.0	0.5690	0.2692	2.1132
0.3308	0.5556	5.0	0.4460	0.2766	1.6125
0.3308	0.5556	5.5	0.4371	0.2766	1.5805
0.3308	0.5556	6.0	0.4252	0.2766	1.5374
0.3308	0.5556	6.5	0.4218	0.2766	1.5252
0.3308	0.5556	7.0	0.4344	0.2766	1.5706
0.3308	0.5556	7.5	0.4227	0.2766	1.5283
0.3308	0.5556	8.1	0.4095	0.2766	1.4808
0.3308	0.5556	8.6	0.4324	0.2766	1.5635
0.3308	0.5556	9.1	0.4069	0.2766	1.4711
0.3308	0.5556	9.6	0.3655	0.2766	1.3215
0.3308	0.5556	10.1	0.3422	0.2766	1.2373
0.3308	0.5556	10.6	0.3042	0.2766	1.0999
0.3308	0.5556	11.1	0.2821	0.2766	1.0201
0.3308	0.5556	11.6	0.3695	0.2766	1.3360
0.3308	0.5556	12.1	0.4293	0.2766	1.5520
0.3308	0.5556	12.7	0.4391	0.2766	1.5875
0.3308	0.5556	13.2	0.5053	0.2766	1.8271
0.3308	0.5556	13.7	0.4921	0.2766	1.7792
0.3308	0.5556	14.2	0.5271	0.2766	1.9057
0.3308	0.5556	14.7	0.5007	0.2766	1.8102
0.3308	0.5556	15.2	0.4947	0.2766	1.7886
0.3308	0.5556	15.7	0.5165	0.2766	1.8674
0.3308	0.5556	16.2	0.5100	0.2766	1.8439
0.3308	0.5556	16.7	0.5270	0.2766	1.9055
0.3308	0.5556	17.2	0.5206	0.2766	1.8824
0.3308	0.5556	17.8	0.5250	0.2766	1.8984
0.3308	0.5556	18.3	0.5536	0.2766	2.0015
0.3308	0.5556	18.8	0.5397	0.2766	1.9514
0.3308	0.5556	19.3	0.5153	0.2766	1.8632
0.3308	0.5556	19.8	0.5523	0.2766	1.9969
0.3308	0.5556	20.3	0.4919	0.2766	1.7787
0.3308	0.5556	20.8	0.5076	0.2766	1.8353
0.3308	0.5556	21.3	0.5241	0.2766	1.8949
0.3308	0.5556	21.8	0.5030	0.2766	1.8186
0.3308	0.5556	22.4	0.5285	0.2766	1.9107
0.3308	0.5556	22.9	0.5122	0.2766	1.8521
0.3308	0.5556	23.4	0.5319	0.2766	1.9233
0.3308	0.5556	23.9	0.5266	0.2766	1.9039
0.3308	0.5556	24.4	0.5519	0.2766	1.9953
0.3308	0.5556	24.9	0.5312	0.2766	1.9207
0.3308	0.5556	25.4	0.5376	0.2766	1.9439
0.3308	0.5556	25.9	0.5217	0.2766	1.8864
0.3308	0.5556	26.4	0.5184	0.2766	1.8742
0.3308	0.5556	26.9	0.5266	0.2766	1.9040
0.3308	0.5556	27.4	0.5054	0.2766	1.8274
0.3308	0.5556	28.0	0.5147	0.2766	1.8611
0.3308	0.5556	28.5	0.5344	0.2766	1.9323
0.3308	0.5556	29.0	0.5100	0.2766	1.8439
0.3308	0.5556	29.5	0.5144	0.2766	1.8599
0.3308	0.5556	30.0	0.4791	0.2766	1.7321
0.3445	0.5210	5.0	0.4735	0.2888	1.6395
0.3445	0.5210	5.5	0.4733	0.2888	1.6387
0.3445	0.5210	6.0	0.4372	0.2888	1.5138
0.3445	0.5210	6.5	0.4213	0.2888	1.4589
0.3445	0.5210	7.0	0.4231	0.2888	1.4649
0.3445	0.5210	7.5	0.4025	0.2888	1.3935
0.3445	0.5210	8.1	0.3932	0.2888	1.3614
0.3445	0.5210	8.6	0.4159	0.2888	1.4400
0.3445	0.5210	9.1	0.3898	0.2888	1.3498
0.3445	0.5210	9.6	0.3642	0.2888	1.2612
0.3445	0.5210	10.1	0.3380	0.2888	1.1703
0.3445	0.5210	10.6	0.4559	0.2888	1.5787
0.3445	0.5210	11.1	0.4134	0.2888	1.4314
0.3445	0.5210	11.6	0.3835	0.2888	1.3278
0.3445	0.5210	12.1	0.4008	0.2888	1.3877
0.3445	0.5210	12.7	0.4191	0.2888	1.4512
0.3445	0.5210	13.2	0.4265	0.2888	1.4768
0.3445	0.5210	13.7	0.4772	0.2888	1.6522
0.3445	0.5210	14.2	0.4558	0.2888	1.5781
0.3445	0.5210	14.7	0.3941	0.2888	1.3645
0.3445	0.5210	15.2	0.4076	0.2888	1.4112
0.3445	0.5210	15.7	0.4040	0.2888	1.3989
0.3445	0.5210	16.2	0.4041	0.2888	1.3991
0.3445	0.5210	16.7	0.4109	0.2888	1.4226
0.3445	0.5210	17.2	0.4098	0.2888	1.4190
0.3445	0.5210	17.8	0.4126	0.2888	1.4287
0.3445	0.5210	18.3	0.3987	0.2888	1.3806
0.3445	0.5210	18.8	0.4141	0.2888	1.4338
0.3445	0.5210	19.3	0.4026	0.2888	1.3942
0.3445	0.5210	19.8	0.3651	0.2888	1.2643
0.3445	0.5210	20.3	0.3942	0.2888	1.3649
0.3445	0.5210	20.8	0.3818	0.2888	1.3221
0.3445	0.5210	21.3	0.4017	0.2888	1.3911
0.3445	0.5210	21.8	0.4183	0.2888	1.4483
0.3445	0.5210	22.4	0.4301	0.2888	1.4894
0.3445	0.5210	22.9	0.4376	0.2888	1.5152
0.3445	0.5210	23.4	0.4039	0.2888	1.3987
0.3445	0.5210	23.9	0.4136	0.2888	1.4323
0.3445	0.5210	24.4	0.4495	0.2888	1.5565
0.3445	0.5210	24.9	0.4230	0.2888	1.4646
0.3445	0.5210	25.4	0.4625	0.2888	1.6015
0.3445	0.5210	25.9	0.4388	0.2888	1.5193
0.3445	0.5210	26.4	0.3972	0.2888	1.3755
0.3445	0.5210	26.9	0.4317	0.2888	1.4948
0.3445	0.5210	27.4	0.4205	0.2888	1.4560
0.3445	0.5210	28.0	0.4172	0.2888	1.4445
0.3445	0.5210	28.5	0.4170	0.2888	1.4439
0.3445	0.5210	29.0	0.5082	0.2888	1.7597
0.3445	0.5210	29.5	0.5148	0.2888	1.7824
0.3445	0.5210	30.0	0.3843	0.2888	1.3306
0.3582	0.5445	5.0	0.4623	0.2666	1.7342
0.3582	0.5445	5.5	0.4743	0.2666	1.7793
0.3582	0.5445	6.0	0.4707	0.2666	1.7657
0.3582	0.5445	6.5	0.4588	0.2666	1.7213
0.3582	0.5445	7.0	0.3979	0.2666	1.4928
0.3582	0.5445	7.5	0.3893	0.2666	1.4603
0.3582	0.5445	8.1	0.3756	0.2666	1.4091
0.3582	0.5445	8.6	0.4277	0.2666	1.6043
0.3582	0.5445	9.1	0.4068	0.2666	1.5261
0.3582	0.5445	9.6	0.3632	0.2666	1.3625
0.3582	0.5445	10.1	0.3347	0.2666	1.2556
0.3582	0.5445	10.6	0.3061	0.2666	1.1483
0.3582	0.5445	11.1	0.3055	0.2666	1.1459
0.3582	0.5445	11.6	0.3289	0.2666	1.2337
0.3582	0.5445	12.1	0.3677	0.2666	1.3793
0.3582	0.5445	12.7	0.4217	0.2666	1.5820
0.3582	0.5445	13.2	0.4573	0.2666	1.7155
0.3582	0.5445	13.7	0.4378	0.2666	1.6424
0.3582	0.5445	14.2	0.4426	0.2666	1.6605
0.3582	0.5445	14.7	0.4814	0.2666	1.8059
0.3582	0.5445	15.2	0.4484	0.2666	1.6823
0.3582	0.5445	15.7	0.4615	0.2666	1.7315
0.3582	0.5445	16.2	0.4759	0.2666	1.7851
0.3582	0.5445	16.7	0.4868	0.2666	1.8262
0.3582	0.5445	17.2	0.4566	0.2666	1.7127
0.3582	0.5445	17.8	0.4303	0.2666	1.6141
0.3582	0.5445	18.3	0.4288	0.2666	1.6085
0.3582	0.5445	18.8	0.4205	0.2666	1.5776
0.3582	0.5445	19.3	0.4577	0.2666	1.7171
0.3582	0.5445	19.8	0.4083	0.2666	1.5317
0.3582	0.5445	20.3	0.4883	0.2666	1.8317
0.3582	0.5445	20.8	0.4542	0.2666	1.7040
0.3582	0.5445	21.3	0.4384	0.2666	1.6445
0.3582	0.5445	21.8	0.4927	0.2666	1.8484
0.3582	0.5445	22.4	0.4611	0.2666	1.7297
0.3582	0.5445	22.9	0.4755	0.2666	1.7838
0.3582	0.5445	23.4	0.4406	0.2666	1.6528
0.3582	0.5445	23.9	0.4359	0.2666	1.6352
0.3582	0.5445	24.4	0.4947	0.2666	1.8559
0.3582	0.5445	24.9	0.4582	0.2666	1.7188
0.3582	0.5445	25.4	0.5031	0.2666	1.8873
0.3582	0.5445	25.9	0.4790	0.2666	1.7971
0.3582	0.5445	26.4	0.4775	0.2666	1.7912
0.3582	0.5445	26.9	0.4584	0.2666	1.7197
0.3582	0.5445	27.4	0.4647	0.2666	1.7433
0.3582	0.5445	28.0	0.4774	0.2666	1.7910
0.3582	0.5445	28.5	0.4396	0.2666	1.6492
0.3582	0.5445	29.0	0.4632	0.2666	1.7377
0.3582	0.5445	29.5	0.4933	0.2666	1.8504
0.3582	0.5445	30.0	0.4481	0.2666	1.6810
0.3718	0.5107	5.0	0.4616	0.2943	1.5685
0.3718	0.5107	5.5	0.4544	0.2943	1.5441
0.3718	0.5107	6.0	0.4193	0.2943	1.4250
0.3718	0.5107	6.5	0.4121	0.2943	1.4004
0.3718	0.5107	7.0	0.4068	0.2943	1.3824
0.3718	0.5107	7.5	0.4233	0.2943	1.4386
0.3718	0.5107	8.1	0.4215	0.2943	1.4324
0.3718	0.5107	8.6	0.3874	0.2943	1.3165
0.3718	0.5107	9.1	0.3372	0.2943	1.1459
0.3718	0.5107	9.6	0.3091	0.2943	1.0504
0.3718	0.5107	10.1	0.2990	0.2943	1.0160
0.3718	0.5107	10.6	0.2892	0.2943	0.9828
0.3718	0.5107	11.1	0.2677	0.2943	0.9098
0.3718	0.5107	11.6	0.3958	0.2943	1.3450
0.3718	0.5107	12.1	0.4158	0.2943	1.4131
0.3718	0.5107	12.7	0.4590	0.2943	1.5596
0.3718	0.5107	13.2	0.4555	0.2943	1.5480
0.3718	0.5107	13.7	0.4788	0.2943	1.6270
0.3718	0.5107	14.2	0.4638	0.2943	1.5760
0.3718	0.5107	14.7	0.4642	0.2943	1.5776
0.3718	0.5107	15.2	0.4529	0.2943	1.5390
0.3718	0.5107	15.7	0.4574	0.2943	1.5544
0.3718	0.5107	16.2	0.4635	0.2943	1.5750
0.3718	0.5107	16.7	0.4586	0.2943	1.5584
0.3718	0.5107	17.2	0.4625	0.2943	1.5716
0.3718	0.5107	17.8	0.4792	0.2943	1.6286
0.3718	0.5107	18.3	0.4508	0.2943	1.5318
0.3718	0.5107	18.8	0.4622	0.2943	1.5706
0.3718	0.5107	19.3	0.4649	0.2943	1.5797
0.3718	0.5107	19.8	0.5034	0.2943	1.7105
0.3718	0.5107	20.3	0.4852	0.2943	1.6489
0.3718	0.5107	20.8	0.4975	0.2943	1.6906
0.3718	0.5107	21.3	0.4595	0.2943	1.5616
0.3718	0.5107	21.8	0.4527	0.2943	1.5384
0.3718	0.5107	22.4	0.4740	0.2943	1.6108
0.3718	0.5107	22.9	0.4387	0.2943	1.4907
0.3718	0.5107	23.4	0.4562	0.2943	1.5503
0.3718	0.5107	23.9	0.4997	0.2943	1.6979
0.3718	0.5107	24.4	0.4808	0.2943	1.6339
0.3718	0.5107	24.9	0.4629	0.2943	1.5730
0.3718	0.5107	25.4	0.4489	0.2943	1.5253
0.3718	0.5107	25.9	0.4416	0.2943	1.5005
0.3718	0.5107	26.4	0.4573	0.2943	1.5540
0.3718	0.5107	26.9	0.4837	0.2943	1.6437
0.3718	0.5107	27.4	0.4573	0.2943	1.5541
0.3718	0.5107	28.0	0.4848	0.2943	1.6475
0.3718	0.5107	28.5	0.5179	0.2943	1.7597
0.3718	0.5107	29.0	0.4524	0.2943	1.5374
0.3718	0.5107	29.5	0.4249	0.2943	1.4438
0.3718	0.5107	30.0	0.4856	0.2943	1.6503
0.3855	0.4578	5.0	0.4654	0.2686	1.7324
0.3855	0.4578	5.5	0.4657	0.2686	1.7337
0.3855	0.4578	6.0	0.4641	0.2686	1.7276
0.3855	0.4578	6.5	0.4615	0.2686	1.7179
0.3855	0.4578	7.0	0.4758	0.2686	1.7711
0.3855	0.4578	7.5	0.4574	0.2686	1.7028
0.3855	0.4578	8.1	0.4458	0.2686	1.6594
0.3855	0.4578	8.6	0.4454	0.2686	1.6579
0.3855	0.4578	9.1	0.4303	0.2686	1.6016
0.3855	0.4578	9.6	0.4034	0.2686	1.5016
0.3855	0.4578	10.1	0.3997	0.2686	1.4880
0.3855	0.4578	10.6	0.3840	0.2686	1.4294
0.3855	0.4578	11.1	0.3078	0.2686	1.1456
0.3855	0.4578	11.6	0.2967	0.2686	1.1045
0.3855	0.4578	12.1	0.2872	0.2686	1.0693
0.3855	0.4578	12.7	0.2987	0.2686	1.1119
0.3855	0.4578	13.2	0.2998	0.2686	1.1161
0.3855	0.4578	13.7	0.3255	0.2686	1.2118
0.3855	0.4578	14.2	0.2948	0.2686	1.0972
0.3855	0.4578	14.7	0.3513	0.2686	1.3075
0.3855	0.4578	15.2	0.3694	0.2686	1.3750
0.3855	0.4578	15.7	0.5229	0.2686	1.9464
0.3855	0.4578	16.2	0.5254	0.2686	1.9559
0.3855	0.4578	16.7	0.5151	0.2686	1.9174
0.3855	0.4578	17.2	0.5444	0.2686	2.0266
0.3855	0.4578	17.8	0.5248	0.2686	1.9534
0.3855	0.4578	18.3	0.5432	0.2686	2.0220
0.3855	0.4578	18.8	0.5216	0.2686	1.9418
0.3855	0.4578	19.3	0.5314	0.2686	1.9782
0.3855	0.4578	19.8	0.5316	0.2686	1.9789
0.3855	0.4578	20.3	0.5264	0.2686	1.9596
0.3855	0.4578	20.8	0.5282	0.2686	1.9662
0.3855	0.4578	21.3	0.5619	0.2686	2.0915
0.3855	0.4578	21.8	0.5565	0.2686	2.0715
0.3855	0.4578	22.4	0.5361	0.2686	1.9957
0.3855	0.4578	22.9	0.5050	0.2686	1.8798
0.3855	0.4578	23.4	0.5425	0.2686	2.0195
0.3855	0.4578	23.9	0.5240	0.2686	1.9504
0.3855	0.4578	24.4	0.5325	0.2686	1.9821
0.3855	0.4578	24.9	0.5547	0.2686	2.0650
0.3855	0.4578	25.4	0.5358	0.2686	1.9945
0.3855	0.4578	25.9	0.5816	0.2686	2.1651
0.3855	0.4578	26.4	0.5494	0.2686	2.0450
0.3855	0.4578	26.9	0.5216	0.2686	1.9417
0.3855	0.4578	27.4	0.5053	0.2686	1.8809
0.3855	0.4578	28.0	0.5178	0.2686	1.9275
0.3855	0.4578	28.5	0.5351	0.2686	1.9920
0.3855	0.4578	29.0	0.5298	0.2686	1.9723
0.3855	0.4578	29.5	0.5326	0.2686	1.9827
0.3855	0.4578	30.0	0.5192	0.2686	1.9328
0.3992	0.4652	5.0	0.4261	0.2637	1.6157
0.3992	0.4652	5.5	0.4293	0.2637	1.6281
0.3992	0.4652	6.0	0.4352	0.2637	1.6502
0.3992	0.4652	6.5	0.4324	0.2637	1.6396
0.3992	0.4652	7.0	0.4377	0.2637	1.6599
0.3992	0.4652	7.5	0.4502	0.2637	1.7073
0.3992	0.4652	8.1	0.4400	0.2637	1.6684
0.3992	0.4652	8.6	0.4312	0.2637	1.6350
0.3992	0.4652	9.1	0.3988	0.2637	1.5122
0.3992	0.4652	9.6	0.3700	0.2637	1.4030
0.3992	0.4652	10.1	0.3434	0.2637	1.3023
0.3992	0.4652	10.6	0.3498	0.2637	1.3265
0.3992	0.4652	11.1	0.3213	0.2637	1.2185
0.3992	0.4652	11.6	0.2927	0.2637	1.1098
0.3992	0.4652	12.1	0.2769	0.2637	1.0500
0.3992	0.4652	12.7	0.2876	0.2637	1.0906
0.3992	0.4652	13.2	0.3359	0.2637	1.2739
0.3992	0.4652	13.7	0.4147	0.2637	1.5727
0.3992	0.4652	14.2	0.4282	0.2637	1.6236
0.3992	0.4652	14.7	0.4251	0.2637	1.6119
0.3992	0.4652	15.2	0.4488	0.2637	1.7018
0.3992	0.4652	15.7	0.4593	0.2637	1.7417
0.3992	0.4652	16.2	0.3957	0.2637	1.5004
0.3992	0.4652	16.7	0.4404	0.2637	1.6700
0.3992	0.4652	17.2	0.4185	0.2637	1.5868
0.3992	0.4652	17.8	0.4159	0.2637	1.5771
0.3992	0.4652	18.3	0.3877	0.2637	1.4702
0.3992	0.4652	18.8	0.4006	0.2637	1.5191
0.3992	0.4652	19.3	0.4682	0.2637	1.7753
0.3992	0.4652	19.8	0.4297	0.2637	1.6294
0.3992	0.4652	20.3	0.4467	0.2637	1.6940
0.3992	0.4652	20.8	0.4750	0.2637	1.8013
0.3992	0.4652	21.3	0.4657	0.2637	1.7658
0.3992	0.4652	21.8	0.4201	0.2637	1.5931
0.3992	0.4652	22.4	0.4375	0.2637	1.6588
0.3992	0.4652	22.9	0.4471	0.2637	1.6955
0.3992	0.4652	23.4	0.4659	0.2637	1.7668
0.3992	0.4652	23.9	0.4791	0.2637	1.8169
0.3992	0.4652	24.4	0.5210	0.2637	1.9756
0.3992	0.4652	24.9	0.5421	0.2637	2.0558
0.3992	0.4652	25.4	0.5400	0.2637	2.0478
0.3992	0.4652	25.9	0.4212	0.2637	1.5974
0.3992	0.4652	26.4	0.5423	0.2637	2.0563
0.3992	0.4652	26.9	0.5208	0.2637	1.9749
0.3992	0.4652	27.4	0.4774	0.2637	1.8103
0.3992	0.4652	28.0	0.5446	0.2637	2.0652
0.3992	0.4652	28.5	0.5094	0.2637	1.9317
0.3992	0.4652	29.0	0.5546	0.2637	2.1031
0.3992	0.4652	29.5	0.5346	0.2637	2.0270
0.3992	0.4652	30.0	0.5103	0.2637	1.9349
0.4129	0.4981	5.0	0.5554	0.2537	2.1892
0.4129	0.4981	5.5	0.5390	0.2537	2.1246
0.4129	0.4981	6.0	0.4413	0.2537	1.7396
0.4129	0.4981	6.5	0.4387	0.2537	1.7295
0.4129	0.4981	7.0	0.4341	0.2537	1.7111
0.4129	0.4981	7.5	0.4635	0.2537	1.8270
0.4129	0.4981	8.1	0.4459	0.2537	1.7577
0.4129	0.4981	8.6	0.3867	0.2537	1.5245
0.4129	0.4981	9.1	0.3751	0.2537	1.4785
0.4129	0.4981	9.6	0.3629	0.2537	1.4306
0.4129	0.4981	10.1	0.3377	0.2537	1.3313
0.4129	0.4981	10.6	0.3126	0.2537	1.2323
0.4129	0.4981	11.1	0.3070	0.2537	1.2103
0.4129	0.4981	11.6	0.3067	0.2537	1.2090
0.4129	0.4981	12.1	0.3949	0.2537	1.5569
0.4129	0.4981	12.7	0.4405	0.2537	1.7366
0.4129	0.4981	13.2	0.4040	0.2537	1.5926
0.4129	0.4981	13.7	0.3755	0.2537	1.4804
0.4129	0.4981	14.2	0.3820	0.2537	1.5060
0.4129	0.4981	14.7	0.3603	0.2537	1.4202
0.4129	0.4981	15.2	0.3818	0.2537	1.5051
0.4129	0.4981	15.7	0.3760	0.2537	1.4820
0.4129	0.4981	16.2	0.3728	0.2537	1.4697
0.4129	0.4981	16.7	0.3719	0.2537	1.4659
0.4129	0.4981	17.2	0.3694	0.2537	1.4562
0.4129	0.4981	17.8	0.3578	0.2537	1.4105
0.4129	0.4981	18.3	0.3733	0.2537	1.4714
0.4129	0.4981	18.8	0.3741	0.2537	1.4747
0.4129	0.4981	19.3	0.3572	0.2537	1.4080
0.4129	0.4981	19.8	0.3799	0.2537	1.4975
0.4129	0.4981	20.3	0.4018	0.2537	1.5840
0.4129	0.4981	20.8	0.4265	0.2537	1.6811
0.4129	0.4981	21.3	0.3749	0.2537	1.4778
0.4129	0.4981	21.8	0.4243	0.2537	1.6728
0.4129	0.4981	22.4	0.4529	0.2537	1.7851
0.4129	0.4981	22.9	0.4731	0.2537	1.8648
0.4129	0.4981	23.4	0.4747	0.2537	1.8714
0.4129	0.4981	23.9	0.4711	0.2537	1.8572
0.4129	0.4981	24.4	0.4820	0.2537	1.9002
0.4129	0.4981	24.9	0.5154	0.2537	2.0317
0.4129	0.4981	25.4	0.5016	0.2537	1.9772
0.4129	0.4981	25.9	0.4364	0.2537	1.7201
0.4129	0.4981	26.4	0.4621	0.2537	1.8216
0.4129	0.4981	26.9	0.4825	0.2537	1.9020
0.4129	0.4981	27.4	0.4871	0.2537	1.9203
0.4129	0.4981	28.0	0.5116	0.2537	2.0169
0.4129	0.4981	28.5	0.5017	0.2537	1.9775
0.4129	0.4981	29.0	0.5036	0.2537	1.9852
0.4129	0.4981	29.5	0.4989	0.2537	1.9668
0.4129	0.4981	30.0	0.4453	0.2537	1.7553
0.4265	0.4710	5.0	0.4324	0.2569	1.6835
0.4265	0.4710	5.5	0.4258	0.2569	1.6575
0.4265	0.4710	6.0	0.4292	0.2569	1.6709
0.4265	0.4710	6.5	0.5261	0.2569	2.0480
0.4265	0.4710	7.0	0.5323	0.2569	2.0722
0.4265	0.4710	7.5	0.5115	0.2569	1.9914
0.4265	0.4710	8.1	0.4309	0.2569	1.6774
0.4265	0.4710	8.6	0.4212	0.2569	1.6397
0.4265	0.4710	9.1	0.4076	0.2569	1.5869
0.4265	0.4710	9.6	0.3894	0.2569	1.5161
0.4265	0.4710	10.1	0.3710	0.2569	1.4444
0.4265	0.4710	10.6	0.3390	0.2569	1.3199
0.4265	0.4710	11.1	0.3026	0.2569	1.1780
0.4265	0.4710	11.6	0.3159	0.2569	1.2298
0.4265	0.4710	12.1	0.3025	0.2569	1.1778
0.4265	0.4710	12.7	0.2694	0.2569	1.0486
0.4265	0.4710	13.2	0.2987	0.2569	1.1630
0.4265	0.4710	13.7	0.3702	0.2569	1.4412
0.4265	0.4710	14.2	0.4259	0.2569	1.6579
0.4265	0.4710	14.7	0.4228	0.2569	1.6459
0.4265	0.4710	15.2	0.4052	0.2569	1.5775
0.4265	0.4710	15.7	0.4353	0.2569	1.6945
0.4265	0.4710	16.2	0.4094	0.2569	1.5938
0.4265	0.4710	16.7	0.4141	0.2569	1.6122
0.4265	0.4710	17.2	0.4202	0.2569	1.6360
0.4265	0.4710	17.8	0.4398	0.2569	1.7121
0.4265	0.4710	18.3	0.3870	0.2569	1.5067
0.4265	0.4710	18.8	0.4181	0.2569	1.6276
0.4265	0.4710	19.3	0.4513	0.2569	1.7570
0.4265	0.4710	19.8	0.3925	0.2569	1.5279
0.4265	0.4710	20.3	0.4233	0.2569	1.6480
0.4265	0.4710	20.8	0.4056	0.2569	1.5789
0.4265	0.4710	21.3	0.4025	0.2569	1.5668
0.4265	0.4710	21.8	0.3878	0.2569	1.5095
0.4265	0.4710	22.4	0.4028	0.2569	1.5681
0.4265	0.4710	22.9	0.4422	0.2569	1.7216
0.4265	0.4710	23.4	0.4674	0.2569	1.8196
0.4265	0.4710	23.9	0.4216	0.2569	1.6412
0.4265	0.4710	24.4	0.4245	0.2569	1.6527
0.4265	0.4710	24.9	0.4847	0.2569	1.8871
0.4265	0.4710	25.4	0.4013	0.2569	1.5621
0.4265	0.4710	25.9	0.4426	0.2569	1.7230
0.4265	0.4710	26.4	0.4343	0.2569	1.6908
0.4265	0.4710	26.9	0.4148	0.2569	1.6150
0.4265	0.4710	27.4	0.4912	0.2569	1.9123
0.4265	0.4710	28.0	0.4729	0.2569	1.8412
0.4265	0.4710	28.5	0.4536	0.2569	1.7661
0.4265	0.4710	29.0	0.4707	0.2569	1.8323
0.4265	0.4710	29.5	0.4522	0.2569	1.7605
0.4265	0.4710	30.0	0.4884	0.2569	1.9013
0.4402	0.4641	5.0	0.4452	0.2833	1.5717
0.4402	0.4641	5.5	0.4435	0.2833	1.5658
0.4402	0.4641	6.0	0.4420	0.2833	1.5605
0.4402	0.4641	6.5	0.4206	0.2833	1.4848
0.4402	0.4641	7.0	0.4111	0.2833	1.4512
0.4402	0.4641	7.5	0.3976	0.2833	1.4036
0.4402	0.4641	8.1	0.3727	0.2833	1.3157
0.4402	0.4641	8.6	0.4121	0.2833	1.4547
0.4402	0.4641	9.1	0.4378	0.2833	1.5455
0.4402	0.4641	9.6	0.4391	0.2833	1.5503
0.4402	0.4641	10.1	0.3774	0.2833	1.3323
0.4402	0.4641	10.6	0.4311	0.2833	1.5219
0.4402	0.4641	11.1	0.4379	0.2833	1.5461
0.4402	0.4641	11.6	0.4421	0.2833	1.5606
0.4402	0.4641	12.1	0.4762	0.2833	1.6812
0.4402	0.4641	12.7	0.4571	0.2833	1.6138
0.4402	0.4641	13.2	0.4615	0.2833	1.6293
0.4402	0.4641	13.7	0.4579	0.2833	1.6167
0.4402	0.4641	14.2	0.4680	0.2833	1.6523
0.4402	0.4641	14.7	0.4285	0.2833	1.5127
0.4402	0.4641	15.2	0.4434	0.2833	1.5652
0.4402	0.4641	15.7	0.3905	0.2833	1.3788
0.4402	0.4641	16.2	0.4315	0.2833	1.5235
0.4402	0.4641	16.7	0.4651	0.2833	1.6419
0.4402	0.4641	17.2	0.4217	0.2833	1.4886
0.4402	0.4641	17.8	0.4024	0.2833	1.4207
0.4402	0.4641	18.3	0.4389	0.2833	1.5493
0.4402	0.4641	18.8	0.4316	0.2833	1.5237
0.4402	0.4641	19.3	0.4130	0.2833	1.4580
0.4402	0.4641	19.8	0.4119	0.2833	1.4540
0.4402	0.4641	20.3	0.4269	0.2833	1.5071
0.4402	0.4641	20.8	0.4172	0.2833	1.4730
0.4402	0.4641	21.3	0.4162	0.2833	1.4693
0.4402	0.4641	21.8	0.4468	0.2833	1.5773
0.4402	0.4641	22.4	0.4507	0.2833	1.5910
0.4402	0.4641	22.9	0.4235	0.2833	1.4953
0.4402	0.4641	23.4	0.4519	0.2833	1.5953
0.4402	0.4641	23.9	0.4700	0.2833	1.6592
0.4402	0.4641	24.4	0.4937	0.2833	1.7431
0.4402	0.4641	24.9	0.4765	0.2833	1.6821
0.4402	0.4641	25.4	0.4336	0.2833	1.5307
0.4402	0.4641	25.9	0.4789	0.2833	1.6908
0.4402	0.4641	26.4	0.4677	0.2833	1.6512
0.4402	0.4641	26.9	0.4958	0.2833	1.7502
0.4402	0.4641	27.4	0.4661	0.2833	1.6455
0.4402	0.4641	28.0	0.5054	0.2833	1.7841
0.4402	0.4641	28.5	0.5219	0.2833	1.8424
0.4402	0.4641	29.0	0.4932	0.2833	1.7413
0.4402	0.4641	29.5	0.4938	0.2833	1.7434
0.4402	0.4641	30.0	0.5355	0.2833	1.8904
0.4539	0.4363	5.0	0.4482	0.2575	1.7409
0.4539	0.4363	5.5	0.4433	0.2575	1.7220
0.4539	0.4363	6.0	0.4391	0.2575	1.7055
0.4539	0.4363	6.5	0.4606	0.2575	1.7892
0.4539	0.4363	7.0	0.4589	0.2575	1.7823
0.4539	0.4363	7.5	0.4298	0.2575	1.6692
0.4539	0.4363	8.1	0.4249	0.2575	1.6505
0.4539	0.4363	8.6	0.4197	0.2575	1.6300
0.4539	0.4363	9.1	0.4243	0.2575	1.6482
0.4539	0.4363	9.6	0.3876	0.2575	1.5054
0.4539	0.4363	10.1	0.3661	0.2575	1.4219
0.4539	0.4363	10.6	0.3436	0.2575	1.3346
0.4539	0.4363	11.1	0.3165	0.2575	1.2293
0.4539	0.4363	11.6	0.2954	0.2575	1.1475
0.4539	0.4363	12.1	0.2715	0.2575	1.0544
0.4539	0.4363	12.7	0.2696	0.2575	1.0471
0.4539	0.4363	13.2	0.3112	0.2575	1.2086
0.4539	0.4363	13.7	0.3318	0.2575	1.2888
0.4539	0.4363	14.2	0.4180	0.2575	1.6237
0.4539	0.4363	14.7	0.4194	0.2575	1.6289
0.4539	0.4363	15.2	0.4175	0.2575	1.6218
0.4539	0.4363	15.7	0.3870	0.2575	1.5032
0.4539	0.4363	16.2	0.3839	0.2575	1.4910
0.4539	0.4363	16.7	0.3798	0.2575	1.4753
0.4539	0.4363	17.2	0.4094	0.2575	1.5900
0.4539	0.4363	17.8	0.3916	0.2575	1.5209
0.4539	0.4363	18.3	0.3789	0.2575	1.4718
0.4539	0.4363	18.8	0.3653	0.2575	1.4189
0.4539	0.4363	19.3	0.4267	0.2575	1.6573
0.4539	0.4363	19.8	0.4132	0.2575	1.6051
0.4539	0.4363	20.3	0.4302	0.2575	1.6710
0.4539	0.4363	20.8	0.4127	0.2575	1.6030
0.4539	0.4363	21.3	0.3982	0.2575	1.5467
0.4539	0.4363	21.8	0.3871	0.2575	1.5037
0.4539	0.4363	22.4	0.4038	0.2575	1.5684
0.4539	0.4363	22.9	0.4474	0.2575	1.7379
0.4539	0.4363	23.4	0.4705	0.2575	1.8276
0.4539	0.4363	23.9	0.4369	0.2575	1.6968
0.4539	0.4363	24.4	0.4701	0.2575	1.8259
0.4539	0.4363	24.9	0.4391	0.2575	1.7056
0.4539	0.4363	25.4	0.4846	0.2575	1.8823
0.4539	0.4363	25.9	0.4924	0.2575	1.9126
0.4539	0.4363	26.4	0.4556	0.2575	1.7695
0.4539	0.4363	26.9	0.4881	0.2575	1.8960
0.4539	0.4363	27.4	0.4847	0.2575	1.8828
0.4539	0.4363	28.0	0.5059	0.2575	1.9651
0.4539	0.4363	28.5	0.4770	0.2575	1.8529
0.4539	0.4363	29.0	0.4939	0.2575	1.9185
0.4539	0.4363	29.5	0.4851	0.2575	1.8843
0.4539	0.4363	30.0	0.4708	0.2575	1.8288
0.4676	0.4606	5.0	0.4524	0.2584	1.7508
0.4676	0.4606	5.5	0.4211	0.2584	1.6295
0.4676	0.4606	6.0	0.4194	0.2584	1.6230
0.4676	0.4606	6.5	0.4062	0.2584	1.5721
0.4676	0.4606	7.0	0.4282	0.2584	1.6573
0.4676	0.4606	7.5	0.4224	0.2584	1.6347
0.4676	0.4606	8.1	0.4576	0.2584	1.7710
0.4676	0.4606	8.6	0.4440	0.2584	1.7183
0.4676	0.4606	9.1	0.4466	0.2584	1.7285
0.4676	0.4606	9.6	0.4313	0.2584	1.6692
0.4676	0.4606	10.1	0.4093	0.2584	1.5841
0.4676	0.4606	10.6	0.3545	0.2584	1.3719
0.4676	0.4606	11.1	0.3230	0.2584	1.2499
0.4676	0.4606	11.6	0.3119	0.2584	1.2072
0.4676	0.4606	12.1	0.2785	0.2584	1.0778
0.4676	0.4606	12.7	0.3444	0.2584	1.3327
0.4676	0.4606	13.2	0.3669	0.2584	1.4201
0.4676	0.4606	13.7	0.3826	0.2584	1.4806
0.4676	0.4606	14.2	0.4509	0.2584	1.7452
0.4676	0.4606	14.7	0.4277	0.2584	1.6554
0.4676	0.4606	15.2	0.3972	0.2584	1.5373
0.4676	0.4606	15.7	0.3998	0.2584	1.5472
0.4676	0.4606	16.2	0.4136	0.2584	1.6006
0.4676	0.4606	16.7	0.4024	0.2584	1.5572
0.4676	0.4606	17.2	0.3913	0.2584	1.5143
0.4676	0.4606	17.8	0.3842	0.2584	1.4868
0.4676	0.4606	18.3	0.4241	0.2584	1.6412
0.4676	0.4606	18.8	0.4013	0.2584	1.5531
0.4676	0.4606	19.3	0.4177	0.2584	1.6165
0.4676	0.4606	19.8	0.4173	0.2584	1.6149
0.4676	0.4606	20.3	0.4111	0.2584	1.5911
0.4676	0.4606	20.8	0.4212	0.2584	1.6301
0.4676	0.4606	21.3	0.4108	0.2584	1.5899
0.4676	0.4606	21.8	0.4097	0.2584	1.5857
0.4676	0.4606	22.4	0.4226	0.2584	1.6354
0.4676	0.4606	22.9	0.4377	0.2584	1.6940
0.4676	0.4606	23.4	0.4405	0.2584	1.7049
0.4676	0.4606	23.9	0.5123	0.2584	1.9828
0.4676	0.4606	24.4	0.4275	0.2584	1.6543
0.4676	0.4606	24.9	0.4323	0.2584	1.6729
0.4676	0.4606	25.4	0.5168	0.2584	2.0001
0.4676	0.4606	25.9	0.5033	0.2584	1.9478
0.4676	0.4606	26.4	0.5130	0.2584	1.9855
0.4676	0.4606	26.9	0.5210	0.2584	2.0165
0.4676	0.4606	27.4	0.5607	0.2584	2.1700
0.4676	0.4606	28.0	0.5665	0.2584	2.1923
0.4676	0.4606	28.5	0.5254	0.2584	2.0335
0.4676	0.4606	29.0	0.5062	0.2584	1.9592
0.4676	0.4606	29.5	0.5520	0.2584	2.1364
0.4676	0.4606	30.0	0.5267	0.2584	2.0383
0.4812	0.4666	5.0	0.4570	0.2559	1.7860
0.4812	0.4666	5.5	0.4968	0.2559	1.9414
0.4812	0.4666	6.0	0.4931	0.2559	1.9269
0.4812	0.4666	6.5	0.4876	0.2559	1.9056
0.4812	0.4666	7.0	0.4810	0.2559	1.8798
0.4812	0.4666	7.5	0.4764	0.2559	1.8618
0.4812	0.4666	8.1	0.4055	0.2559	1.5848
0.4812	0.4666	8.6	0.3899	0.2559	1.5236
0.4812	0.4666	9.1	0.3582	0.2559	1.3999
0.4812	0.4666	9.6	0.3462	0.2559	1.3529
0.4812	0.4666	10.1	0.3383	0.2559	1.3220
0.4812	0.4666	10.6	0.3427	0.2559	1.3393
0.4812	0.4666	11.1	0.3167	0.2559	1.2377
0.4812	0.4666	11.6	0.2993	0.2559	1.1697
0.4812	0.4666	12.1	0.2747	0.2559	1.0734
0.4812	0.4666	12.7	0.2695	0.2559	1.0532
0.4812	0.4666	13.2	0.2497	0.2559	0.9756
0.4812	0.4666	13.7	0.3449	0.2559	1.3479
0.4812	0.4666	14.2	0.3839	0.2559	1.5002
0.4812	0.4666	14.7	0.4560	0.2559	1.7820
0.4812	0.4666	15.2	0.4785	0.2559	1.8701
0.4812	0.4666	15.7	0.4915	0.2559	1.9206
0.4812	0.4666	16.2	0.4961	0.2559	1.9386
0.4812	0.4666	16.7	0.5134	0.2559	2.0062
0.4812	0.4666	17.2	0.4916	0.2559	1.9212
0.4812	0.4666	17.8	0.4345	0.2559	1.6978
0.4812	0.4666	18.3	0.4754	0.2559	1.8577
0.4812	0.4666	18.8	0.5560	0.2559	2.1727
0.4812	0.4666	19.3	0.5139	0.2559	2.0082
0.4812	0.4666	19.8	0.4863	0.2559	1.9003
0.4812	0.4666	20.3	0.4902	0.2559	1.9157
0.4812	0.4666	20.8	0.4874	0.2559	1.9046
0.4812	0.4666	21.3	0.4889	0.2559	1.9104
0.4812	0.4666	21.8	0.4883	0.2559	1.9082
0.4812	0.4666	22.4	0.4780	0.2559	1.8681
0.4812	0.4666	22.9	0.4502	0.2559	1.7593
0.4812	0.4666	23.4	0.5129	0.2559	2.0044
0.4812	0.4666	23.9	0.5271	0.2559	2.0599
0.4812	0.4666	24.4	0.5169	0.2559	2.0200
0.4812	0.4666	24.9	0.5184	0.2559	2.0258
0.4812	0.4666	25.4	0.5441	0.2559	2.1264
0.4812	0.4666	25.9	0.5160	0.2559	2.0167
0.4812	0.4666	26.4	0.5209	0.2559	2.0357
0.4812	0.4666	26.9	0.5230	0.2559	2.0437
0.4812	0.4666	27.4	0.4828	0.2559	1.8867
0.4812	0.4666	28.0	0.4988	0.2559	1.9494
0.4812	0.4666	28.5	0.4960	0.2559	1.9385
0.4812	0.4666	29.0	0.5054	0.2559	1.9750
0.4812	0.4666	29.5	0.4996	0.2559	1.9524
0.4812	0.4666	30.0	0.5047	0.2559	1.9725
0.4949	0.4416	5.0	0.4838	0.2577	1.8776
0.4949	0.4416	5.5	0.4802	0.2577	1.8636
0.4949	0.4416	6.0	0.4560	0.2577	1.7695
0.4949	0.4416	6.5	0.4429	0.2577	1.7186
0.4949	0.4416	7.0	0.4381	0.2577	1.7003
0.4949	0.4416	7.5	0.4513	0.2577	1.7514
0.4949	0.4416	8.1	0.4420	0.2577	1.7151
0.4949	0.4416	8.6	0.4319	0.2577	1.6763
0.4949	0.4416	9.1	0.4204	0.2577	1.6314
0.4949	0.4416	9.6	0.4035	0.2577	1.5659
0.4949	0.4416	10.1	0.3542	0.2577	1.3746
0.4949	0.4416	10.6	0.3462	0.2577	1.3437
0.4949	0.4416	11.1	0.3208	0.2577	1.2448
0.4949	0.4416	11.6	0.3174	0.2577	1.2319
0.4949	0.4416	12.1	0.3034	0.2577	1.1775
0.4949	0.4416	12.7	0.2731	0.2577	1.0599
0.4949	0.4416	13.2	0.2616	0.2577	1.0152
0.4949	0.4416	13.7	0.2919	0.2577	1.1329
0.4949	0.4416	14.2	0.3212	0.2577	1.2467
0.4949	0.4416	14.7	0.4105	0.2577	1.5931
0.4949	0.4416	15.2	0.4448	0.2577	1.7263
0.4949	0.4416	15.7	0.4648	0.2577	1.8037
0.4949	0.4416	16.2	0.4687	0.2577	1.8190
0.4949	0.4416	16.7	0.5361	0.2577	2.0806
0.4949	0.4416	17.2	0.5279	0.2577	2.0486
0.4949	0.4416	17.8	0.4841	0.2577	1.8786
0.4949	0.4416	18.3	0.4669	0.2577	1.8120
0.4949	0.4416	18.8	0.4826	0.2577	1.8730
0.4949	0.4416	19.3	0.4782	0.2577	1.8559
0.4949	0.4416	19.8	0.4637	0.2577	1.7994
0.4949	0.4416	20.3	0.4565	0.2577	1.7716
0.4949	0.4416	20.8	0.5051	0.2577	1.9601
0.4949	0.4416	21.3	0.4856	0.2577	1.8845
0.4949	0.4416	21.8	0.5010	0.2577	1.9443
0.4949	0.4416	22.4	0.4942	0.2577	1.9179
0.4949	0.4416	22.9	0.4922	0.2577	1.9102
0.4949	0.4416	23.4	0.4816	0.2577	1.8690
0.4949	0.4416	23.9	0.4685	0.2577	1.8181
0.4949	0.4416	24.4	0.4780	0.2577	1.8550
0.4949	0.4416	24.9	0.4760	0.2577	1.8473
0.4949	0.4416	25.4	0.4739	0.2577	1.8391
0.4949	0.4416	25.9	0.5191	0.2577	2.0146
0.4949	0.4416	26.4	0.4700	0.2577	1.8239
0.4949	0.4416	26.9	0.5031	0.2577	1.9524
0.4949	0.4416	27.4	0.4737	0.2577	1.8383
0.4949	0.4416	28.0	0.5285	0.2577	2.0510
0.4949	0.4416	28.5	0.5035	0.2577	1.9541
0.4949	0.4416	29.0	0.4939	0.2577	1.9168
0.4949	0.4416	29.5	0.5327	0.2577	2.0673
0.4949	0.4416	30.0	0.5235	0.2577	2.0315
0.5086	0.4266	5.0	0.4935	0.2456	2.0097
0.5086	0.4266	5.5	0.4943	0.2456	2.0131
0.5086	0.4266	6.0	0.4940	0.2456	2.0119
0.5086	0.4266	6.5	0.4433	0.2456	1.8053
0.5086	0.4266	7.0	0.4378	0.2456	1.7827
0.5086	0.4266	7.5	0.4405	0.2456	1.7939
0.5086	0.4266	8.1	0.4803	0.2456	1.9561
0.5086	0.4266	8.6	0.4704	0.2456	1.9154
0.5086	0.4266	9.1	0.4350	0.2456	1.7714
0.5086	0.4266	9.6	0.4249	0.2456	1.7303
0.5086	0.4266	10.1	0.4152	0.2456	1.6909
0.5086	0.4266	10.6	0.3526	0.2456	1.4357
0.5086	0.4266	11.1	0.3212	0.2456	1.3081
0.5086	0.4266	11.6	0.3386	0.2456	1.3787
0.5086	0.4266	12.1	0.3119	0.2456	1.2702
0.5086	0.4266	12.7	0.2955	0.2456	1.2032
0.5086	0.4266	13.2	0.2895	0.2456	1.1787
0.5086	0.4266	13.7	0.3126	0.2456	1.2731
0.5086	0.4266	14.2	0.3592	0.2456	1.4626
0.5086	0.4266	14.7	0.3998	0.2456	1.6280
0.5086	0.4266	15.2	0.3978	0.2456	1.6200
0.5086	0.4266	15.7	0.4312	0.2456	1.7558
0.5086	0.4266	16.2	0.4178	0.2456	1.7013
0.5086	0.4266	16.7	0.3857	0.2456	1.5707
0.5086	0.4266	17.2	0.4010	0.2456	1.6331
0.5086	0.4266	17.8	0.4491	0.2456	1.8287
0.5086	0.4266	18.3	0.3766	0.2456	1.5334
0.5086	0.4266	18.8	0.3618	0.2456	1.4732
0.5086	0.4266	19.3	0.3787	0.2456	1.5420
0.5086	0.4266	19.8	0.3742	0.2456	1.5237
0.5086	0.4266	20.3	0.3624	0.2456	1.4758
0.5086	0.4266	20.8	0.3866	0.2456	1.5744
0.5086	0.4266	21.3	0.3862	0.2456	1.5728
0.5086	0.4266	21.8	0.3737	0.2456	1.5216
0.5086	0.4266	22.4	0.3748	0.2456	1.5262
0.5086	0.4266	22.9	0.4166	0.2456	1.6964
0.5086	0.4266	23.4	0.4095	0.2456	1.6676
0.5086	0.4266	23.9	0.4181	0.2456	1.7028
0.5086	0.4266	24.4	0.4141	0.2456	1.6862
0.5086	0.4266	24.9	0.4180	0.2456	1.7023
0.5086	0.4266	25.4	0.4453	0.2456	1.8134
0.5086	0.4266	25.9	0.4380	0.2456	1.7835
0.5086	0.4266	26.4	0.4590	0.2456	1.8690
0.5086	0.4266	26.9	0.5277	0.2456	2.1488
0.5086	0.4266	27.4	0.4665	0.2456	1.8995
0.5086	0.4266	28.0	0.4769	0.2456	1.9422
0.5086	0.4266	28.5	0.4988	0.2456	2.0313
0.5086	0.4266	29.0	0.4732	0.2456	1.9269
0.5086	0.4266	29.5	0.4451	0.2456	1.8126
0.5086	0.4266	30.0	0.4716	0.2456	1.9203
0.5222	0.4385	5.0	0.4443	0.2454	1.8102
0.5222	0.4385	5.5	0.4484	0.2454	1.8268
0.5222	0.4385	6.0	0.4479	0.2454	1.8248
0.5222	0.4385	6.5	0.4291	0.2454	1.7483
0.5222	0.4385	7.0	0.4301	0.2454	1.7524
0.5222	0.4385	7.5	0.4207	0.2454	1.7140
0.5222	0.4385	8.1	0.4382	0.2454	1.7852
0.5222	0.4385	8.6	0.4370	0.2454	1.7803
0.5222	0.4385	9.1	0.4187	0.2454	1.7058
0.5222	0.4385	9.6	0.3676	0.2454	1.4979
0.5222	0.4385	10.1	0.3566	0.2454	1.4528
0.5222	0.4385	10.6	0.3106	0.2454	1.2656
0.5222	0.4385	11.1	0.2974	0.2454	1.2115
0.5222	0.4385	11.6	0.2905	0.2454	1.1837
0.5222	0.4385	12.1	0.2971	0.2454	1.2104
0.5222	0.4385	12.7	0.3176	0.2454	1.2939
0.5222	0.4385	13.2	0.3655	0.2454	1.4891
0.5222	0.4385	13.7	0.3356	0.2454	1.3675
0.5222	0.4385	14.2	0.3586	0.2454	1.4610
0.5222	0.4385	14.7	0.4584	0.2454	1.8677
0.5222	0.4385	15.2	0.4770	0.2454	1.9433
0.5222	0.4385	15.7	0.4506	0.2454	1.8358
0.5222	0.4385	16.2	0.4770	0.2454	1.9433
0.5222	0.4385	16.7	0.4873	0.2454	1.9856
0.5222	0.4385	17.2	0.4987	0.2454	2.0317
0.5222	0.4385	17.8	0.4271	0.2454	1.7400
0.5222	0.4385	18.3	0.4701	0.2454	1.9154
0.5222	0.4385	18.8	0.4921	0.2454	2.0052
0.5222	0.4385	19.3	0.5192	0.2454	2.1156
0.5222	0.4385	19.8	0.4924	0.2454	2.0061
0.5222	0.4385	20.3	0.4629	0.2454	1.8860
0.5222	0.4385	20.8	0.4914	0.2454	2.0021
0.5222	0.4385	21.3	0.4905	0.2454	1.9986
0.5222	0.4385	21.8	0.5323	0.2454	2.1687
0.5222	0.4385	22.4	0.4880	0.2454	1.9884
0.5222	0.4385	22.9	0.4919	0.2454	2.0041
0.5222	0.4385	23.4	0.5011	0.2454	2.0418
0.5222	0.4385	23.9	0.5096	0.2454	2.0762
0.5222	0.4385	24.4	0.5290	0.2454	2.1552
0.5222	0.4385	24.9	0.5150	0.2454	2.0982
0.5222	0.4385	25.4	0.4886	0.2454	1.9909
0.5222	0.4385	25.9	0.4864	0.2454	1.9818
0.5222	0.4385	26.4	0.5243	0.2454	2.1360
0.5222	0.4385	26.9	0.5271	0.2454	2.1477
0.5222	0.4385	27.4	0.4897	0.2454	1.9952
0.5222	0.4385	28.0	0.4998	0.2454	2.0364
0.5222	0.4385	28.5	0.5280	0.2454	2.1512
0.5222	0.4385	29.0	0.5031	0.2454	2.0497
0.5222	0.4385	29.5	0.5309	0.2454	2.1632
0.5222	0.4385	30.0	0.5210	0.2454	2.1228
0.5359	0.4206	5.0	0.4506	0.2549	1.7675
0.5359	0.4206	5.5	0.5254	0.2549	2.0609
0.5359	0.4206	6.0	0.5118	0.2549	2.0076
0.5359	0.4206	6.5	0.5108	0.2549	2.0037
0.5359	0.4206	7.0	0.4511	0.2549	1.7697
0.5359	0.4206	7.5	0.4491	0.2549	1.7618
0.5359	0.4206	8.1	0.4051	0.2549	1.5891
0.5359	0.4206	8.6	0.4006	0.2549	1.5716
0.5359	0.4206	9.1	0.3963	0.2549	1.5546
0.5359	0.4206	9.6	0.3709	0.2549	1.4550
0.5359	0.4206	10.1	0.3616	0.2549	1.4186
0.5359	0.4206	10.6	0.3341	0.2549	1.3106
0.5359	0.4206	11.1	0.3311	0.2549	1.2988
0.5359	0.4206	11.6	0.3122	0.2549	1.2245
0.5359	0.4206	12.1	0.2899	0.2549	1.1371
0.5359	0.4206	12.7	0.2751	0.2549	1.0792
0.5359	0.4206	13.2	0.2688	0.2549	1.0543
0.5359	0.4206	13.7	0.2596	0.2549	1.0182
0.5359	0.4206	14.2	0.3014	0.2549	1.1824
0.5359	0.4206	14.7	0.3242	0.2549	1.2718
0.5359	0.4206	15.2	0.3968	0.2549	1.5567
0.5359	0.4206	15.7	0.4863	0.2549	1.9076
0.5359	0.4206	16.2	0.5031	0.2549	1.9734
0.5359	0.4206	16.7	0.5258	0.2549	2.0626
0.5359	0.4206	17.2	0.5172	0.2549	2.0288
0.5359	0.4206	17.8	0.5014	0.2549	1.9670
0.5359	0.4206	18.3	0.5271	0.2549	2.0675
0.5359	0.4206	18.8	0.4956	0.2549	1.9442
0.5359	0.4206	19.3	0.5338	0.2549	2.0939
0.5359	0.4206	19.8	0.5175	0.2549	2.0300
0.5359	0.4206	20.3	0.5112	0.2549	2.0054
0.5359	0.4206	20.8	0.4885	0.2549	1.9162
0.5359	0.4206	21.3	0.5264	0.2549	2.0649
0.5359	0.4206	21.8	0.5086	0.2549	1.9950
0.5359	0.4206	22.4	0.4987	0.2549	1.9564
0.5359	0.4206	22.9	0.4897	0.2549	1.9211
0.5359	0.4206	23.4	0.4902	0.2549	1.9230
0.5359	0.4206	23.9	0.5066	0.2549	1.9872
0.5359	0.4206	24.4	0.4871	0.2549	1.9108
0.5359	0.4206	24.9	0.4927	0.2549	1.9326
0.5359	0.4206	25.4	0.5310	0.2549	2.0831
0.5359	0.4206	25.9	0.5376	0.2549	2.1088
0.5359	0.4206	26.4	0.5066	0.2549	1.9873
0.5359	0.4206	26.9	0.5205	0.2549	2.0418
0.5359	0.4206	27.4	0.4997	0.2549	1.9602
0.5359	0.4206	28.0	0.4845	0.2549	1.9005
0.5359	0.4206	28.5	0.5164	0.2549	2.0258
0.5359	0.4206	29.0	0.4920	0.2549	1.9300
0.5359	0.4206	29.5	0.5269	0.2549	2.0670
0.5359	0.4206	30.0	0.5141	0.2549	2.0168
0.5496	0.4379	5.0	0.4340	0.2420	1.7933
0.5496	0.4379	5.5	0.4323	0.2420	1.7864
0.5496	0.4379	6.0	0.4117	0.2420	1.7012
0.5496	0.4379	6.5	0.4040	0.2420	1.6694
0.5496	0.4379	7.0	0.3988	0.2420	1.6480
0.5496	0.4379	7.5	0.4194	0.2420	1.7330
0.5496	0.4379	8.1	0.4106	0.2420	1.6965
0.5496	0.4379	8.6	0.4034	0.2420	1.6671
0.5496	0.4379	9.1	0.4270	0.2420	1.7643
0.5496	0.4379	9.6	0.4092	0.2420	1.6909
0.5496	0.4379	10.1	0.3520	0.2420	1.4545
0.5496	0.4379	10.6	0.3154	0.2420	1.3032
0.5496	0.4379	11.1	0.3100	0.2420	1.2810
0.5496	0.4379	11.6	0.2969	0.2420	1.2269
0.5496	0.4379	12.1	0.2793	0.2420	1.1541
0.5496	0.4379	12.7	0.2813	0.2420	1.1622
0.5496	0.4379	13.2	0.3062	0.2420	1.2654
0.5496	0.4379	13.7	0.3632	0.2420	1.5007
0.5496	0.4379	14.2	0.3908	0.2420	1.6147
0.5496	0.4379	14.7	0.4393	0.2420	1.8152
0.5496	0.4379	15.2	0.4047	0.2420	1.6723
0.5496	0.4379	15.7	0.4322	0.2420	1.7860
0.5496	0.4379	16.2	0.4536	0.2420	1.8744
0.5496	0.4379	16.7	0.4691	0.2420	1.9385
0.5496	0.4379	17.2	0.4770	0.2420	1.9709
0.5496	0.4379	17.8	0.4158	0.2420	1.7182
0.5496	0.4379	18.3	0.4271	0.2420	1.7650
0.5496	0.4379	18.8	0.4555	0.2420	1.8823
0.5496	0.4379	19.3	0.4219	0.2420	1.7435
0.5496	0.4379	19.8	0.4705	0.2420	1.9441
0.5496	0.4379	20.3	0.4471	0.2420	1.8475
0.5496	0.4379	20.8	0.4713	0.2420	1.9476
0.5496	0.4379	21.3	0.4751	0.2420	1.9631
0.5496	0.4379	21.8	0.4519	0.2420	1.8673
0.5496	0.4379	22.4	0.4576	0.2420	1.8908
0.5496	0.4379	22.9	0.4671	0.2420	1.9301
0.5496	0.4379	23.4	0.4738	0.2420	1.9578
0.5496	0.4379	23.9	0.4313	0.2420	1.7822
0.5496	0.4379	24.4	0.4512	0.2420	1.8646
0.5496	0.4379	24.9	0.4789	0.2420	1.9790
0.5496	0.4379	25.4	0.4672	0.2420	1.9306
0.5496	0.4379	25.9	0.4642	0.2420	1.9180
0.5496	0.4379	26.4	0.4638	0.2420	1.9166
0.5496	0.4379	26.9	0.4722	0.2420	1.9511
0.5496	0.4379	27.4	0.4558	0.2420	1.8834
0.5496	0.4379	28.0	0.4758	0.2420	1.9659
0.5496	0.4379	28.5	0.4764	0.2420	1.9684
0.5496	0.4379	29.0	0.4794	0.2420	1.9808
0.5496	0.4379	29.5	0.5090	0.2420	2.1031
0.5496	0.4379	30.0	0.4759	0.2420	1.9664
0.5633	0.3984	5.0	0.4483	0.2341	1.9153
0.5633	0.3984	5.5	0.4469	0.2341	1.9091
0.5633	0.3984	6.0	0.4416	0.2341	1.8865
0.5633	0.3984	6.5	0.4291	0.2341	1.8334
0.5633	0.3984	7.0	0.4316	0.2341	1.8438
0.5633	0.3984	7.5	0.4211	0.2341	1.7988
0.5633	0.3984	8.1	0.4245	0.2341	1.8137
0.5633	0.3984	8.6	0.4160	0.2341	1.7774
0.5633	0.3984	9.1	0.3836	0.2341	1.6388
0.5633	0.3984	9.6	0.3640	0.2341	1.5549
0.5633	0.3984	10.1	0.3459	0.2341	1.4775
0.5633	0.3984	10.6	0.3518	0.2341	1.5030
0.5633	0.3984	11.1	0.3158	0.2341	1.3492
0.5633	0.3984	11.6	0.2751	0.2341	1.1753
0.5633	0.3984	12.1	0.2610	0.2341	1.1151
0.5633	0.3984	12.7	0.2659	0.2341	1.1358
0.5633	0.3984	13.2	0.3182	0.2341	1.3596
0.5633	0.3984	13.7	0.3539	0.2341	1.5119
0.5633	0.3984	14.2	0.3712	0.2341	1.5859
0.5633	0.3984	14.7	0.3961	0.2341	1.6920
0.5633	0.3984	15.2	0.4442	0.2341	1.8978
0.5633	0.3984	15.7	0.4190	0.2341	1.7901
0.5633	0.3984	16.2	0.4214	0.2341	1.8002
0.5633	0.3984	16.7	0.4244	0.2341	1.8133
0.5633	0.3984	17.2	0.3990	0.2341	1.7044
0.5633	0.3984	17.8	0.4049	0.2341	1.7299
0.5633	0.3984	18.3	0.4106	0.2341	1.7540
0.5633	0.3984	18.8	0.4216	0.2341	1.8012
0.5633	0.3984	19.3	0.4264	0.2341	1.8218
0.5633	0.3984	19.8	0.4075	0.2341	1.7408
0.5633	0.3984	20.3	0.4178	0.2341	1.7849
0.5633	0.3984	20.8	0.4108	0.2341	1.7551
0.5633	0.3984	21.3	0.4332	0.2341	1.8507
0.5633	0.3984	21.8	0.4430	0.2341	1.8925
0.5633	0.3984	22.4	0.4529	0.2341	1.9350
0.5633	0.3984	22.9	0.4357	0.2341	1.8613
0.5633	0.3984	23.4	0.4705	0.2341	2.0100
0.5633	0.3984	23.9	0.4557	0.2341	1.9468
0.5633	0.3984	24.4	0.4646	0.2341	1.9847
0.5633	0.3984	24.9	0.4563	0.2341	1.9494
0.5633	0.3984	25.4	0.4345	0.2341	1.8563
0.5633	0.3984	25.9	0.4533	0.2341	1.9365
0.5633	0.3984	26.4	0.4437	0.2341	1.8955
0.5633	0.3984	26.9	0.4757	0.2341	2.0323
0.5633	0.3984	27.4	0.4370	0.2341	1.8669
0.5633	0.3984	28.0	0.4514	0.2341	1.9283
0.5633	0.3984	28.5	0.4187	0.2341	1.7889
0.5633	0.3984	29.0	0.4199	0.2341	1.7940
0.5633	0.3984	29.5	0.4590	0.2341	1.9608
0.5633	0.3984	30.0	0.4552	0.2341	1.9448
0.5769	0.4205	5.0	0.4339	0.2430	1.7857
0.5769	0.4205	5.5	0.4261	0.2430	1.7535
0.5769	0.4205	6.0	0.4907	0.2430	2.0198
0.5769	0.4205	6.5	0.4842	0.2430	1.9929
0.5769	0.4205	7.0	0.4871	0.2430	2.0046
0.5769	0.4205	7.5	0.4249	0.2430	1.7489
0.5769	0.4205	8.1	0.4261	0.2430	1.7535
0.5769	0.4205	8.6	0.4175	0.2430	1.7183
0.5769	0.4205	9.1	0.4174	0.2430	1.7180
0.5769	0.4205	9.6	0.3940	0.2430	1.6217
0.5769	0.4205	10.1	0.3745	0.2430	1.5412
0.5769	0.4205	10.6	0.3326	0.2430	1.3688
0.5769	0.4205	11.1	0.3044	0.2430	1.2529
0.5769	0.4205	11.6	0.3074	0.2430	1.2654
0.5769	0.4205	12.1	0.3089	0.2430	1.2714
0.5769	0.4205	12.7	0.2692	0.2430	1.1078
0.5769	0.4205	13.2	0.2968	0.2430	1.2213
0.5769	0.4205	13.7	0.3068	0.2430	1.2627
0.5769	0.4205	14.2	0.3518	0.2430	1.4480
0.5769	0.4205	14.7	0.4453	0.2430	1.8326
0.5769	0.4205	15.2	0.4964	0.2430	2.0432
0.5769	0.4205	15.7	0.5350	0.2430	2.2018
0.5769	0.4205	16.2	0.5305	0.2430	2.1833
0.5769	0.4205	16.7	0.5193	0.2430	2.1373
0.5769	0.4205	17.2	0.5348	0.2430	2.2010
0.5769	0.4205	17.8	0.5489	0.2430	2.2590
0.5769	0.4205	18.3	0.5492	0.2430	2.2603
0.5769	0.4205	18.8	0.5348	0.2430	2.2012
0.5769	0.4205	19.3	0.5372	0.2430	2.2110
0.5769	0.4205	19.8	0.5328	0.2430	2.1926
0.5769	0.4205	20.3	0.5409	0.2430	2.2260
0.5769	0.4205	20.8	0.5263	0.2430	2.1661
0.5769	0.4205	21.3	0.5169	0.2430	2.1275
0.5769	0.4205	21.8	0.5527	0.2430	2.2748
0.5769	0.4205	22.4	0.5243	0.2430	2.1578
0.5769	0.4205	22.9	0.5449	0.2430	2.2427
0.5769	0.4205	23.4	0.5121	0.2430	2.1078
0.5769	0.4205	23.9	0.5016	0.2430	2.0645
0.5769	0.4205	24.4	0.5368	0.2430	2.2093
0.5769	0.4205	24.9	0.5294	0.2430	2.1788
0.5769	0.4205	25.4	0.5391	0.2430	2.2186
0.5769	0.4205	25.9	0.4931	0.2430	2.0294
0.5769	0.4205	26.4	0.5019	0.2430	2.0658
0.5769	0.4205	26.9	0.5012	0.2430	2.0630
0.5769	0.4205	27.4	0.5179	0.2430	2.1313
0.5769	0.4205	28.0	0.5089	0.2430	2.0946
0.5769	0.4205	28.5	0.5235	0.2430	2.1545
0.5769	0.4205	29.0	0.5148	0.2430	2.1189
0.5769	0.4205	29.5	0.5292	0.2430	2.1779
0.5769	0.4205	30.0	0.5345	0.2430	2.2000
0.5906	0.4485	5.0	0.4508	0.2490	1.8105
0.5906	0.4485	5.5	0.4264	0.2490	1.7128
0.5906	0.4485	6.0	0.4209	0.2490	1.6907
0.5906	0.4485	6.5	0.4197	0.2490	1.6858
0.5906	0.4485	7.0	0.4810	0.2490	1.9318
0.5906	0.4485	7.5	0.4697	0.2490	1.8866
0.5906	0.4485	8.1	0.4624	0.2490	1.8572
0.5906	0.4485	8.6	0.4072	0.2490	1.6355
0.5906	0.4485	9.1	0.3981	0.2490	1.5991
0.5906	0.4485	9.6	0.3982	0.2490	1.5993
0.5906	0.4485	10.1	0.3678	0.2490	1.4774
0.5906	0.4485	10.6	0.3503	0.2490	1.4069
0.5906	0.4485	11.1	0.3312	0.2490	1.3301
0.5906	0.4485	11.6	0.3103	0.2490	1.2465
0.5906	0.4485	12.1	0.3032	0.2490	1.2177
0.5906	0.4485	12.7	0.2697	0.2490	1.0830
0.5906	0.4485	13.2	0.2611	0.2490	1.0488
0.5906	0.4485	13.7	0.2700	0.2490	1.0844
0.5906	0.4485	14.2	0.2865	0.2490	1.1509
0.5906	0.4485	14.7	0.4040	0.2490	1.6225
0.5906	0.4485	15.2	0.4587	0.2490	1.8424
0.5906	0.4485	15.7	0.4942	0.2490	1.9851
0.5906	0.4485	16.2	0.5017	0.2490	2.0150
0.5906	0.4485	16.7	0.4857	0.2490	1.9509
0.5906	0.4485	17.2	0.5267	0.2490	2.1155
0.5906	0.4485	17.8	0.5194	0.2490	2.0860
0.5906	0.4485	18.3	0.5110	0.2490	2.0525
0.5906	0.4485	18.8	0.5053	0.2490	2.0296
0.5906	0.4485	19.3	0.4848	0.2490	1.9472
0.5906	0.4485	19.8	0.5035	0.2490	2.0223
0.5906	0.4485	20.3	0.4960	0.2490	1.9920
0.5906	0.4485	20.8	0.5060	0.2490	2.0324
0.5906	0.4485	21.3	0.5052	0.2490	2.0290
0.5906	0.4485	21.8	0.4892	0.2490	1.9649
0.5906	0.4485	22.4	0.4996	0.2490	2.0065
0.5906	0.4485	22.9	0.5128	0.2490	2.0598
0.5906	0.4485	23.4	0.5145	0.2490	2.0666
0.5906	0.4485	23.9	0.5006	0.2490	2.0105
0.5906	0.4485	24.4	0.5045	0.2490	2.0262
0.5906	0.4485	24.9	0.4831	0.2490	1.9402
0.5906	0.4485	25.4	0.5035	0.2490	2.0222
0.5906	0.4485	25.9	0.4789	0.2490	1.9234
0.5906	0.4485	26.4	0.4717	0.2490	1.8946
0.5906	0.4485	26.9	0.5294	0.2490	2.1261
0.5906	0.4485	27.4	0.5419	0.2490	2.1763
0.5906	0.4485	28.0	0.4891	0.2490	1.9646
0.5906	0.4485	28.5	0.5102	0.2490	2.0493
0.5906	0.4485	29.0	0.5132	0.2490	2.0611
0.5906	0.4485	29.5	0.5015	0.2490	2.0141
0.5906	0.4485	30.0	0.4861	0.2490	1.9526
0.6043	0.4174	5.0	0.4531	0.2446	1.8524
0.6043	0.4174	5.5	0.4872	0.2446	1.9921
0.6043	0.4174	6.0	0.4853	0.2446	1.9843
0.6043	0.4174	6.5	0.4782	0.2446	1.9553
0.6043	0.4174	7.0	0.4267	0.2446	1.7447
0.6043	0.4174	7.5	0.4174	0.2446	1.7068
0.6043	0.4174	8.1	0.4274	0.2446	1.7476
0.6043	0.4174	8.6	0.4129	0.2446	1.6884
0.6043	0.4174	9.1	0.3969	0.2446	1.6226
0.6043	0.4174	9.6	0.3443	0.2446	1.4077
0.6043	0.4174	10.1	0.3343	0.2446	1.3669
0.6043	0.4174	10.6	0.3174	0.2446	1.2976
0.6043	0.4174	11.1	0.3375	0.2446	1.3800
0.6043	0.4174	11.6	0.3160	0.2446	1.2919
0.6043	0.4174	12.1	0.2892	0.2446	1.1825
0.6043	0.4174	12.7	0.2714	0.2446	1.1098
0.6043	0.4174	13.2	0.3404	0.2446	1.3916
0.6043	0.4174	13.7	0.3447	0.2446	1.4093
0.6043	0.4174	14.2	0.4104	0.2446	1.6781
0.6043	0.4174	14.7	0.4241	0.2446	1.7342
0.6043	0.4174	15.2	0.4326	0.2446	1.7688
0.6043	0.4174	15.7	0.4190	0.2446	1.7132
0.6043	0.4174	16.2	0.4389	0.2446	1.7943
0.6043	0.4174	16.7	0.4333	0.2446	1.7715
0.6043	0.4174	17.2	0.4319	0.2446	1.7659
0.6043	0.4174	17.8	0.4139	0.2446	1.6923
0.6043	0.4174	18.3	0.3983	0.2446	1.6283
0.6043	0.4174	18.8	0.4050	0.2446	1.6560
0.6043	0.4174	19.3	0.3942	0.2446	1.6119
0.6043	0.4174	19.8	0.4182	0.2446	1.7100
0.6043	0.4174	20.3	0.4083	0.2446	1.6695
0.6043	0.4174	20.8	0.4281	0.2446	1.7505
0.6043	0.4174	21.3	0.4135	0.2446	1.6906
0.6043	0.4174	21.8	0.4717	0.2446	1.9285
0.6043	0.4174	22.4	0.4638	0.2446	1.8965
0.6043	0.4174	22.9	0.4011	0.2446	1.6399
0.6043	0.4174	23.4	0.4112	0.2446	1.6812
0.6043	0.4174	23.9	0.4611	0.2446	1.8854
0.6043	0.4174	24.4	0.4545	0.2446	1.8582
0.6043	0.4174	24.9	0.4848	0.2446	1.9821
0.6043	0.4174	25.4	0.4688	0.2446	1.9166
0.6043	0.4174	25.9	0.4655	0.2446	1.9035
0.6043	0.4174	26.4	0.4681	0.2446	1.9141
0.6043	0.4174	26.9	0.4789	0.2446	1.9579
0.6043	0.4174	27.4	0.5068	0.2446	2.0720
0.6043	0.4174	28.0	0.4866	0.2446	1.9894
0.6043	0.4174	28.5	0.4922	0.2446	2.0125
0.6043	0.4174	29.0	0.4794	0.2446	1.9600
0.6043	0.4174	29.5	0.5137	0.2446	2.1002
0.6043	0.4174	30.0	0.4993	0.2446	2.0413
0.6180	0.4053	5.0	0.4338	0.2477	1.7513
0.6180	0.4053	5.5	0.4215	0.2477	1.7016
0.6180	0.4053	6.0	0.4204	0.2477	1.6971
0.6180	0.4053	6.5	0.4166	0.2477	1.6817
0.6180	0.4053	7.0	0.5022	0.2477	2.0274
0.6180	0.4053	7.5	0.4957	0.2477	2.0011
0.6180	0.4053	8.1	0.4794	0.2477	1.9354
0.6180	0.4053	8.6	0.4349	0.2477	1.7559
0.6180	0.4053	9.1	0.4261	0.2477	1.7201
0.6180	0.4053	9.6	0.4153	0.2477	1.6766
0.6180	0.4053	10.1	0.3900	0.2477	1.5743
0.6180	0.4053	10.6	0.3695	0.2477	1.4917
0.6180	0.4053	11.1	0.3270	0.2477	1.3202
0.6180	0.4053	11.6	0.3118	0.2477	1.2589
0.6180	0.4053	12.1	0.2752	0.2477	1.1112
0.6180	0.4053	12.7	0.2855	0.2477	1.1527
0.6180	0.4053	13.2	0.3273	0.2477	1.3213
0.6180	0.4053	13.7	0.4056	0.2477	1.6375
0.6180	0.4053	14.2	0.4089	0.2477	1.6506
0.6180	0.4053	14.7	0.4056	0.2477	1.6376
0.6180	0.4053	15.2	0.4194	0.2477	1.6930
0.6180	0.4053	15.7	0.4206	0.2477	1.6982
0.6180	0.4053	16.2	0.4040	0.2477	1.6310
0.6180	0.4053	16.7	0.4106	0.2477	1.6578
0.6180	0.4053	17.2	0.4142	0.2477	1.6722
0.6180	0.4053	17.8	0.4152	0.2477	1.6762
0.6180	0.4053	18.3	0.4231	0.2477	1.7081
0.6180	0.4053	18.8	0.4255	0.2477	1.7178
0.6180	0.4053	19.3	0.4720	0.2477	1.9055
0.6180	0.4053	19.8	0.4068	0.2477	1.6423
0.6180	0.4053	20.3	0.4305	0.2477	1.7380
0.6180	0.4053	20.8	0.4339	0.2477	1.7515
0.6180	0.4053	21.3	0.4151	0.2477	1.6758
0.6180	0.4053	21.8	0.4462	0.2477	1.8014
0.6180	0.4053	22.4	0.4320	0.2477	1.7441
0.6180	0.4053	22.9	0.4463	0.2477	1.8017
0.6180	0.4053	23.4	0.4396	0.2477	1.7749
0.6180	0.4053	23.9	0.4827	0.2477	1.9489
0.6180	0.4053	24.4	0.4521	0.2477	1.8253
0.6180	0.4053	24.9	0.4701	0.2477	1.8979
0.6180	0.4053	25.4	0.4402	0.2477	1.7772
0.6180	0.4053	25.9	0.4436	0.2477	1.7911
0.6180	0.4053	26.4	0.3984	0.2477	1.6084
0.6180	0.4053	26.9	0.4528	0.2477	1.8279
0.6180	0.4053	27.4	0.4738	0.2477	1.9129
0.6180	0.4053	28.0	0.4527	0.2477	1.8275
0.6180	0.4053	28.5	0.4401	0.2477	1.7768
0.6180	0.4053	29.0	0.4435	0.2477	1.7906
0.6180	0.4053	29.5	0.4381	0.2477	1.7687
0.6180	0.4053	30.0	0.4767	0.2477	1.9245
0.6316	0.4173	5.0	0.4325	0.2411	1.7940
0.6316	0.4173	5.5	0.4565	0.2411	1.8937
0.6316	0.4173	6.0	0.4667	0.2411	1.9358
0.6316	0.4173	6.5	0.4541	0.2411	1.8837
0.6316	0.4173	7.0	0.4522	0.2411	1.8756
0.6316	0.4173	7.5	0.4520	0.2411	1.8749
0.6316	0.4173	8.1	0.4035	0.2411	1.6737
0.6316	0.4173	8.6	0.3945	0.2411	1.6363
0.6316	0.4173	9.1	0.3845	0.2411	1.5947
0.6316	0.4173	9.6	0.4386	0.2411	1.8194
0.6316	0.4173	10.1	0.4088	0.2411	1.6955
0.6316	0.4173	10.6	0.3979	0.2411	1.6504
0.6316	0.4173	11.1	0.3068	0.2411	1.2727
0.6316	0.4173	11.6	0.2934	0.2411	1.2169
0.6316	0.4173	12.1	0.2753	0.2411	1.1421
0.6316	0.4173	12.7	0.2572	0.2411	1.0667
0.6316	0.4173	13.2	0.2628	0.2411	1.0900
0.6316	0.4173	13.7	0.2449	0.2411	1.0157
0.6316	0.4173	14.2	0.2771	0.2411	1.1493
0.6316	0.4173	14.7	0.3540	0.2411	1.4682
0.6316	0.4173	15.2	0.4002	0.2411	1.6600
0.6316	0.4173	15.7	0.4221	0.2411	1.7511
0.6316	0.4173	16.2	0.4525	0.2411	1.8768
0.6316	0.4173	16.7	0.4900	0.2411	2.0325
0.6316	0.4173	17.2	0.4576	0.2411	1.8980
0.6316	0.4173	17.8	0.4419	0.2411	1.8330
0.6316	0.4173	18.3	0.4431	0.2411	1.8378
0.6316	0.4173	18.8	0.4414	0.2411	1.8308
0.6316	0.4173	19.3	0.4412	0.2411	1.8299
0.6316	0.4173	19.8	0.4370	0.2411	1.8127
0.6316	0.4173	20.3	0.4395	0.2411	1.8229
0.6316	0.4173	20.8	0.4047	0.2411	1.6787
0.6316	0.4173	21.3	0.4423	0.2411	1.8346
0.6316	0.4173	21.8	0.4536	0.2411	1.8813
0.6316	0.4173	22.4	0.4448	0.2411	1.8451
0.6316	0.4173	22.9	0.4711	0.2411	1.9543
0.6316	0.4173	23.4	0.4855	0.2411	2.0139
0.6316	0.4173	23.9	0.4645	0.2411	1.9266
0.6316	0.4173	24.4	0.4675	0.2411	1.9391
0.6316	0.4173	24.9	0.4627	0.2411	1.9191
0.6316	0.4173	25.4	0.5282	0.2411	2.1911
0.6316	0.4173	25.9	0.4390	0.2411	1.8209
0.6316	0.4173	26.4	0.4521	0.2411	1.8754
0.6316	0.4173	26.9	0.4483	0.2411	1.8594
0.6316	0.4173	27.4	0.4451	0.2411	1.8464
0.6316	0.4173	28.0	0.4627	0.2411	1.9192
0.6316	0.4173	28.5	0.4513	0.2411	1.8718
0.6316	0.4173	29.0	0.4750	0.2411	1.9703
0.6316	0.4173	29.5	0.4571	0.2411	1.8962
0.6316	0.4173	30.0	0.4512	0.2411	1.8716
0.6453	0.3879	5.0	0.4253	0.2454	1.7332
0.6453	0.3879	5.5	0.4035	0.2454	1.6442
0.6453	0.3879	6.0	0.4147	0.2454	1.6896
0.6453	0.3879	6.5	0.4803	0.2454	1.9570
0.6453	0.3879	7.0	0.4795	0.2454	1.9540
0.6453	0.3879	7.5	0.4764	0.2454	1.9410
0.6453	0.3879	8.1	0.4335	0.2454	1.7663
0.6453	0.3879	8.6	0.4219	0.2454	1.7189
0.6453	0.3879	9.1	0.4147	0.2454	1.6897
0.6453	0.3879	9.6	0.3932	0.2454	1.6023
0.6453	0.3879	10.1	0.3700	0.2454	1.5075
0.6453	0.3879	10.6	0.3539	0.2454	1.4422
0.6453	0.3879	11.1	0.3574	0.2454	1.4565
0.6453	0.3879	11.6	0.3183	0.2454	1.2970
0.6453	0.3879	12.1	0.2878	0.2454	1.1726
0.6453	0.3879	12.7	0.2759	0.2454	1.1242
0.6453	0.3879	13.2	0.2567	0.2454	1.0460
0.6453	0.3879	13.7	0.2643	0.2454	1.0769
0.6453	0.3879	14.2	0.2640	0.2454	1.0758
0.6453	0.3879	14.7	0.3174	0.2454	1.2932
0.6453	0.3879	15.2	0.3590	0.2454	1.4628
0.6453	0.3879	15.7	0.4273	0.2454	1.7411
0.6453	0.3879	16.2	0.4698	0.2454	1.9141
0.6453	0.3879	16.7	0.4509	0.2454	1.8372
0.6453	0.3879	17.2	0.4821	0.2454	1.9644
0.6453	0.3879	17.8	0.4746	0.2454	1.9338
0.6453	0.3879	18.3	0.4867	0.2454	1.9832
0.6453	0.3879	18.8	0.4898	0.2454	1.9959
0.6453	0.3879	19.3	0.4398	0.2454	1.7919
0.6453	0.3879	19.8	0.4581	0.2454	1.8668
0.6453	0.3879	20.3	0.4778	0.2454	1.9470
0.6453	0.3879	20.8	0.4679	0.2454	1.9067
0.6453	0.3879	21.3	0.4806	0.2454	1.9582
0.6453	0.3879	21.8	0.4655	0.2454	1.8967
0.6453	0.3879	22.4	0.4263	0.2454	1.7370
0.6453	0.3879	22.9	0.4673	0.2454	1.9039
0.6453	0.3879	23.4	0.4514	0.2454	1.8393
0.6453	0.3879	23.9	0.4444	0.2454	1.8109
0.6453	0.3879	24.4	0.4618	0.2454	1.8817
0.6453	0.3879	24.9	0.4602	0.2454	1.8752
0.6453	0.3879	25.4	0.4651	0.2454	1.8951
0.6453	0.3879	25.9	0.4609	0.2454	1.8781
0.6453	0.3879	26.4	0.4824	0.2454	1.9656
0.6453	0.3879	26.9	0.4738	0.2454	1.9307
0.6453	0.3879	27.4	0.5448	0.2454	2.2197
0.6453	0.3879	28.0	0.4962	0.2454	2.0220
0.6453	0.3879	28.5	0.4999	0.2454	2.0370
0.6453	0.3879	29.0	0.4565	0.2454	1.8601
0.6453	0.3879	29.5	0.5011	0.2454	2.0417
0.6453	0.3879	30.0	0.5191	0.2454	2.1151
0.6590	0.3877	5.0	0.4575	0.2383	1.9197
0.6590	0.3877	5.5	0.4590	0.2383	1.9260
0.6590	0.3877	6.0	0.4577	0.2383	1.9202
0.6590	0.3877	6.5	0.4557	0.2383	1.9119
0.6590	0.3877	7.0	0.4517	0.2383	1.8953
0.6590	0.3877	7.5	0.4428	0.2383	1.8579
0.6590	0.3877	8.1	0.4363	0.2383	1.8307
0.6590	0.3877	8.6	0.4390	0.2383	1.8418
0.6590	0.3877	9.1	0.4217	0.2383	1.7692
0.6590	0.3877	9.6	0.4181	0.2383	1.7543
0.6590	0.3877	10.1	0.4013	0.2383	1.6837
0.6590	0.3877	10.6	0.3645	0.2383	1.5294
0.6590	0.3877	11.1	0.3424	0.2383	1.4366
0.6590	0.3877	11.6	0.3240	0.2383	1.3593
0.6590	0.3877	12.1	0.2907	0.2383	1.2198
0.6590	0.3877	12.7	0.2910	0.2383	1.2209
0.6590	0.3877	13.2	0.2864	0.2383	1.2017
0.6590	0.3877	13.7	0.2746	0.2383	1.1523
0.6590	0.3877	14.2	0.2815	0.2383	1.1813
0.6590	0.3877	14.7	0.2954	0.2383	1.2396
0.6590	0.3877	15.2	0.3572	0.2383	1.4989
0.6590	0.3877	15.7	0.3982	0.2383	1.6708
0.6590	0.3877	16.2	0.4588	0.2383	1.9250
0.6590	0.3877	16.7	0.5123	0.2383	2.1495
0.6590	0.3877	17.2	0.5026	0.2383	2.1087
0.6590	0.3877	17.8	0.4820	0.2383	2.0221
0.6590	0.3877	18.3	0.4881	0.2383	2.0480
0.6590	0.3877	18.8	0.5112	0.2383	2.1448
0.6590	0.3877	19.3	0.4956	0.2383	2.0793
0.6590	0.3877	19.8	0.4925	0.2383	2.0664
0.6590	0.3877	20.3	0.4585	0.2383	1.9239
0.6590	0.3877	20.8	0.4655	0.2383	1.9531
0.6590	0.3877	21.3	0.4552	0.2383	1.9101
0.6590	0.3877	21.8	0.4729	0.2383	1.9840
0.6590	0.3877	22.4	0.4600	0.2383	1.9301
0.6590	0.3877	22.9	0.4883	0.2383	2.0486
0.6590	0.3877	23.4	0.4881	0.2383	2.0477
0.6590	0.3877	23.9	0.4632	0.2383	1.9435
0.6590	0.3877	24.4	0.4926	0.2383	2.0669
0.6590	0.3877	24.9	0.5020	0.2383	2.1061
0.6590	0.3877	25.4	0.5174	0.2383	2.1709
0.6590	0.3877	25.9	0.4701	0.2383	1.9726
0.6590	0.3877	26.4	0.5028	0.2383	2.1098
0.6590	0.3877	26.9	0.4946	0.2383	2.0752
0.6590	0.3877	27.4	0.5129	0.2383	2.1519
0.6590	0.3877	28.0	0.4881	0.2383	2.0479
0.6590	0.3877	28.5	0.4975	0.2383	2.0872
0.6590	0.3877	29.0	0.4858	0.2383	2.0385
0.6590	0.3877	29.5	0.5165	0.2383	2.1672
0.6590	0.3877	30.0	0.4802	0.2383	2.0148
0.6727	0.3832	5.0	0.4602	0.2321	1.9827
0.6727	0.3832	5.5	0.4543	0.2321	1.9571
0.6727	0.3832	6.0	0.4089	0.2321	1.7618
0.6727	0.3832	6.5	0.4024	0.2321	1.7335
0.6727	0.3832	7.0	0.4050	0.2321	1.7448
0.6727	0.3832	7.5	0.4513	0.2321	1.9443
0.6727	0.3832	8.1	0.4492	0.2321	1.9354
0.6727	0.3832	8.6	0.4363	0.2321	1.8795
0.6727	0.3832	9.1	0.4409	0.2321	1.8997
0.6727	0.3832	9.6	0.4148	0.2321	1.7873
0.6727	0.3832	10.1	0.3837	0.2321	1.6533
0.6727	0.3832	10.6	0.3661	0.2321	1.5773
0.6727	0.3832	11.1	0.3328	0.2321	1.4337
0.6727	0.3832	11.6	0.3158	0.2321	1.3604
0.6727	0.3832	12.1	0.2869	0.2321	1.2362
0.6727	0.3832	12.7	0.2711	0.2321	1.1678
0.6727	0.3832	13.2	0.2573	0.2321	1.1085
0.6727	0.3832	13.7	0.3451	0.2321	1.4868
0.6727	0.3832	14.2	0.3301	0.2321	1.4222
0.6727	0.3832	14.7	0.3535	0.2321	1.5230
0.6727	0.3832	15.2	0.4061	0.2321	1.7495
0.6727	0.3832	15.7	0.4100	0.2321	1.7665
0.6727	0.3832	16.2	0.4201	0.2321	1.8100
0.6727	0.3832	16.7	0.4555	0.2321	1.9623
0.6727	0.3832	17.2	0.4347	0.2321	1.8727
0.6727	0.3832	17.8	0.4494	0.2321	1.9363
0.6727	0.3832	18.3	0.4460	0.2321	1.9213
0.6727	0.3832	18.8	0.3987	0.2321	1.7177
0.6727	0.3832	19.3	0.4200	0.2321	1.8094
0.6727	0.3832	19.8	0.4153	0.2321	1.7891
0.6727	0.3832	20.3	0.4166	0.2321	1.7949
0.6727	0.3832	20.8	0.4197	0.2321	1.8081
0.6727	0.3832	21.3	0.4129	0.2321	1.7790
0.6727	0.3832	21.8	0.4503	0.2321	1.9400
0.6727	0.3832	22.4	0.4290	0.2321	1.8483
0.6727	0.3832	22.9	0.4104	0.2321	1.7680
0.6727	0.3832	23.4	0.4361	0.2321	1.8787
0.6727	0.3832	23.9	0.4704	0.2321	2.0265
0.6727	0.3832	24.4	0.4403	0.2321	1.8968
0.6727	0.3832	24.9	0.4698	0.2321	2.0238
0.6727	0.3832	25.4	0.4788	0.2321	2.0628
0.6727	0.3832	25.9	0.4432	0.2321	1.9094
0.6727	0.3832	26.4	0.4348	0.2321	1.8733
0.6727	0.3832	26.9	0.4729	0.2321	2.0375
0.6727	0.3832	27.4	0.4703	0.2321	2.0262
0.6727	0.3832	28.0	0.4629	0.2321	1.9943
0.6727	0.3832	28.5	0.4465	0.2321	1.9236
0.6727	0.3832	29.0	0.4304	0.2321	1.8545
0.6727	0.3832	29.5	0.4601	0.2321	1.9821
0.6727	0.3832	30.0	0.4418	0.2321	1.9032
0.6863	0.4007	5.0	0.4386	0.2410	1.8200
0.6863	0.4007	5.5	0.4230	0.2410	1.7553
0.6863	0.4007	6.0	0.4265	0.2410	1.7699
0.6863	0.4007	6.5	0.4444	0.2410	1.8441
0.6863	0.4007	7.0	0.4368	0.2410	1.8126
0.6863	0.4007	7.5	0.4294	0.2410	1.7819
0.6863	0.4007	8.1	0.4236	0.2410	1.7578
0.6863	0.4007	8.6	0.4198	0.2410	1.7421
0.6863	0.4007	9.1	0.4117	0.2410	1.7085
0.6863	0.4007	9.6	0.3946	0.2410	1.6374
0.6863	0.4007	10.1	0.3747	0.2410	1.5551
0.6863	0.4007	10.6	0.3598	0.2410	1.4932
0.6863	0.4007	11.1	0.3349	0.2410	1.3900
0.6863	0.4007	11.6	0.3115	0.2410	1.2929
0.6863	0.4007	12.1	0.2963	0.2410	1.2298
0.6863	0.4007	12.7	0.2737	0.2410	1.1357
0.6863	0.4007	13.2	0.2748	0.2410	1.1406
0.6863	0.4007	13.7	0.3649	0.2410	1.5142
0.6863	0.4007	14.2	0.3823	0.2410	1.5865
0.6863	0.4007	14.7	0.3840	0.2410	1.5936
0.6863	0.4007	15.2	0.4400	0.2410	1.8258
0.6863	0.4007	15.7	0.4499	0.2410	1.8671
0.6863	0.4007	16.2	0.4463	0.2410	1.8520
0.6863	0.4007	16.7	0.4535	0.2410	1.8820
0.6863	0.4007	17.2	0.4565	0.2410	1.8945
0.6863	0.4007	17.8	0.4857	0.2410	2.0155
0.6863	0.4007	18.3	0.4821	0.2410	2.0008
0.6863	0.4007	18.8	0.4604	0.2410	1.9104
0.6863	0.4007	19.3	0.4619	0.2410	1.9167
0.6863	0.4007	19.8	0.4420	0.2410	1.8344
0.6863	0.4007	20.3	0.4566	0.2410	1.8948
0.6863	0.4007	20.8	0.4431	0.2410	1.8390
0.6863	0.4007	21.3	0.4198	0.2410	1.7421
0.6863	0.4007	21.8	0.4564	0.2410	1.8939
0.6863	0.4007	22.4	0.4710	0.2410	1.9546
0.6863	0.4007	22.9	0.4731	0.2410	1.9633
0.6863	0.4007	23.4	0.4601	0.2410	1.9092
0.6863	0.4007	23.9	0.4653	0.2410	1.9308
0.6863	0.4007	24.4	0.4580	0.2410	1.9006
0.6863	0.4007	24.9	0.4705	0.2410	1.9527
0.6863	0.4007	25.4	0.4428	0.2410	1.8378
0.6863	0.4007	25.9	0.4404	0.2410	1.8276
0.6863	0.4007	26.4	0.4480	0.2410	1.8592
0.6863	0.4007	26.9	0.4553	0.2410	1.8896
0.6863	0.4007	27.4	0.4807	0.2410	1.9948
0.6863	0.4007	28.0	0.4619	0.2410	1.9167
0.6863	0.4007	28.5	0.4709	0.2410	1.9542
0.6863	0.4007	29.0	0.4829	0.2410	2.0038
0.6863	0.4007	29.5	0.4708	0.2410	1.9539
0.6863	0.4007	30.0	0.4718	0.2410	1.9580
0.7000	0.3873	5.0	0.4475	0.2442	1.8327
0.7000	0.3873	5.5	0.4343	0.2442	1.7787
0.7000	0.3873	6.0	0.4346	0.2442	1.7798
0.7000	0.3873	6.5	0.4288	0.2442	1.7562
0.7000	0.3873	7.0	0.4384	0.2442	1.7957
0.7000	0.3873	7.5	0.4318	0.2442	1.7684
0.7000	0.3873	8.1	0.4232	0.2442	1.7335
0.7000	0.3873	8.6	0.4178	0.2442	1.7113
0.7000	0.3873	9.1	0.3959	0.2442	1.6217
0.7000	0.3873	9.6	0.4313	0.2442	1.7664
0.7000	0.3873	10.1	0.4075	0.2442	1.6689
0.7000	0.3873	10.6	0.3878	0.2442	1.5884
0.7000	0.3873	11.1	0.3027	0.2442	1.2396
0.7000	0.3873	11.6	0.2944	0.2442	1.2057
0.7000	0.3873	12.1	0.2832	0.2442	1.1598
0.7000	0.3873	12.7	0.2748	0.2442	1.1257
0.7000	0.3873	13.2	0.2682	0.2442	1.0984
0.7000	0.3873	13.7	0.3197	0.2442	1.3093
0.7000	0.3873	14.2	0.3538	0.2442	1.4489
0.7000	0.3873	14.7	0.4034	0.2442	1.6523
0.7000	0.3873	15.2	0.4414	0.2442	1.8079
0.7000	0.3873	15.7	0.4602	0.2442	1.8847
0.7000	0.3873	16.2	0.4503	0.2442	1.8444
0.7000	0.3873	16.7	0.4611	0.2442	1.8885
0.7000	0.3873	17.2	0.4704	0.2442	1.9265
0.7000	0.3873	17.8	0.4685	0.2442	1.9187
0.7000	0.3873	18.3	0.4871	0.2442	1.9950
0.7000	0.3873	18.8	0.4680	0.2442	1.9168
0.7000	0.3873	19.3	0.4546	0.2442	1.8620
0.7000	0.3873	19.8	0.4316	0.2442	1.7677
0.7000	0.3873	20.3	0.4449	0.2442	1.8222
0.7000	0.3873	20.8	0.4608	0.2442	1.8872
0.7000	0.3873	21.3	0.4730	0.2442	1.9373
0.7000	0.3873	21.8	0.4638	0.2442	1.8995
0.7000	0.3873	22.4	0.4554	0.2442	1.8650
0.7000	0.3873	22.9	0.4432	0.2442	1.8152
0.7000	0.3873	23.4	0.4592	0.2442	1.8806
0.7000	0.3873	23.9	0.4705	0.2442	1.9271
0.7000	0.3873	24.4	0.4869	0.2442	1.9941
0.7000	0.3873	24.9	0.4827	0.2442	1.9769
0.7000	0.3873	25.4	0.4742	0.2442	1.9420
0.7000	0.3873	25.9	0.4515	0.2442	1.8493
0.7000	0.3873	26.4	0.4587	0.2442	1.8788
0.7000	0.3873	26.9	0.4840	0.2442	1.9824
0.7000	0.3873	27.4	0.4839	0.2442	1.9818
0.7000	0.3873	28.0	0.4771	0.2442	1.9540
0.7000	0.3873	28.5	0.4780	0.2442	1.9579
0.7000	0.3873	29.0	0.4471	0.2442	1.8310
0.7000	0.3873	29.5	0.4822	0.2442	1.9750
0.7000	0.3873	30.0	0.4777	0.2442	1.9564
