sigma	gini	exc_weight	clusF	clusA	clusF/clusA
0.0446	0.8700	2.0	0.4130	0.6178	0.6685
0.0446	0.8700	2.4	0.4663	0.6178	0.7547
0.0446	0.8700	2.7	0.4532	0.6178	0.7336
0.0446	0.8700	3.1	0.4640	0.6178	0.7510
0.0446	0.8700	3.5	0.4582	0.6178	0.7417
0.0446	0.8700	3.8	0.4422	0.6178	0.7158
0.0446	0.8700	4.2	0.4456	0.6178	0.7213
0.0446	0.8700	4.6	0.4344	0.6178	0.7032
0.0446	0.8700	4.9	0.4550	0.6178	0.7365
0.0446	0.8700	5.3	0.4487	0.6178	0.7263
0.0446	0.8700	5.7	0.4295	0.6178	0.6952
0.0446	0.8700	6.0	0.4305	0.6178	0.6968
0.0446	0.8700	6.4	0.3526	0.6178	0.5707
0.0446	0.8700	6.8	0.3467	0.6178	0.5612
0.0446	0.8700	7.1	0.3150	0.6178	0.5098
0.0446	0.8700	7.5	0.4891	0.6178	0.7916
0.0446	0.8700	7.9	0.5941	0.6178	0.9616
0.0446	0.8700	8.2	0.6036	0.6178	0.9770
0.0446	0.8700	8.6	0.6280	0.6178	1.0165
0.0446	0.8700	9.0	0.6344	0.6178	1.0268
0.0446	0.8700	9.3	0.6145	0.6178	0.9947
0.0446	0.8700	9.7	0.6211	0.6178	1.0054
0.0446	0.8700	10.1	0.6208	0.6178	1.0047
0.0446	0.8700	10.4	0.6421	0.6178	1.0393
0.0446	0.8700	10.8	0.6319	0.6178	1.0228
0.0446	0.8700	11.2	0.6249	0.6178	1.0114
0.0446	0.8700	11.6	0.6402	0.6178	1.0362
0.0446	0.8700	11.9	0.6378	0.6178	1.0324
0.0446	0.8700	12.3	0.6286	0.6178	1.0174
0.0446	0.8700	12.7	0.6313	0.6178	1.0219
0.0446	0.8700	13.0	0.6172	0.6178	0.9990
0.0446	0.8700	13.4	0.6125	0.6178	0.9914
0.0446	0.8700	13.8	0.6246	0.6178	1.0110
0.0446	0.8700	14.1	0.5976	0.6178	0.9672
0.0446	0.8700	14.5	0.5943	0.6178	0.9619
0.0446	0.8700	14.9	0.6079	0.6178	0.9839
0.0446	0.8700	15.2	0.6202	0.6178	1.0039
0.0446	0.8700	15.6	0.5992	0.6178	0.9699
0.0446	0.8700	16.0	0.5909	0.6178	0.9565
0.0446	0.8700	16.3	0.6130	0.6178	0.9923
0.0446	0.8700	16.7	0.6286	0.6178	1.0175
0.0446	0.8700	17.1	0.6309	0.6178	1.0211
0.0446	0.8700	17.4	0.6284	0.6178	1.0172
0.0446	0.8700	17.8	0.6218	0.6178	1.0064
0.0446	0.8700	18.2	0.6133	0.6178	0.9926
0.0446	0.8700	18.5	0.6249	0.6178	1.0115
0.0446	0.8700	18.9	0.6083	0.6178	0.9846
0.0446	0.8700	19.3	0.6148	0.6178	0.9951
0.0446	0.8700	19.6	0.6076	0.6178	0.9835
0.0446	0.8700	20.0	0.6260	0.6178	1.0132
0.0513	0.8598	2.0	0.4636	0.5870	0.7898
0.0513	0.8598	2.4	0.4446	0.5870	0.7574
0.0513	0.8598	2.7	0.4456	0.5870	0.7591
0.0513	0.8598	3.1	0.4397	0.5870	0.7491
0.0513	0.8598	3.5	0.4417	0.5870	0.7524
0.0513	0.8598	3.8	0.4324	0.5870	0.7367
0.0513	0.8598	4.2	0.4257	0.5870	0.7252
0.0513	0.8598	4.6	0.4289	0.5870	0.7306
0.0513	0.8598	4.9	0.4177	0.5870	0.7116
0.0513	0.8598	5.3	0.4217	0.5870	0.7185
0.0513	0.8598	5.7	0.4064	0.5870	0.6923
0.0513	0.8598	6.0	0.3920	0.5870	0.6678
0.0513	0.8598	6.4	0.3925	0.5870	0.6687
0.0513	0.8598	6.8	0.3620	0.5870	0.6167
0.0513	0.8598	7.1	0.4699	0.5870	0.8006
0.0513	0.8598	7.5	0.4709	0.5870	0.8022
0.0513	0.8598	7.9	0.5189	0.5870	0.8841
0.0513	0.8598	8.2	0.5191	0.5870	0.8843
0.0513	0.8598	8.6	0.5167	0.5870	0.8803
0.0513	0.8598	9.0	0.5154	0.5870	0.8780
0.0513	0.8598	9.3	0.5417	0.5870	0.9228
0.0513	0.8598	9.7	0.5300	0.5870	0.9030
0.0513	0.8598	10.1	0.5691	0.5870	0.9695
0.0513	0.8598	10.4	0.5383	0.5870	0.9171
0.0513	0.8598	10.8	0.5410	0.5870	0.9217
0.0513	0.8598	11.2	0.5453	0.5870	0.9290
0.0513	0.8598	11.6	0.5135	0.5870	0.8749
0.0513	0.8598	11.9	0.5194	0.5870	0.8848
0.0513	0.8598	12.3	0.5917	0.5870	1.0080
0.0513	0.8598	12.7	0.6011	0.5870	1.0240
0.0513	0.8598	13.0	0.5367	0.5870	0.9143
0.0513	0.8598	13.4	0.5276	0.5870	0.8989
0.0513	0.8598	13.8	0.5459	0.5870	0.9299
0.0513	0.8598	14.1	0.5753	0.5870	0.9801
0.0513	0.8598	14.5	0.5695	0.5870	0.9703
0.0513	0.8598	14.9	0.5416	0.5870	0.9227
0.0513	0.8598	15.2	0.5537	0.5870	0.9433
0.0513	0.8598	15.6	0.5401	0.5870	0.9201
0.0513	0.8598	16.0	0.5479	0.5870	0.9334
0.0513	0.8598	16.3	0.5757	0.5870	0.9808
0.0513	0.8598	16.7	0.5290	0.5870	0.9012
0.0513	0.8598	17.1	0.5554	0.5870	0.9461
0.0513	0.8598	17.4	0.5540	0.5870	0.9438
0.0513	0.8598	17.8	0.4528	0.5870	0.7714
0.0513	0.8598	18.2	0.5003	0.5870	0.8523
0.0513	0.8598	18.5	0.4769	0.5870	0.8125
0.0513	0.8598	18.9	0.5075	0.5870	0.8645
0.0513	0.8598	19.3	0.5520	0.5870	0.9404
0.0513	0.8598	19.6	0.4802	0.5870	0.8182
0.0513	0.8598	20.0	0.5221	0.5870	0.8895
0.0571	0.8496	2.0	0.4665	0.5712	0.8166
0.0571	0.8496	2.4	0.4544	0.5712	0.7955
0.0571	0.8496	2.7	0.4662	0.5712	0.8162
0.0571	0.8496	3.1	0.4532	0.5712	0.7934
0.0571	0.8496	3.5	0.4000	0.5712	0.7003
0.0571	0.8496	3.8	0.3922	0.5712	0.6866
0.0571	0.8496	4.2	0.3822	0.5712	0.6692
0.0571	0.8496	4.6	0.3803	0.5712	0.6658
0.0571	0.8496	4.9	0.4263	0.5712	0.7464
0.0571	0.8496	5.3	0.4153	0.5712	0.7270
0.0571	0.8496	5.7	0.4164	0.5712	0.7290
0.0571	0.8496	6.0	0.4039	0.5712	0.7072
0.0571	0.8496	6.4	0.3970	0.5712	0.6951
0.0571	0.8496	6.8	0.4064	0.5712	0.7114
0.0571	0.8496	7.1	0.4114	0.5712	0.7202
0.0571	0.8496	7.5	0.4311	0.5712	0.7548
0.0571	0.8496	7.9	0.4587	0.5712	0.8031
0.0571	0.8496	8.2	0.4842	0.5712	0.8477
0.0571	0.8496	8.6	0.4642	0.5712	0.8127
0.0571	0.8496	9.0	0.5046	0.5712	0.8833
0.0571	0.8496	9.3	0.4701	0.5712	0.8231
0.0571	0.8496	9.7	0.4813	0.5712	0.8427
0.0571	0.8496	10.1	0.4638	0.5712	0.8120
0.0571	0.8496	10.4	0.3723	0.5712	0.6517
0.0571	0.8496	10.8	0.4385	0.5712	0.7677
0.0571	0.8496	11.2	0.4258	0.5712	0.7454
0.0571	0.8496	11.6	0.4303	0.5712	0.7533
0.0571	0.8496	11.9	0.5120	0.5712	0.8964
0.0571	0.8496	12.3	0.4896	0.5712	0.8572
0.0571	0.8496	12.7	0.5554	0.5712	0.9724
0.0571	0.8496	13.0	0.4694	0.5712	0.8218
0.0571	0.8496	13.4	0.5198	0.5712	0.9100
0.0571	0.8496	13.8	0.5211	0.5712	0.9122
0.0571	0.8496	14.1	0.5570	0.5712	0.9752
0.0571	0.8496	14.5	0.5391	0.5712	0.9438
0.0571	0.8496	14.9	0.4796	0.5712	0.8397
0.0571	0.8496	15.2	0.5499	0.5712	0.9628
0.0571	0.8496	15.6	0.5161	0.5712	0.9035
0.0571	0.8496	16.0	0.5461	0.5712	0.9561
0.0571	0.8496	16.3	0.5025	0.5712	0.8798
0.0571	0.8496	16.7	0.5752	0.5712	1.0070
0.0571	0.8496	17.1	0.5878	0.5712	1.0290
0.0571	0.8496	17.4	0.5658	0.5712	0.9905
0.0571	0.8496	17.8	0.5942	0.5712	1.0402
0.0571	0.8496	18.2	0.5860	0.5712	1.0259
0.0571	0.8496	18.5	0.5390	0.5712	0.9436
0.0571	0.8496	18.9	0.5168	0.5712	0.9047
0.0571	0.8496	19.3	0.5630	0.5712	0.9856
0.0571	0.8496	19.6	0.5773	0.5712	1.0107
0.0571	0.8496	20.0	0.5700	0.5712	0.9980
0.0622	0.8394	2.0	0.4370	0.5277	0.8281
0.0622	0.8394	2.4	0.4084	0.5277	0.7741
0.0622	0.8394	2.7	0.4104	0.5277	0.7777
0.0622	0.8394	3.1	0.4105	0.5277	0.7780
0.0622	0.8394	3.5	0.5070	0.5277	0.9608
0.0622	0.8394	3.8	0.5049	0.5277	0.9569
0.0622	0.8394	4.2	0.5005	0.5277	0.9485
0.0622	0.8394	4.6	0.4992	0.5277	0.9460
0.0622	0.8394	4.9	0.4590	0.5277	0.8700
0.0622	0.8394	5.3	0.4479	0.5277	0.8489
0.0622	0.8394	5.7	0.4361	0.5277	0.8265
0.0622	0.8394	6.0	0.4272	0.5277	0.8097
0.0622	0.8394	6.4	0.3691	0.5277	0.6995
0.0622	0.8394	6.8	0.3387	0.5277	0.6419
0.0622	0.8394	7.1	0.3794	0.5277	0.7191
0.0622	0.8394	7.5	0.4503	0.5277	0.8534
0.0622	0.8394	7.9	0.4944	0.5277	0.9369
0.0622	0.8394	8.2	0.5277	0.5277	1.0001
0.0622	0.8394	8.6	0.5221	0.5277	0.9895
0.0622	0.8394	9.0	0.4595	0.5277	0.8707
0.0622	0.8394	9.3	0.4922	0.5277	0.9327
0.0622	0.8394	9.7	0.5186	0.5277	0.9828
0.0622	0.8394	10.1	0.4783	0.5277	0.9064
0.0622	0.8394	10.4	0.4702	0.5277	0.8911
0.0622	0.8394	10.8	0.4772	0.5277	0.9043
0.0622	0.8394	11.2	0.4772	0.5277	0.9043
0.0622	0.8394	11.6	0.4682	0.5277	0.8873
0.0622	0.8394	11.9	0.4959	0.5277	0.9399
0.0622	0.8394	12.3	0.5406	0.5277	1.0244
0.0622	0.8394	12.7	0.4946	0.5277	0.9374
0.0622	0.8394	13.0	0.5267	0.5277	0.9981
0.0622	0.8394	13.4	0.5048	0.5277	0.9567
0.0622	0.8394	13.8	0.4928	0.5277	0.9340
0.0622	0.8394	14.1	0.5392	0.5277	1.0218
0.0622	0.8394	14.5	0.5402	0.5277	1.0237
0.0622	0.8394	14.9	0.5013	0.5277	0.9500
0.0622	0.8394	15.2	0.5437	0.5277	1.0305
0.0622	0.8394	15.6	0.5032	0.5277	0.9537
0.0622	0.8394	16.0	0.5260	0.5277	0.9969
0.0622	0.8394	16.3	0.4995	0.5277	0.9466
0.0622	0.8394	16.7	0.5569	0.5277	1.0554
0.0622	0.8394	17.1	0.5105	0.5277	0.9675
0.0622	0.8394	17.4	0.5379	0.5277	1.0194
0.0622	0.8394	17.8	0.4908	0.5277	0.9302
0.0622	0.8394	18.2	0.5573	0.5277	1.0561
0.0622	0.8394	18.5	0.5274	0.5277	0.9996
0.0622	0.8394	18.9	0.5231	0.5277	0.9915
0.0622	0.8394	19.3	0.4654	0.5277	0.8820
0.0622	0.8394	19.6	0.5178	0.5277	0.9814
0.0622	0.8394	20.0	0.5019	0.5277	0.9512
0.0671	0.8292	2.0	0.5133	0.5001	1.0264
0.0671	0.8292	2.4	0.4974	0.5001	0.9945
0.0671	0.8292	2.7	0.4368	0.5001	0.8733
0.0671	0.8292	3.1	0.4299	0.5001	0.8597
0.0671	0.8292	3.5	0.4260	0.5001	0.8518
0.0671	0.8292	3.8	0.4184	0.5001	0.8366
0.0671	0.8292	4.2	0.4397	0.5001	0.8792
0.0671	0.8292	4.6	0.4383	0.5001	0.8763
0.0671	0.8292	4.9	0.4304	0.5001	0.8606
0.0671	0.8292	5.3	0.4245	0.5001	0.8487
0.0671	0.8292	5.7	0.3956	0.5001	0.7911
0.0671	0.8292	6.0	0.3827	0.5001	0.7652
0.0671	0.8292	6.4	0.3537	0.5001	0.7072
0.0671	0.8292	6.8	0.4938	0.5001	0.9874
0.0671	0.8292	7.1	0.5134	0.5001	1.0266
0.0671	0.8292	7.5	0.5043	0.5001	1.0083
0.0671	0.8292	7.9	0.4955	0.5001	0.9907
0.0671	0.8292	8.2	0.4664	0.5001	0.9325
0.0671	0.8292	8.6	0.4927	0.5001	0.9851
0.0671	0.8292	9.0	0.4692	0.5001	0.9381
0.0671	0.8292	9.3	0.5046	0.5001	1.0089
0.0671	0.8292	9.7	0.4650	0.5001	0.9298
0.0671	0.8292	10.1	0.4831	0.5001	0.9659
0.0671	0.8292	10.4	0.4837	0.5001	0.9671
0.0671	0.8292	10.8	0.4344	0.5001	0.8685
0.0671	0.8292	11.2	0.4746	0.5001	0.9489
0.0671	0.8292	11.6	0.4703	0.5001	0.9403
0.0671	0.8292	11.9	0.4355	0.5001	0.8708
0.0671	0.8292	12.3	0.4069	0.5001	0.8136
0.0671	0.8292	12.7	0.4386	0.5001	0.8770
0.0671	0.8292	13.0	0.3875	0.5001	0.7748
0.0671	0.8292	13.4	0.4485	0.5001	0.8967
0.0671	0.8292	13.8	0.4647	0.5001	0.9291
0.0671	0.8292	14.1	0.4300	0.5001	0.8598
0.0671	0.8292	14.5	0.3800	0.5001	0.7598
0.0671	0.8292	14.9	0.4348	0.5001	0.8694
0.0671	0.8292	15.2	0.4553	0.5001	0.9104
0.0671	0.8292	15.6	0.4709	0.5001	0.9416
0.0671	0.8292	16.0	0.4888	0.5001	0.9773
0.0671	0.8292	16.3	0.4295	0.5001	0.8588
0.0671	0.8292	16.7	0.4744	0.5001	0.9486
0.0671	0.8292	17.1	0.4955	0.5001	0.9908
0.0671	0.8292	17.4	0.4923	0.5001	0.9844
0.0671	0.8292	17.8	0.4792	0.5001	0.9582
0.0671	0.8292	18.2	0.5058	0.5001	1.0114
0.0671	0.8292	18.5	0.4804	0.5001	0.9606
0.0671	0.8292	18.9	0.4792	0.5001	0.9581
0.0671	0.8292	19.3	0.5113	0.5001	1.0223
0.0671	0.8292	19.6	0.4935	0.5001	0.9867
0.0671	0.8292	20.0	0.4992	0.5001	0.9982
0.0718	0.8190	2.0	0.5155	0.5254	0.9811
0.0718	0.8190	2.4	0.5097	0.5254	0.9701
0.0718	0.8190	2.7	0.4387	0.5254	0.8351
0.0718	0.8190	3.1	0.4380	0.5254	0.8337
0.0718	0.8190	3.5	0.4326	0.5254	0.8234
0.0718	0.8190	3.8	0.4357	0.5254	0.8293
0.0718	0.8190	4.2	0.4395	0.5254	0.8365
0.0718	0.8190	4.6	0.4347	0.5254	0.8274
0.0718	0.8190	4.9	0.4274	0.5254	0.8135
0.0718	0.8190	5.3	0.4229	0.5254	0.8049
0.0718	0.8190	5.7	0.4166	0.5254	0.7929
0.0718	0.8190	6.0	0.4180	0.5254	0.7955
0.0718	0.8190	6.4	0.4068	0.5254	0.7743
0.0718	0.8190	6.8	0.4000	0.5254	0.7614
0.0718	0.8190	7.1	0.4042	0.5254	0.7694
0.0718	0.8190	7.5	0.3914	0.5254	0.7450
0.0718	0.8190	7.9	0.3675	0.5254	0.6994
0.0718	0.8190	8.2	0.3281	0.5254	0.6245
0.0718	0.8190	8.6	0.3674	0.5254	0.6993
0.0718	0.8190	9.0	0.3900	0.5254	0.7423
0.0718	0.8190	9.3	0.5184	0.5254	0.9866
0.0718	0.8190	9.7	0.6092	0.5254	1.1596
0.0718	0.8190	10.1	0.5919	0.5254	1.1267
0.0718	0.8190	10.4	0.5916	0.5254	1.1260
0.0718	0.8190	10.8	0.6167	0.5254	1.1738
0.0718	0.8190	11.2	0.5849	0.5254	1.1132
0.0718	0.8190	11.6	0.5765	0.5254	1.0972
0.0718	0.8190	11.9	0.5681	0.5254	1.0813
0.0718	0.8190	12.3	0.5802	0.5254	1.1044
0.0718	0.8190	12.7	0.5646	0.5254	1.0746
0.0718	0.8190	13.0	0.5590	0.5254	1.0640
0.0718	0.8190	13.4	0.5953	0.5254	1.1331
0.0718	0.8190	13.8	0.5866	0.5254	1.1165
0.0718	0.8190	14.1	0.5794	0.5254	1.1028
0.0718	0.8190	14.5	0.5884	0.5254	1.1199
0.0718	0.8190	14.9	0.5686	0.5254	1.0822
0.0718	0.8190	15.2	0.5846	0.5254	1.1127
0.0718	0.8190	15.6	0.5945	0.5254	1.1316
0.0718	0.8190	16.0	0.5532	0.5254	1.0529
0.0718	0.8190	16.3	0.5449	0.5254	1.0371
0.0718	0.8190	16.7	0.5675	0.5254	1.0802
0.0718	0.8190	17.1	0.5664	0.5254	1.0781
0.0718	0.8190	17.4	0.5953	0.5254	1.1330
0.0718	0.8190	17.8	0.5652	0.5254	1.0757
0.0718	0.8190	18.2	0.5915	0.5254	1.1258
0.0718	0.8190	18.5	0.5646	0.5254	1.0747
0.0718	0.8190	18.9	0.5534	0.5254	1.0532
0.0718	0.8190	19.3	0.5486	0.5254	1.0442
0.0718	0.8190	19.6	0.5854	0.5254	1.1143
0.0718	0.8190	20.0	0.5719	0.5254	1.0885
0.0764	0.8088	2.0	0.4537	0.4908	0.9244
0.0764	0.8088	2.4	0.4622	0.4908	0.9417
0.0764	0.8088	2.7	0.4495	0.4908	0.9158
0.0764	0.8088	3.1	0.4482	0.4908	0.9132
0.0764	0.8088	3.5	0.4362	0.4908	0.8888
0.0764	0.8088	3.8	0.4393	0.4908	0.8950
0.0764	0.8088	4.2	0.4194	0.4908	0.8546
0.0764	0.8088	4.6	0.4297	0.4908	0.8754
0.0764	0.8088	4.9	0.4329	0.4908	0.8820
0.0764	0.8088	5.3	0.4221	0.4908	0.8601
0.0764	0.8088	5.7	0.4158	0.4908	0.8473
0.0764	0.8088	6.0	0.3866	0.4908	0.7877
0.0764	0.8088	6.4	0.3705	0.4908	0.7550
0.0764	0.8088	6.8	0.3506	0.4908	0.7143
0.0764	0.8088	7.1	0.3290	0.4908	0.6704
0.0764	0.8088	7.5	0.4527	0.4908	0.9223
0.0764	0.8088	7.9	0.4099	0.4908	0.8352
0.0764	0.8088	8.2	0.5485	0.4908	1.1175
0.0764	0.8088	8.6	0.5134	0.4908	1.0459
0.0764	0.8088	9.0	0.5153	0.4908	1.0498
0.0764	0.8088	9.3	0.5363	0.4908	1.0927
0.0764	0.8088	9.7	0.5429	0.4908	1.1061
0.0764	0.8088	10.1	0.5122	0.4908	1.0436
0.0764	0.8088	10.4	0.5445	0.4908	1.1094
0.0764	0.8088	10.8	0.5464	0.4908	1.1132
0.0764	0.8088	11.2	0.5231	0.4908	1.0658
0.0764	0.8088	11.6	0.5455	0.4908	1.1115
0.0764	0.8088	11.9	0.5815	0.4908	1.1848
0.0764	0.8088	12.3	0.5291	0.4908	1.0781
0.0764	0.8088	12.7	0.4693	0.4908	0.9561
0.0764	0.8088	13.0	0.5279	0.4908	1.0756
0.0764	0.8088	13.4	0.5007	0.4908	1.0201
0.0764	0.8088	13.8	0.5345	0.4908	1.0891
0.0764	0.8088	14.1	0.5293	0.4908	1.0784
0.0764	0.8088	14.5	0.5095	0.4908	1.0380
0.0764	0.8088	14.9	0.5771	0.4908	1.1758
0.0764	0.8088	15.2	0.5216	0.4908	1.0627
0.0764	0.8088	15.6	0.5254	0.4908	1.0705
0.0764	0.8088	16.0	0.5418	0.4908	1.1039
0.0764	0.8088	16.3	0.5271	0.4908	1.0740
0.0764	0.8088	16.7	0.5117	0.4908	1.0426
0.0764	0.8088	17.1	0.5022	0.4908	1.0233
0.0764	0.8088	17.4	0.5229	0.4908	1.0654
0.0764	0.8088	17.8	0.5638	0.4908	1.1487
0.0764	0.8088	18.2	0.4968	0.4908	1.0122
0.0764	0.8088	18.5	0.5229	0.4908	1.0654
0.0764	0.8088	18.9	0.5466	0.4908	1.1138
0.0764	0.8088	19.3	0.5238	0.4908	1.0673
0.0764	0.8088	19.6	0.5542	0.4908	1.1292
0.0764	0.8088	20.0	0.5172	0.4908	1.0537
0.0811	0.7986	2.0	0.4607	0.4643	0.9922
0.0811	0.7986	2.4	0.4528	0.4643	0.9751
0.0811	0.7986	2.7	0.4708	0.4643	1.0140
0.0811	0.7986	3.1	0.4766	0.4643	1.0264
0.0811	0.7986	3.5	0.4695	0.4643	1.0112
0.0811	0.7986	3.8	0.4728	0.4643	1.0182
0.0811	0.7986	4.2	0.4541	0.4643	0.9780
0.0811	0.7986	4.6	0.4677	0.4643	1.0071
0.0811	0.7986	4.9	0.4560	0.4643	0.9821
0.0811	0.7986	5.3	0.4609	0.4643	0.9926
0.0811	0.7986	5.7	0.4540	0.4643	0.9777
0.0811	0.7986	6.0	0.4399	0.4643	0.9473
0.0811	0.7986	6.4	0.4221	0.4643	0.9089
0.0811	0.7986	6.8	0.4035	0.4643	0.8690
0.0811	0.7986	7.1	0.3802	0.4643	0.8187
0.0811	0.7986	7.5	0.3448	0.4643	0.7427
0.0811	0.7986	7.9	0.5233	0.4643	1.1269
0.0811	0.7986	8.2	0.5973	0.4643	1.2862
0.0811	0.7986	8.6	0.5294	0.4643	1.1401
0.0811	0.7986	9.0	0.5636	0.4643	1.2137
0.0811	0.7986	9.3	0.5225	0.4643	1.1253
0.0811	0.7986	9.7	0.5091	0.4643	1.0963
0.0811	0.7986	10.1	0.4807	0.4643	1.0352
0.0811	0.7986	10.4	0.5217	0.4643	1.1236
0.0811	0.7986	10.8	0.5102	0.4643	1.0988
0.0811	0.7986	11.2	0.5077	0.4643	1.0933
0.0811	0.7986	11.6	0.5164	0.4643	1.1122
0.0811	0.7986	11.9	0.4827	0.4643	1.0396
0.0811	0.7986	12.3	0.4829	0.4643	1.0399
0.0811	0.7986	12.7	0.4884	0.4643	1.0519
0.0811	0.7986	13.0	0.5151	0.4643	1.1094
0.0811	0.7986	13.4	0.4672	0.4643	1.0062
0.0811	0.7986	13.8	0.4753	0.4643	1.0237
0.0811	0.7986	14.1	0.4886	0.4643	1.0522
0.0811	0.7986	14.5	0.5135	0.4643	1.1059
0.0811	0.7986	14.9	0.4705	0.4643	1.0132
0.0811	0.7986	15.2	0.4907	0.4643	1.0567
0.0811	0.7986	15.6	0.4556	0.4643	0.9812
0.0811	0.7986	16.0	0.4833	0.4643	1.0409
0.0811	0.7986	16.3	0.5320	0.4643	1.1457
0.0811	0.7986	16.7	0.5326	0.4643	1.1471
0.0811	0.7986	17.1	0.5278	0.4643	1.1367
0.0811	0.7986	17.4	0.4785	0.4643	1.0305
0.0811	0.7986	17.8	0.4990	0.4643	1.0747
0.0811	0.7986	18.2	0.4980	0.4643	1.0725
0.0811	0.7986	18.5	0.5118	0.4643	1.1023
0.0811	0.7986	18.9	0.4845	0.4643	1.0434
0.0811	0.7986	19.3	0.4490	0.4643	0.9669
0.0811	0.7986	19.6	0.5186	0.4643	1.1169
0.0811	0.7986	20.0	0.4931	0.4643	1.0620
0.0858	0.7884	2.0	0.4253	0.4443	0.9571
0.0858	0.7884	2.4	0.4235	0.4443	0.9531
0.0858	0.7884	2.7	0.4424	0.4443	0.9956
0.0858	0.7884	3.1	0.4349	0.4443	0.9787
0.0858	0.7884	3.5	0.4396	0.4443	0.9893
0.0858	0.7884	3.8	0.4368	0.4443	0.9830
0.0858	0.7884	4.2	0.4399	0.4443	0.9901
0.0858	0.7884	4.6	0.4378	0.4443	0.9853
0.0858	0.7884	4.9	0.4321	0.4443	0.9725
0.0858	0.7884	5.3	0.4191	0.4443	0.9431
0.0858	0.7884	5.7	0.4245	0.4443	0.9553
0.0858	0.7884	6.0	0.4021	0.4443	0.9050
0.0858	0.7884	6.4	0.4025	0.4443	0.9058
0.0858	0.7884	6.8	0.3958	0.4443	0.8907
0.0858	0.7884	7.1	0.3669	0.4443	0.8257
0.0858	0.7884	7.5	0.4797	0.4443	1.0796
0.0858	0.7884	7.9	0.4516	0.4443	1.0163
0.0858	0.7884	8.2	0.5098	0.4443	1.1474
0.0858	0.7884	8.6	0.5031	0.4443	1.1322
0.0858	0.7884	9.0	0.4985	0.4443	1.1218
0.0858	0.7884	9.3	0.5095	0.4443	1.1466
0.0858	0.7884	9.7	0.4835	0.4443	1.0881
0.0858	0.7884	10.1	0.5156	0.4443	1.1604
0.0858	0.7884	10.4	0.5068	0.4443	1.1406
0.0858	0.7884	10.8	0.4763	0.4443	1.0719
0.0858	0.7884	11.2	0.4995	0.4443	1.1242
0.0858	0.7884	11.6	0.4682	0.4443	1.0538
0.0858	0.7884	11.9	0.4154	0.4443	0.9349
0.0858	0.7884	12.3	0.4486	0.4443	1.0096
0.0858	0.7884	12.7	0.4661	0.4443	1.0491
0.0858	0.7884	13.0	0.4538	0.4443	1.0212
0.0858	0.7884	13.4	0.4597	0.4443	1.0346
0.0858	0.7884	13.8	0.4855	0.4443	1.0926
0.0858	0.7884	14.1	0.4786	0.4443	1.0771
0.0858	0.7884	14.5	0.4725	0.4443	1.0633
0.0858	0.7884	14.9	0.4514	0.4443	1.0159
0.0858	0.7884	15.2	0.4898	0.4443	1.1023
0.0858	0.7884	15.6	0.4447	0.4443	1.0009
0.0858	0.7884	16.0	0.5100	0.4443	1.1479
0.0858	0.7884	16.3	0.4971	0.4443	1.1187
0.0858	0.7884	16.7	0.4974	0.4443	1.1195
0.0858	0.7884	17.1	0.5062	0.4443	1.1393
0.0858	0.7884	17.4	0.5198	0.4443	1.1699
0.0858	0.7884	17.8	0.5196	0.4443	1.1693
0.0858	0.7884	18.2	0.4885	0.4443	1.0994
0.0858	0.7884	18.5	0.4999	0.4443	1.1250
0.0858	0.7884	18.9	0.4816	0.4443	1.0838
0.0858	0.7884	19.3	0.5018	0.4443	1.1294
0.0858	0.7884	19.6	0.5323	0.4443	1.1981
0.0858	0.7884	20.0	0.5631	0.4443	1.2674
0.0904	0.7782	2.0	0.4340	0.4863	0.8924
0.0904	0.7782	2.4	0.4731	0.4863	0.9728
0.0904	0.7782	2.7	0.4699	0.4863	0.9663
0.0904	0.7782	3.1	0.4621	0.4863	0.9502
0.0904	0.7782	3.5	0.4307	0.4863	0.8857
0.0904	0.7782	3.8	0.4145	0.4863	0.8524
0.0904	0.7782	4.2	0.4230	0.4863	0.8699
0.0904	0.7782	4.6	0.4240	0.4863	0.8718
0.0904	0.7782	4.9	0.4097	0.4863	0.8425
0.0904	0.7782	5.3	0.4074	0.4863	0.8377
0.0904	0.7782	5.7	0.4004	0.4863	0.8234
0.0904	0.7782	6.0	0.3978	0.4863	0.8181
0.0904	0.7782	6.4	0.4370	0.4863	0.8986
0.0904	0.7782	6.8	0.4053	0.4863	0.8335
0.0904	0.7782	7.1	0.4011	0.4863	0.8249
0.0904	0.7782	7.5	0.3626	0.4863	0.7457
0.0904	0.7782	7.9	0.3870	0.4863	0.7959
0.0904	0.7782	8.2	0.4212	0.4863	0.8661
0.0904	0.7782	8.6	0.3728	0.4863	0.7665
0.0904	0.7782	9.0	0.3837	0.4863	0.7891
0.0904	0.7782	9.3	0.4078	0.4863	0.8385
0.0904	0.7782	9.7	0.4117	0.4863	0.8466
0.0904	0.7782	10.1	0.4296	0.4863	0.8834
0.0904	0.7782	10.4	0.4420	0.4863	0.9089
0.0904	0.7782	10.8	0.4353	0.4863	0.8951
0.0904	0.7782	11.2	0.4217	0.4863	0.8672
0.0904	0.7782	11.6	0.4432	0.4863	0.9114
0.0904	0.7782	11.9	0.4769	0.4863	0.9807
0.0904	0.7782	12.3	0.4917	0.4863	1.0111
0.0904	0.7782	12.7	0.4183	0.4863	0.8601
0.0904	0.7782	13.0	0.4684	0.4863	0.9632
0.0904	0.7782	13.4	0.4802	0.4863	0.9874
0.0904	0.7782	13.8	0.4591	0.4863	0.9440
0.0904	0.7782	14.1	0.4920	0.4863	1.0116
0.0904	0.7782	14.5	0.5102	0.4863	1.0492
0.0904	0.7782	14.9	0.5133	0.4863	1.0556
0.0904	0.7782	15.2	0.4971	0.4863	1.0223
0.0904	0.7782	15.6	0.4819	0.4863	0.9909
0.0904	0.7782	16.0	0.5419	0.4863	1.1144
0.0904	0.7782	16.3	0.4644	0.4863	0.9549
0.0904	0.7782	16.7	0.5063	0.4863	1.0411
0.0904	0.7782	17.1	0.5354	0.4863	1.1010
0.0904	0.7782	17.4	0.5779	0.4863	1.1884
0.0904	0.7782	17.8	0.5022	0.4863	1.0326
0.0904	0.7782	18.2	0.5703	0.4863	1.1728
0.0904	0.7782	18.5	0.4809	0.4863	0.9888
0.0904	0.7782	18.9	0.5236	0.4863	1.0767
0.0904	0.7782	19.3	0.5317	0.4863	1.0934
0.0904	0.7782	19.6	0.5237	0.4863	1.0769
0.0904	0.7782	20.0	0.5791	0.4863	1.1908
0.0949	0.7680	2.0	0.4838	0.4726	1.0237
0.0949	0.7680	2.4	0.4532	0.4726	0.9589
0.0949	0.7680	2.7	0.4508	0.4726	0.9539
0.0949	0.7680	3.1	0.4507	0.4726	0.9537
0.0949	0.7680	3.5	0.4635	0.4726	0.9808
0.0949	0.7680	3.8	0.4583	0.4726	0.9698
0.0949	0.7680	4.2	0.4554	0.4726	0.9635
0.0949	0.7680	4.6	0.4562	0.4726	0.9652
0.0949	0.7680	4.9	0.4096	0.4726	0.8666
0.0949	0.7680	5.3	0.4077	0.4726	0.8627
0.0949	0.7680	5.7	0.3937	0.4726	0.8330
0.0949	0.7680	6.0	0.3917	0.4726	0.8288
0.0949	0.7680	6.4	0.3920	0.4726	0.8294
0.0949	0.7680	6.8	0.3884	0.4726	0.8219
0.0949	0.7680	7.1	0.3614	0.4726	0.7647
0.0949	0.7680	7.5	0.3564	0.4726	0.7540
0.0949	0.7680	7.9	0.3877	0.4726	0.8203
0.0949	0.7680	8.2	0.4342	0.4726	0.9188
0.0949	0.7680	8.6	0.4422	0.4726	0.9356
0.0949	0.7680	9.0	0.4517	0.4726	0.9559
0.0949	0.7680	9.3	0.4634	0.4726	0.9805
0.0949	0.7680	9.7	0.4219	0.4726	0.8928
0.0949	0.7680	10.1	0.4470	0.4726	0.9458
0.0949	0.7680	10.4	0.4579	0.4726	0.9689
0.0949	0.7680	10.8	0.4570	0.4726	0.9670
0.0949	0.7680	11.2	0.4407	0.4726	0.9325
0.0949	0.7680	11.6	0.4362	0.4726	0.9229
0.0949	0.7680	11.9	0.4686	0.4726	0.9915
0.0949	0.7680	12.3	0.4287	0.4726	0.9071
0.0949	0.7680	12.7	0.4471	0.4726	0.9461
0.0949	0.7680	13.0	0.4436	0.4726	0.9387
0.0949	0.7680	13.4	0.5002	0.4726	1.0583
0.0949	0.7680	13.8	0.4589	0.4726	0.9710
0.0949	0.7680	14.1	0.4454	0.4726	0.9425
0.0949	0.7680	14.5	0.4374	0.4726	0.9254
0.0949	0.7680	14.9	0.4583	0.4726	0.9697
0.0949	0.7680	15.2	0.4744	0.4726	1.0038
0.0949	0.7680	15.6	0.4768	0.4726	1.0090
0.0949	0.7680	16.0	0.4691	0.4726	0.9927
0.0949	0.7680	16.3	0.5171	0.4726	1.0941
0.0949	0.7680	16.7	0.4890	0.4726	1.0347
0.0949	0.7680	17.1	0.4861	0.4726	1.0285
0.0949	0.7680	17.4	0.5152	0.4726	1.0902
0.0949	0.7680	17.8	0.5141	0.4726	1.0878
0.0949	0.7680	18.2	0.4981	0.4726	1.0539
0.0949	0.7680	18.5	0.4764	0.4726	1.0080
0.0949	0.7680	18.9	0.4931	0.4726	1.0434
0.0949	0.7680	19.3	0.5044	0.4726	1.0672
0.0949	0.7680	19.6	0.5329	0.4726	1.1277
0.0949	0.7680	20.0	0.5595	0.4726	1.1838
0.0992	0.7578	2.0	0.4209	0.5355	0.7859
0.0992	0.7578	2.4	0.4118	0.5355	0.7689
0.0992	0.7578	2.7	0.4106	0.5355	0.7668
0.0992	0.7578	3.1	0.4721	0.5355	0.8815
0.0992	0.7578	3.5	0.4805	0.5355	0.8973
0.0992	0.7578	3.8	0.4754	0.5355	0.8878
0.0992	0.7578	4.2	0.4785	0.5355	0.8936
0.0992	0.7578	4.6	0.4716	0.5355	0.8807
0.0992	0.7578	4.9	0.4626	0.5355	0.8639
0.0992	0.7578	5.3	0.4576	0.5355	0.8545
0.0992	0.7578	5.7	0.4595	0.5355	0.8581
0.0992	0.7578	6.0	0.4419	0.5355	0.8253
0.0992	0.7578	6.4	0.4332	0.5355	0.8089
0.0992	0.7578	6.8	0.4354	0.5355	0.8132
0.0992	0.7578	7.1	0.4123	0.5355	0.7699
0.0992	0.7578	7.5	0.3991	0.5355	0.7453
0.0992	0.7578	7.9	0.3654	0.5355	0.6824
0.0992	0.7578	8.2	0.3909	0.5355	0.7301
0.0992	0.7578	8.6	0.3656	0.5355	0.6827
0.0992	0.7578	9.0	0.4410	0.5355	0.8235
0.0992	0.7578	9.3	0.4880	0.5355	0.9113
0.0992	0.7578	9.7	0.5328	0.5355	0.9950
0.0992	0.7578	10.1	0.5925	0.5355	1.1064
0.0992	0.7578	10.4	0.6558	0.5355	1.2246
0.0992	0.7578	10.8	0.6454	0.5355	1.2052
0.0992	0.7578	11.2	0.6704	0.5355	1.2518
0.0992	0.7578	11.6	0.6617	0.5355	1.2357
0.0992	0.7578	11.9	0.6727	0.5355	1.2563
0.0992	0.7578	12.3	0.6333	0.5355	1.1827
0.0992	0.7578	12.7	0.6471	0.5355	1.2084
0.0992	0.7578	13.0	0.6497	0.5355	1.2133
0.0992	0.7578	13.4	0.6807	0.5355	1.2711
0.0992	0.7578	13.8	0.6533	0.5355	1.2200
0.0992	0.7578	14.1	0.6442	0.5355	1.2029
0.0992	0.7578	14.5	0.6540	0.5355	1.2212
0.0992	0.7578	14.9	0.6553	0.5355	1.2236
0.0992	0.7578	15.2	0.6481	0.5355	1.2103
0.0992	0.7578	15.6	0.6618	0.5355	1.2359
0.0992	0.7578	16.0	0.6574	0.5355	1.2275
0.0992	0.7578	16.3	0.6563	0.5355	1.2256
0.0992	0.7578	16.7	0.6473	0.5355	1.2088
0.0992	0.7578	17.1	0.6705	0.5355	1.2520
0.0992	0.7578	17.4	0.6700	0.5355	1.2511
0.0992	0.7578	17.8	0.6631	0.5355	1.2382
0.0992	0.7578	18.2	0.6554	0.5355	1.2239
0.0992	0.7578	18.5	0.6756	0.5355	1.2615
0.0992	0.7578	18.9	0.6704	0.5355	1.2520
0.0992	0.7578	19.3	0.6516	0.5355	1.2169
0.0992	0.7578	19.6	0.6427	0.5355	1.2001
0.0992	0.7578	20.0	0.6915	0.5355	1.2914
0.1031	0.7476	2.0	0.5000	0.4465	1.1197
0.1031	0.7476	2.4	0.4862	0.4465	1.0887
0.1031	0.7476	2.7	0.4762	0.4465	1.0664
0.1031	0.7476	3.1	0.4718	0.4465	1.0566
0.1031	0.7476	3.5	0.4747	0.4465	1.0631
0.1031	0.7476	3.8	0.4591	0.4465	1.0281
0.1031	0.7476	4.2	0.4668	0.4465	1.0453
0.1031	0.7476	4.6	0.4251	0.4465	0.9520
0.1031	0.7476	4.9	0.4231	0.4465	0.9476
0.1031	0.7476	5.3	0.4175	0.4465	0.9350
0.1031	0.7476	5.7	0.3994	0.4465	0.8945
0.1031	0.7476	6.0	0.4254	0.4465	0.9527
0.1031	0.7476	6.4	0.4215	0.4465	0.9439
0.1031	0.7476	6.8	0.3907	0.4465	0.8748
0.1031	0.7476	7.1	0.3697	0.4465	0.8278
0.1031	0.7476	7.5	0.3321	0.4465	0.7437
0.1031	0.7476	7.9	0.4194	0.4465	0.9393
0.1031	0.7476	8.2	0.3800	0.4465	0.8510
0.1031	0.7476	8.6	0.5383	0.4465	1.2055
0.1031	0.7476	9.0	0.5253	0.4465	1.1763
0.1031	0.7476	9.3	0.5293	0.4465	1.1853
0.1031	0.7476	9.7	0.5236	0.4465	1.1726
0.1031	0.7476	10.1	0.4868	0.4465	1.0902
0.1031	0.7476	10.4	0.5171	0.4465	1.1579
0.1031	0.7476	10.8	0.4854	0.4465	1.0870
0.1031	0.7476	11.2	0.5048	0.4465	1.1304
0.1031	0.7476	11.6	0.4757	0.4465	1.0652
0.1031	0.7476	11.9	0.4037	0.4465	0.9041
0.1031	0.7476	12.3	0.4078	0.4465	0.9133
0.1031	0.7476	12.7	0.4842	0.4465	1.0843
0.1031	0.7476	13.0	0.4641	0.4465	1.0394
0.1031	0.7476	13.4	0.4631	0.4465	1.0370
0.1031	0.7476	13.8	0.4640	0.4465	1.0391
0.1031	0.7476	14.1	0.4892	0.4465	1.0954
0.1031	0.7476	14.5	0.4976	0.4465	1.1144
0.1031	0.7476	14.9	0.4773	0.4465	1.0689
0.1031	0.7476	15.2	0.4292	0.4465	0.9611
0.1031	0.7476	15.6	0.4608	0.4465	1.0318
0.1031	0.7476	16.0	0.4713	0.4465	1.0554
0.1031	0.7476	16.3	0.4921	0.4465	1.1021
0.1031	0.7476	16.7	0.4411	0.4465	0.9879
0.1031	0.7476	17.1	0.4333	0.4465	0.9703
0.1031	0.7476	17.4	0.4603	0.4465	1.0307
0.1031	0.7476	17.8	0.4927	0.4465	1.1033
0.1031	0.7476	18.2	0.4310	0.4465	0.9651
0.1031	0.7476	18.5	0.4857	0.4465	1.0877
0.1031	0.7476	18.9	0.4749	0.4465	1.0635
0.1031	0.7476	19.3	0.4586	0.4465	1.0271
0.1031	0.7476	19.6	0.4567	0.4465	1.0228
0.1031	0.7476	20.0	0.4757	0.4465	1.0654
0.1070	0.7373	2.0	0.4629	0.4302	1.0760
0.1070	0.7373	2.4	0.4537	0.4302	1.0546
0.1070	0.7373	2.7	0.4530	0.4302	1.0530
0.1070	0.7373	3.1	0.4653	0.4302	1.0815
0.1070	0.7373	3.5	0.4696	0.4302	1.0914
0.1070	0.7373	3.8	0.4513	0.4302	1.0491
0.1070	0.7373	4.2	0.4766	0.4302	1.1077
0.1070	0.7373	4.6	0.4856	0.4302	1.1286
0.1070	0.7373	4.9	0.4695	0.4302	1.0914
0.1070	0.7373	5.3	0.4603	0.4302	1.0698
0.1070	0.7373	5.7	0.4134	0.4302	0.9608
0.1070	0.7373	6.0	0.4122	0.4302	0.9581
0.1070	0.7373	6.4	0.3975	0.4302	0.9240
0.1070	0.7373	6.8	0.3926	0.4302	0.9125
0.1070	0.7373	7.1	0.4180	0.4302	0.9715
0.1070	0.7373	7.5	0.4115	0.4302	0.9565
0.1070	0.7373	7.9	0.4059	0.4302	0.9434
0.1070	0.7373	8.2	0.3846	0.4302	0.8939
0.1070	0.7373	8.6	0.3547	0.4302	0.8246
0.1070	0.7373	9.0	0.3408	0.4302	0.7921
0.1070	0.7373	9.3	0.3288	0.4302	0.7643
0.1070	0.7373	9.7	0.3213	0.4302	0.7469
0.1070	0.7373	10.1	0.3122	0.4302	0.7256
0.1070	0.7373	10.4	0.3118	0.4302	0.7247
0.1070	0.7373	10.8	0.3278	0.4302	0.7619
0.1070	0.7373	11.2	0.3463	0.4302	0.8049
0.1070	0.7373	11.6	0.3545	0.4302	0.8239
0.1070	0.7373	11.9	0.4455	0.4302	1.0355
0.1070	0.7373	12.3	0.4571	0.4302	1.0625
0.1070	0.7373	12.7	0.4980	0.4302	1.1576
0.1070	0.7373	13.0	0.4586	0.4302	1.0658
0.1070	0.7373	13.4	0.4754	0.4302	1.1050
0.1070	0.7373	13.8	0.4984	0.4302	1.1585
0.1070	0.7373	14.1	0.5035	0.4302	1.1704
0.1070	0.7373	14.5	0.5023	0.4302	1.1676
0.1070	0.7373	14.9	0.5026	0.4302	1.1683
0.1070	0.7373	15.2	0.5066	0.4302	1.1775
0.1070	0.7373	15.6	0.5004	0.4302	1.1631
0.1070	0.7373	16.0	0.4695	0.4302	1.0912
0.1070	0.7373	16.3	0.5008	0.4302	1.1641
0.1070	0.7373	16.7	0.4848	0.4302	1.1268
0.1070	0.7373	17.1	0.4978	0.4302	1.1570
0.1070	0.7373	17.4	0.5274	0.4302	1.2258
0.1070	0.7373	17.8	0.5357	0.4302	1.2452
0.1070	0.7373	18.2	0.4953	0.4302	1.1513
0.1070	0.7373	18.5	0.5117	0.4302	1.1893
0.1070	0.7373	18.9	0.5111	0.4302	1.1879
0.1070	0.7373	19.3	0.5040	0.4302	1.1714
0.1070	0.7373	19.6	0.5151	0.4302	1.1973
0.1070	0.7373	20.0	0.5536	0.4302	1.2867
0.1109	0.7271	2.0	0.4646	0.4275	1.0867
0.1109	0.7271	2.4	0.4758	0.4275	1.1131
0.1109	0.7271	2.7	0.4583	0.4275	1.0719
0.1109	0.7271	3.1	0.4464	0.4275	1.0442
0.1109	0.7271	3.5	0.4417	0.4275	1.0332
0.1109	0.7271	3.8	0.4421	0.4275	1.0341
0.1109	0.7271	4.2	0.4423	0.4275	1.0345
0.1109	0.7271	4.6	0.5104	0.4275	1.1940
0.1109	0.7271	4.9	0.5026	0.4275	1.1757
0.1109	0.7271	5.3	0.4949	0.4275	1.1576
0.1109	0.7271	5.7	0.4884	0.4275	1.1423
0.1109	0.7271	6.0	0.4327	0.4275	1.0120
0.1109	0.7271	6.4	0.4346	0.4275	1.0165
0.1109	0.7271	6.8	0.4098	0.4275	0.9586
0.1109	0.7271	7.1	0.3979	0.4275	0.9308
0.1109	0.7271	7.5	0.3502	0.4275	0.8191
0.1109	0.7271	7.9	0.3330	0.4275	0.7790
0.1109	0.7271	8.2	0.3089	0.4275	0.7226
0.1109	0.7271	8.6	0.3834	0.4275	0.8968
0.1109	0.7271	9.0	0.3497	0.4275	0.8179
0.1109	0.7271	9.3	0.4574	0.4275	1.0700
0.1109	0.7271	9.7	0.4613	0.4275	1.0791
0.1109	0.7271	10.1	0.4699	0.4275	1.0991
0.1109	0.7271	10.4	0.4501	0.4275	1.0529
0.1109	0.7271	10.8	0.4808	0.4275	1.1247
0.1109	0.7271	11.2	0.4824	0.4275	1.1284
0.1109	0.7271	11.6	0.4685	0.4275	1.0959
0.1109	0.7271	11.9	0.4865	0.4275	1.1380
0.1109	0.7271	12.3	0.4731	0.4275	1.1067
0.1109	0.7271	12.7	0.4808	0.4275	1.1246
0.1109	0.7271	13.0	0.5098	0.4275	1.1925
0.1109	0.7271	13.4	0.4889	0.4275	1.1435
0.1109	0.7271	13.8	0.4570	0.4275	1.0691
0.1109	0.7271	14.1	0.4679	0.4275	1.0946
0.1109	0.7271	14.5	0.4529	0.4275	1.0593
0.1109	0.7271	14.9	0.4730	0.4275	1.1064
0.1109	0.7271	15.2	0.4936	0.4275	1.1546
0.1109	0.7271	15.6	0.5120	0.4275	1.1975
0.1109	0.7271	16.0	0.4645	0.4275	1.0865
0.1109	0.7271	16.3	0.4909	0.4275	1.1482
0.1109	0.7271	16.7	0.5159	0.4275	1.2066
0.1109	0.7271	17.1	0.5081	0.4275	1.1885
0.1109	0.7271	17.4	0.5267	0.4275	1.2320
0.1109	0.7271	17.8	0.4807	0.4275	1.1245
0.1109	0.7271	18.2	0.4948	0.4275	1.1573
0.1109	0.7271	18.5	0.4985	0.4275	1.1660
0.1109	0.7271	18.9	0.4912	0.4275	1.1490
0.1109	0.7271	19.3	0.4840	0.4275	1.1321
0.1109	0.7271	19.6	0.4991	0.4275	1.1674
0.1109	0.7271	20.0	0.4886	0.4275	1.1430
0.1146	0.7169	2.0	0.5144	0.4236	1.2146
0.1146	0.7169	2.4	0.5161	0.4236	1.2184
0.1146	0.7169	2.7	0.4560	0.4236	1.0766
0.1146	0.7169	3.1	0.4556	0.4236	1.0756
0.1146	0.7169	3.5	0.4560	0.4236	1.0765
0.1146	0.7169	3.8	0.4546	0.4236	1.0733
0.1146	0.7169	4.2	0.4450	0.4236	1.0506
0.1146	0.7169	4.6	0.4485	0.4236	1.0589
0.1146	0.7169	4.9	0.4446	0.4236	1.0496
0.1146	0.7169	5.3	0.4438	0.4236	1.0478
0.1146	0.7169	5.7	0.4452	0.4236	1.0511
0.1146	0.7169	6.0	0.4440	0.4236	1.0482
0.1146	0.7169	6.4	0.4404	0.4236	1.0396
0.1146	0.7169	6.8	0.4575	0.4236	1.0800
0.1146	0.7169	7.1	0.4547	0.4236	1.0736
0.1146	0.7169	7.5	0.4272	0.4236	1.0086
0.1146	0.7169	7.9	0.4148	0.4236	0.9792
0.1146	0.7169	8.2	0.3372	0.4236	0.7961
0.1146	0.7169	8.6	0.3313	0.4236	0.7822
0.1146	0.7169	9.0	0.3148	0.4236	0.7432
0.1146	0.7169	9.3	0.3034	0.4236	0.7163
0.1146	0.7169	9.7	0.3147	0.4236	0.7431
0.1146	0.7169	10.1	0.2929	0.4236	0.6914
0.1146	0.7169	10.4	0.2920	0.4236	0.6893
0.1146	0.7169	10.8	0.3132	0.4236	0.7394
0.1146	0.7169	11.2	0.4561	0.4236	1.0769
0.1146	0.7169	11.6	0.4950	0.4236	1.1687
0.1146	0.7169	11.9	0.4979	0.4236	1.1755
0.1146	0.7169	12.3	0.5413	0.4236	1.2779
0.1146	0.7169	12.7	0.5652	0.4236	1.3345
0.1146	0.7169	13.0	0.5724	0.4236	1.3514
0.1146	0.7169	13.4	0.5451	0.4236	1.2869
0.1146	0.7169	13.8	0.5381	0.4236	1.2705
0.1146	0.7169	14.1	0.5192	0.4236	1.2258
0.1146	0.7169	14.5	0.5375	0.4236	1.2690
0.1146	0.7169	14.9	0.5758	0.4236	1.3595
0.1146	0.7169	15.2	0.5644	0.4236	1.3325
0.1146	0.7169	15.6	0.5849	0.4236	1.3809
0.1146	0.7169	16.0	0.5733	0.4236	1.3534
0.1146	0.7169	16.3	0.5444	0.4236	1.2853
0.1146	0.7169	16.7	0.4918	0.4236	1.1611
0.1146	0.7169	17.1	0.5142	0.4236	1.2139
0.1146	0.7169	17.4	0.5665	0.4236	1.3374
0.1146	0.7169	17.8	0.5795	0.4236	1.3682
0.1146	0.7169	18.2	0.5959	0.4236	1.4068
0.1146	0.7169	18.5	0.5679	0.4236	1.3407
0.1146	0.7169	18.9	0.5587	0.4236	1.3190
0.1146	0.7169	19.3	0.5050	0.4236	1.1922
0.1146	0.7169	19.6	0.5205	0.4236	1.2288
0.1146	0.7169	20.0	0.5063	0.4236	1.1953
0.1184	0.7067	2.0	0.4799	0.4313	1.1126
0.1184	0.7067	2.4	0.4513	0.4313	1.0464
0.1184	0.7067	2.7	0.4514	0.4313	1.0466
0.1184	0.7067	3.1	0.4474	0.4313	1.0373
0.1184	0.7067	3.5	0.4417	0.4313	1.0241
0.1184	0.7067	3.8	0.4115	0.4313	0.9540
0.1184	0.7067	4.2	0.4097	0.4313	0.9500
0.1184	0.7067	4.6	0.4025	0.4313	0.9332
0.1184	0.7067	4.9	0.3919	0.4313	0.9086
0.1184	0.7067	5.3	0.4411	0.4313	1.0228
0.1184	0.7067	5.7	0.4407	0.4313	1.0217
0.1184	0.7067	6.0	0.4317	0.4313	1.0009
0.1184	0.7067	6.4	0.4245	0.4313	0.9843
0.1184	0.7067	6.8	0.3990	0.4313	0.9251
0.1184	0.7067	7.1	0.3603	0.4313	0.8354
0.1184	0.7067	7.5	0.4004	0.4313	0.9285
0.1184	0.7067	7.9	0.4883	0.4313	1.1321
0.1184	0.7067	8.2	0.5007	0.4313	1.1608
0.1184	0.7067	8.6	0.5191	0.4313	1.2035
0.1184	0.7067	9.0	0.5677	0.4313	1.3163
0.1184	0.7067	9.3	0.5351	0.4313	1.2406
0.1184	0.7067	9.7	0.5267	0.4313	1.2212
0.1184	0.7067	10.1	0.5120	0.4313	1.1872
0.1184	0.7067	10.4	0.5542	0.4313	1.2849
0.1184	0.7067	10.8	0.5048	0.4313	1.1705
0.1184	0.7067	11.2	0.4193	0.4313	0.9723
0.1184	0.7067	11.6	0.5039	0.4313	1.1683
0.1184	0.7067	11.9	0.4927	0.4313	1.1423
0.1184	0.7067	12.3	0.5161	0.4313	1.1965
0.1184	0.7067	12.7	0.5222	0.4313	1.2107
0.1184	0.7067	13.0	0.5072	0.4313	1.1760
0.1184	0.7067	13.4	0.5120	0.4313	1.1871
0.1184	0.7067	13.8	0.5257	0.4313	1.2188
0.1184	0.7067	14.1	0.4952	0.4313	1.1481
0.1184	0.7067	14.5	0.5201	0.4313	1.2059
0.1184	0.7067	14.9	0.5242	0.4313	1.2155
0.1184	0.7067	15.2	0.4955	0.4313	1.1490
0.1184	0.7067	15.6	0.5344	0.4313	1.2390
0.1184	0.7067	16.0	0.4735	0.4313	1.0978
0.1184	0.7067	16.3	0.4497	0.4313	1.0426
0.1184	0.7067	16.7	0.4801	0.4313	1.1130
0.1184	0.7067	17.1	0.4783	0.4313	1.1090
0.1184	0.7067	17.4	0.5052	0.4313	1.1713
0.1184	0.7067	17.8	0.5453	0.4313	1.2642
0.1184	0.7067	18.2	0.5353	0.4313	1.2412
0.1184	0.7067	18.5	0.5194	0.4313	1.2042
0.1184	0.7067	18.9	0.5465	0.4313	1.2670
0.1184	0.7067	19.3	0.4865	0.4313	1.1280
0.1184	0.7067	19.6	0.5526	0.4313	1.2811
0.1184	0.7067	20.0	0.5588	0.4313	1.2956
0.1222	0.6965	2.0	0.4911	0.4423	1.1105
0.1222	0.6965	2.4	0.5007	0.4423	1.1321
0.1222	0.6965	2.7	0.5657	0.4423	1.2791
0.1222	0.6965	3.1	0.5728	0.4423	1.2951
0.1222	0.6965	3.5	0.5894	0.4423	1.3328
0.1222	0.6965	3.8	0.4514	0.4423	1.0206
0.1222	0.6965	4.2	0.4521	0.4423	1.0222
0.1222	0.6965	4.6	0.4457	0.4423	1.0078
0.1222	0.6965	4.9	0.4471	0.4423	1.0110
0.1222	0.6965	5.3	0.4300	0.4423	0.9722
0.1222	0.6965	5.7	0.4193	0.4423	0.9480
0.1222	0.6965	6.0	0.4019	0.4423	0.9088
0.1222	0.6965	6.4	0.4006	0.4423	0.9058
0.1222	0.6965	6.8	0.4214	0.4423	0.9527
0.1222	0.6965	7.1	0.4008	0.4423	0.9063
0.1222	0.6965	7.5	0.3927	0.4423	0.8879
0.1222	0.6965	7.9	0.3762	0.4423	0.8506
0.1222	0.6965	8.2	0.3392	0.4423	0.7670
0.1222	0.6965	8.6	0.3272	0.4423	0.7398
0.1222	0.6965	9.0	0.3435	0.4423	0.7767
0.1222	0.6965	9.3	0.4097	0.4423	0.9265
0.1222	0.6965	9.7	0.4173	0.4423	0.9435
0.1222	0.6965	10.1	0.3304	0.4423	0.7470
0.1222	0.6965	10.4	0.3161	0.4423	0.7147
0.1222	0.6965	10.8	0.3378	0.4423	0.7638
0.1222	0.6965	11.2	0.3727	0.4423	0.8427
0.1222	0.6965	11.6	0.3946	0.4423	0.8923
0.1222	0.6965	11.9	0.3758	0.4423	0.8497
0.1222	0.6965	12.3	0.4023	0.4423	0.9096
0.1222	0.6965	12.7	0.4098	0.4423	0.9267
0.1222	0.6965	13.0	0.4423	0.4423	1.0000
0.1222	0.6965	13.4	0.4895	0.4423	1.1068
0.1222	0.6965	13.8	0.4941	0.4423	1.1171
0.1222	0.6965	14.1	0.5393	0.4423	1.2193
0.1222	0.6965	14.5	0.5503	0.4423	1.2442
0.1222	0.6965	14.9	0.4980	0.4423	1.1260
0.1222	0.6965	15.2	0.5247	0.4423	1.1863
0.1222	0.6965	15.6	0.5456	0.4423	1.2336
0.1222	0.6965	16.0	0.5599	0.4423	1.2660
0.1222	0.6965	16.3	0.5520	0.4423	1.2481
0.1222	0.6965	16.7	0.5838	0.4423	1.3200
0.1222	0.6965	17.1	0.5359	0.4423	1.2116
0.1222	0.6965	17.4	0.5862	0.4423	1.3255
0.1222	0.6965	17.8	0.5401	0.4423	1.2212
0.1222	0.6965	18.2	0.5815	0.4423	1.3148
0.1222	0.6965	18.5	0.5612	0.4423	1.2690
0.1222	0.6965	18.9	0.5878	0.4423	1.3290
0.1222	0.6965	19.3	0.5628	0.4423	1.2725
0.1222	0.6965	19.6	0.5991	0.4423	1.3547
0.1222	0.6965	20.0	0.5800	0.4423	1.3115
0.1265	0.6863	2.0	0.4371	0.4433	0.9861
0.1265	0.6863	2.4	0.4316	0.4433	0.9736
0.1265	0.6863	2.7	0.4601	0.4433	1.0380
0.1265	0.6863	3.1	0.4572	0.4433	1.0313
0.1265	0.6863	3.5	0.4559	0.4433	1.0284
0.1265	0.6863	3.8	0.4494	0.4433	1.0137
0.1265	0.6863	4.2	0.4567	0.4433	1.0302
0.1265	0.6863	4.6	0.4521	0.4433	1.0200
0.1265	0.6863	4.9	0.4448	0.4433	1.0033
0.1265	0.6863	5.3	0.4329	0.4433	0.9766
0.1265	0.6863	5.7	0.3933	0.4433	0.8872
0.1265	0.6863	6.0	0.3759	0.4433	0.8479
0.1265	0.6863	6.4	0.4421	0.4433	0.9973
0.1265	0.6863	6.8	0.4632	0.4433	1.0451
0.1265	0.6863	7.1	0.4923	0.4433	1.1107
0.1265	0.6863	7.5	0.4881	0.4433	1.1012
0.1265	0.6863	7.9	0.4794	0.4433	1.0816
0.1265	0.6863	8.2	0.4796	0.4433	1.0820
0.1265	0.6863	8.6	0.4610	0.4433	1.0399
0.1265	0.6863	9.0	0.4707	0.4433	1.0618
0.1265	0.6863	9.3	0.4877	0.4433	1.1002
0.1265	0.6863	9.7	0.4882	0.4433	1.1014
0.1265	0.6863	10.1	0.4674	0.4433	1.0545
0.1265	0.6863	10.4	0.4821	0.4433	1.0876
0.1265	0.6863	10.8	0.4820	0.4433	1.0873
0.1265	0.6863	11.2	0.4506	0.4433	1.0166
0.1265	0.6863	11.6	0.4439	0.4433	1.0014
0.1265	0.6863	11.9	0.4746	0.4433	1.0706
0.1265	0.6863	12.3	0.4437	0.4433	1.0010
0.1265	0.6863	12.7	0.4618	0.4433	1.0418
0.1265	0.6863	13.0	0.4510	0.4433	1.0174
0.1265	0.6863	13.4	0.5087	0.4433	1.1477
0.1265	0.6863	13.8	0.4712	0.4433	1.0629
0.1265	0.6863	14.1	0.4514	0.4433	1.0183
0.1265	0.6863	14.5	0.4853	0.4433	1.0949
0.1265	0.6863	14.9	0.4886	0.4433	1.1022
0.1265	0.6863	15.2	0.5026	0.4433	1.1339
0.1265	0.6863	15.6	0.5233	0.4433	1.1806
0.1265	0.6863	16.0	0.4782	0.4433	1.0787
0.1265	0.6863	16.3	0.4858	0.4433	1.0960
0.1265	0.6863	16.7	0.4777	0.4433	1.0776
0.1265	0.6863	17.1	0.4839	0.4433	1.0916
0.1265	0.6863	17.4	0.5119	0.4433	1.1548
0.1265	0.6863	17.8	0.5087	0.4433	1.1477
0.1265	0.6863	18.2	0.4991	0.4433	1.1260
0.1265	0.6863	18.5	0.5058	0.4433	1.1411
0.1265	0.6863	18.9	0.4827	0.4433	1.0890
0.1265	0.6863	19.3	0.5738	0.4433	1.2943
0.1265	0.6863	19.6	0.5069	0.4433	1.1436
0.1265	0.6863	20.0	0.5021	0.4433	1.1328
0.1310	0.6761	2.0	0.4298	0.4171	1.0304
0.1310	0.6761	2.4	0.4353	0.4171	1.0436
0.1310	0.6761	2.7	0.4324	0.4171	1.0367
0.1310	0.6761	3.1	0.4295	0.4171	1.0298
0.1310	0.6761	3.5	0.4359	0.4171	1.0450
0.1310	0.6761	3.8	0.4370	0.4171	1.0478
0.1310	0.6761	4.2	0.4283	0.4171	1.0268
0.1310	0.6761	4.6	0.4876	0.4171	1.1690
0.1310	0.6761	4.9	0.4834	0.4171	1.1590
0.1310	0.6761	5.3	0.4710	0.4171	1.1292
0.1310	0.6761	5.7	0.4635	0.4171	1.1113
0.1310	0.6761	6.0	0.4072	0.4171	0.9763
0.1310	0.6761	6.4	0.3978	0.4171	0.9538
0.1310	0.6761	6.8	0.3949	0.4171	0.9468
0.1310	0.6761	7.1	0.3643	0.4171	0.8734
0.1310	0.6761	7.5	0.3557	0.4171	0.8529
0.1310	0.6761	7.9	0.3388	0.4171	0.8123
0.1310	0.6761	8.2	0.3297	0.4171	0.7905
0.1310	0.6761	8.6	0.3697	0.4171	0.8865
0.1310	0.6761	9.0	0.4314	0.4171	1.0344
0.1310	0.6761	9.3	0.4240	0.4171	1.0167
0.1310	0.6761	9.7	0.3590	0.4171	0.8607
0.1310	0.6761	10.1	0.3493	0.4171	0.8374
0.1310	0.6761	10.4	0.3449	0.4171	0.8269
0.1310	0.6761	10.8	0.3661	0.4171	0.8778
0.1310	0.6761	11.2	0.3768	0.4171	0.9034
0.1310	0.6761	11.6	0.3688	0.4171	0.8842
0.1310	0.6761	11.9	0.3776	0.4171	0.9054
0.1310	0.6761	12.3	0.3955	0.4171	0.9483
0.1310	0.6761	12.7	0.3891	0.4171	0.9329
0.1310	0.6761	13.0	0.4115	0.4171	0.9865
0.1310	0.6761	13.4	0.3876	0.4171	0.9294
0.1310	0.6761	13.8	0.3912	0.4171	0.9381
0.1310	0.6761	14.1	0.3779	0.4171	0.9060
0.1310	0.6761	14.5	0.4184	0.4171	1.0033
0.1310	0.6761	14.9	0.3738	0.4171	0.8964
0.1310	0.6761	15.2	0.3969	0.4171	0.9515
0.1310	0.6761	15.6	0.4011	0.4171	0.9617
0.1310	0.6761	16.0	0.3868	0.4171	0.9275
0.1310	0.6761	16.3	0.3605	0.4171	0.8644
0.1310	0.6761	16.7	0.3576	0.4171	0.8574
0.1310	0.6761	17.1	0.3935	0.4171	0.9436
0.1310	0.6761	17.4	0.4091	0.4171	0.9808
0.1310	0.6761	17.8	0.4405	0.4171	1.0563
0.1310	0.6761	18.2	0.4691	0.4171	1.1248
0.1310	0.6761	18.5	0.4625	0.4171	1.1090
0.1310	0.6761	18.9	0.4980	0.4171	1.1941
0.1310	0.6761	19.3	0.4444	0.4171	1.0656
0.1310	0.6761	19.6	0.4509	0.4171	1.0811
0.1310	0.6761	20.0	0.5110	0.4171	1.2251
0.1358	0.6659	2.0	0.4107	0.3917	1.0487
0.1358	0.6659	2.4	0.4518	0.3917	1.1535
0.1358	0.6659	2.7	0.4612	0.3917	1.1776
0.1358	0.6659	3.1	0.4596	0.3917	1.1735
0.1358	0.6659	3.5	0.4531	0.3917	1.1567
0.1358	0.6659	3.8	0.4530	0.3917	1.1564
0.1358	0.6659	4.2	0.4480	0.3917	1.1437
0.1358	0.6659	4.6	0.4516	0.3917	1.1530
0.1358	0.6659	4.9	0.4411	0.3917	1.1263
0.1358	0.6659	5.3	0.4283	0.3917	1.0936
0.1358	0.6659	5.7	0.4339	0.3917	1.1079
0.1358	0.6659	6.0	0.4369	0.3917	1.1154
0.1358	0.6659	6.4	0.4461	0.3917	1.1390
0.1358	0.6659	6.8	0.4389	0.3917	1.1206
0.1358	0.6659	7.1	0.4335	0.3917	1.1068
0.1358	0.6659	7.5	0.4215	0.3917	1.0762
0.1358	0.6659	7.9	0.4106	0.3917	1.0484
0.1358	0.6659	8.2	0.3934	0.3917	1.0043
0.1358	0.6659	8.6	0.3605	0.3917	0.9205
0.1358	0.6659	9.0	0.3455	0.3917	0.8821
0.1358	0.6659	9.3	0.3404	0.3917	0.8692
0.1358	0.6659	9.7	0.4184	0.3917	1.0682
0.1358	0.6659	10.1	0.4391	0.3917	1.1211
0.1358	0.6659	10.4	0.4239	0.3917	1.0823
0.1358	0.6659	10.8	0.4051	0.3917	1.0342
0.1358	0.6659	11.2	0.4389	0.3917	1.1206
0.1358	0.6659	11.6	0.4459	0.3917	1.1385
0.1358	0.6659	11.9	0.4250	0.3917	1.0850
0.1358	0.6659	12.3	0.4255	0.3917	1.0864
0.1358	0.6659	12.7	0.4339	0.3917	1.1079
0.1358	0.6659	13.0	0.4360	0.3917	1.1131
0.1358	0.6659	13.4	0.4234	0.3917	1.0810
0.1358	0.6659	13.8	0.4300	0.3917	1.0978
0.1358	0.6659	14.1	0.4730	0.3917	1.2077
0.1358	0.6659	14.5	0.4564	0.3917	1.1652
0.1358	0.6659	14.9	0.4284	0.3917	1.0937
0.1358	0.6659	15.2	0.4509	0.3917	1.1512
0.1358	0.6659	15.6	0.4624	0.3917	1.1804
0.1358	0.6659	16.0	0.4650	0.3917	1.1872
0.1358	0.6659	16.3	0.4716	0.3917	1.2041
0.1358	0.6659	16.7	0.4773	0.3917	1.2187
0.1358	0.6659	17.1	0.5094	0.3917	1.3005
0.1358	0.6659	17.4	0.4676	0.3917	1.1939
0.1358	0.6659	17.8	0.4847	0.3917	1.2375
0.1358	0.6659	18.2	0.4572	0.3917	1.1672
0.1358	0.6659	18.5	0.5043	0.3917	1.2876
0.1358	0.6659	18.9	0.5351	0.3917	1.3662
0.1358	0.6659	19.3	0.5210	0.3917	1.3301
0.1358	0.6659	19.6	0.5092	0.3917	1.3001
0.1358	0.6659	20.0	0.4806	0.3917	1.2271
0.1408	0.6557	2.0	0.4426	0.4243	1.0431
0.1408	0.6557	2.4	0.4485	0.4243	1.0570
0.1408	0.6557	2.7	0.4470	0.4243	1.0533
0.1408	0.6557	3.1	0.4375	0.4243	1.0311
0.1408	0.6557	3.5	0.4449	0.4243	1.0484
0.1408	0.6557	3.8	0.4115	0.4243	0.9697
0.1408	0.6557	4.2	0.4116	0.4243	0.9700
0.1408	0.6557	4.6	0.4109	0.4243	0.9683
0.1408	0.6557	4.9	0.4062	0.4243	0.9572
0.1408	0.6557	5.3	0.4490	0.4243	1.0581
0.1408	0.6557	5.7	0.4289	0.4243	1.0107
0.1408	0.6557	6.0	0.4184	0.4243	0.9860
0.1408	0.6557	6.4	0.3757	0.4243	0.8854
0.1408	0.6557	6.8	0.4171	0.4243	0.9829
0.1408	0.6557	7.1	0.4296	0.4243	1.0123
0.1408	0.6557	7.5	0.3786	0.4243	0.8922
0.1408	0.6557	7.9	0.3837	0.4243	0.9042
0.1408	0.6557	8.2	0.3597	0.4243	0.8477
0.1408	0.6557	8.6	0.3725	0.4243	0.8778
0.1408	0.6557	9.0	0.3801	0.4243	0.8957
0.1408	0.6557	9.3	0.3660	0.4243	0.8626
0.1408	0.6557	9.7	0.3749	0.4243	0.8836
0.1408	0.6557	10.1	0.3876	0.4243	0.9134
0.1408	0.6557	10.4	0.4003	0.4243	0.9433
0.1408	0.6557	10.8	0.4338	0.4243	1.0224
0.1408	0.6557	11.2	0.4605	0.4243	1.0852
0.1408	0.6557	11.6	0.4215	0.4243	0.9932
0.1408	0.6557	11.9	0.4551	0.4243	1.0726
0.1408	0.6557	12.3	0.4980	0.4243	1.1737
0.1408	0.6557	12.7	0.5311	0.4243	1.2515
0.1408	0.6557	13.0	0.5698	0.4243	1.3429
0.1408	0.6557	13.4	0.5200	0.4243	1.2254
0.1408	0.6557	13.8	0.5346	0.4243	1.2600
0.1408	0.6557	14.1	0.5219	0.4243	1.2299
0.1408	0.6557	14.5	0.4682	0.4243	1.1034
0.1408	0.6557	14.9	0.4069	0.4243	0.9590
0.1408	0.6557	15.2	0.4712	0.4243	1.1104
0.1408	0.6557	15.6	0.5118	0.4243	1.2061
0.1408	0.6557	16.0	0.5357	0.4243	1.2624
0.1408	0.6557	16.3	0.5805	0.4243	1.3680
0.1408	0.6557	16.7	0.4810	0.4243	1.1335
0.1408	0.6557	17.1	0.5821	0.4243	1.3718
0.1408	0.6557	17.4	0.5026	0.4243	1.1845
0.1408	0.6557	17.8	0.5736	0.4243	1.3519
0.1408	0.6557	18.2	0.5955	0.4243	1.4035
0.1408	0.6557	18.5	0.5669	0.4243	1.3359
0.1408	0.6557	18.9	0.5667	0.4243	1.3355
0.1408	0.6557	19.3	0.5723	0.4243	1.3487
0.1408	0.6557	19.6	0.5968	0.4243	1.4064
0.1408	0.6557	20.0	0.6104	0.4243	1.4385
0.1458	0.6455	2.0	0.5314	0.4788	1.1099
0.1458	0.6455	2.4	0.5177	0.4788	1.0814
0.1458	0.6455	2.7	0.4458	0.4788	0.9310
0.1458	0.6455	3.1	0.4497	0.4788	0.9392
0.1458	0.6455	3.5	0.4494	0.4788	0.9387
0.1458	0.6455	3.8	0.4251	0.4788	0.8878
0.1458	0.6455	4.2	0.4229	0.4788	0.8833
0.1458	0.6455	4.6	0.4188	0.4788	0.8746
0.1458	0.6455	4.9	0.4090	0.4788	0.8543
0.1458	0.6455	5.3	0.4070	0.4788	0.8501
0.1458	0.6455	5.7	0.3819	0.4788	0.7976
0.1458	0.6455	6.0	0.3630	0.4788	0.7583
0.1458	0.6455	6.4	0.4097	0.4788	0.8556
0.1458	0.6455	6.8	0.3398	0.4788	0.7098
0.1458	0.6455	7.1	0.4010	0.4788	0.8376
0.1458	0.6455	7.5	0.4550	0.4788	0.9503
0.1458	0.6455	7.9	0.4705	0.4788	0.9828
0.1458	0.6455	8.2	0.4671	0.4788	0.9755
0.1458	0.6455	8.6	0.4823	0.4788	1.0074
0.1458	0.6455	9.0	0.4763	0.4788	0.9947
0.1458	0.6455	9.3	0.5070	0.4788	1.0590
0.1458	0.6455	9.7	0.4712	0.4788	0.9842
0.1458	0.6455	10.1	0.4438	0.4788	0.9269
0.1458	0.6455	10.4	0.4224	0.4788	0.8823
0.1458	0.6455	10.8	0.4683	0.4788	0.9781
0.1458	0.6455	11.2	0.4462	0.4788	0.9320
0.1458	0.6455	11.6	0.4861	0.4788	1.0153
0.1458	0.6455	11.9	0.4485	0.4788	0.9367
0.1458	0.6455	12.3	0.4415	0.4788	0.9221
0.1458	0.6455	12.7	0.4782	0.4788	0.9987
0.1458	0.6455	13.0	0.4922	0.4788	1.0279
0.1458	0.6455	13.4	0.4478	0.4788	0.9352
0.1458	0.6455	13.8	0.4978	0.4788	1.0397
0.1458	0.6455	14.1	0.5092	0.4788	1.0635
0.1458	0.6455	14.5	0.4763	0.4788	0.9949
0.1458	0.6455	14.9	0.4737	0.4788	0.9894
0.1458	0.6455	15.2	0.5031	0.4788	1.0508
0.1458	0.6455	15.6	0.5194	0.4788	1.0849
0.1458	0.6455	16.0	0.5318	0.4788	1.1108
0.1458	0.6455	16.3	0.4989	0.4788	1.0421
0.1458	0.6455	16.7	0.5490	0.4788	1.1467
0.1458	0.6455	17.1	0.5067	0.4788	1.0582
0.1458	0.6455	17.4	0.5109	0.4788	1.0670
0.1458	0.6455	17.8	0.5346	0.4788	1.1167
0.1458	0.6455	18.2	0.5493	0.4788	1.1473
0.1458	0.6455	18.5	0.5075	0.4788	1.0599
