sigma	gini	exc_weight	modF	modA	modF/modA
0.0446	0.8700	2.0	0.1223	0.4456	0.2746
0.0446	0.8700	2.4	0.1157	0.4456	0.2596
0.0446	0.8700	2.7	0.1168	0.4456	0.2622
0.0446	0.8700	3.1	0.1316	0.4456	0.2953
0.0446	0.8700	3.5	0.1372	0.4456	0.3078
0.0446	0.8700	3.8	0.1328	0.4456	0.2979
0.0446	0.8700	4.2	0.1490	0.4456	0.3345
0.0446	0.8700	4.6	0.1352	0.4456	0.3034
0.0446	0.8700	4.9	0.1407	0.4456	0.3158
0.0446	0.8700	5.3	0.1452	0.4456	0.3259
0.0446	0.8700	5.7	0.1593	0.4456	0.3576
0.0446	0.8700	6.0	0.2112	0.4456	0.4740
0.0446	0.8700	6.4	0.2950	0.4456	0.6619
0.0446	0.8700	6.8	0.1495	0.4456	0.3355
0.0446	0.8700	7.1	0.1847	0.4456	0.4145
0.0446	0.8700	7.5	0.2457	0.4456	0.5514
0.0446	0.8700	7.9	0.2381	0.4456	0.5343
0.0446	0.8700	8.2	0.2474	0.4456	0.5551
0.0446	0.8700	8.6	0.3039	0.4456	0.6821
0.0446	0.8700	9.0	0.3609	0.4456	0.8100
0.0446	0.8700	9.3	0.3239	0.4456	0.7269
0.0446	0.8700	9.7	0.1993	0.4456	0.4474
0.0446	0.8700	10.1	0.3240	0.4456	0.7272
0.0446	0.8700	10.4	0.3677	0.4456	0.8251
0.0446	0.8700	10.8	0.3248	0.4456	0.7288
0.0446	0.8700	11.2	0.3012	0.4456	0.6760
0.0446	0.8700	11.6	0.2835	0.4456	0.6363
0.0446	0.8700	11.9	0.4573	0.4456	1.0262
0.0446	0.8700	12.3	0.2347	0.4456	0.5267
0.0446	0.8700	12.7	0.3099	0.4456	0.6954
0.0446	0.8700	13.0	0.3066	0.4456	0.6880
0.0446	0.8700	13.4	0.3316	0.4456	0.7441
0.0446	0.8700	13.8	0.1993	0.4456	0.4473
0.0446	0.8700	14.1	0.3606	0.4456	0.8093
0.0446	0.8700	14.5	0.3422	0.4456	0.7680
0.0446	0.8700	14.9	0.4080	0.4456	0.9157
0.0446	0.8700	15.2	0.4323	0.4456	0.9702
0.0446	0.8700	15.6	0.3031	0.4456	0.6801
0.0446	0.8700	16.0	0.2477	0.4456	0.5558
0.0446	0.8700	16.3	0.3396	0.4456	0.7621
0.0446	0.8700	16.7	0.3936	0.4456	0.8833
0.0446	0.8700	17.1	0.4371	0.4456	0.9809
0.0446	0.8700	17.4	0.3176	0.4456	0.7128
0.0446	0.8700	17.8	0.2978	0.4456	0.6684
0.0446	0.8700	18.2	0.1503	0.4456	0.3373
0.0446	0.8700	18.5	0.3458	0.4456	0.7760
0.0446	0.8700	18.9	0.4440	0.4456	0.9963
0.0446	0.8700	19.3	0.2045	0.4456	0.4589
0.0446	0.8700	19.6	0.3965	0.4456	0.8898
0.0446	0.8700	20.0	0.6162	0.4456	1.3828
0.0513	0.8598	2.0	0.1118	0.6109	0.1829
0.0513	0.8598	2.4	0.1431	0.6109	0.2342
0.0513	0.8598	2.7	0.1159	0.6109	0.1898
0.0513	0.8598	3.1	0.1195	0.6109	0.1955
0.0513	0.8598	3.5	0.1179	0.6109	0.1930
0.0513	0.8598	3.8	0.1210	0.6109	0.1982
0.0513	0.8598	4.2	0.1209	0.6109	0.1980
0.0513	0.8598	4.6	0.1324	0.6109	0.2167
0.0513	0.8598	4.9	0.1229	0.6109	0.2013
0.0513	0.8598	5.3	0.1257	0.6109	0.2058
0.0513	0.8598	5.7	0.1325	0.6109	0.2169
0.0513	0.8598	6.0	0.1489	0.6109	0.2438
0.0513	0.8598	6.4	0.1490	0.6109	0.2439
0.0513	0.8598	6.8	0.1600	0.6109	0.2619
0.0513	0.8598	7.1	0.2107	0.6109	0.3449
0.0513	0.8598	7.5	0.3433	0.6109	0.5619
0.0513	0.8598	7.9	0.4535	0.6109	0.7424
0.0513	0.8598	8.2	0.5140	0.6109	0.8414
0.0513	0.8598	8.6	0.4654	0.6109	0.7619
0.0513	0.8598	9.0	0.4758	0.6109	0.7789
0.0513	0.8598	9.3	0.4021	0.6109	0.6583
0.0513	0.8598	9.7	0.4843	0.6109	0.7927
0.0513	0.8598	10.1	0.4421	0.6109	0.7237
0.0513	0.8598	10.4	0.3411	0.6109	0.5584
0.0513	0.8598	10.8	0.4051	0.6109	0.6631
0.0513	0.8598	11.2	0.5338	0.6109	0.8739
0.0513	0.8598	11.6	0.5107	0.6109	0.8361
0.0513	0.8598	11.9	0.4366	0.6109	0.7148
0.0513	0.8598	12.3	0.3705	0.6109	0.6065
0.0513	0.8598	12.7	0.5270	0.6109	0.8627
0.0513	0.8598	13.0	0.4591	0.6109	0.7516
0.0513	0.8598	13.4	0.5220	0.6109	0.8545
0.0513	0.8598	13.8	0.4336	0.6109	0.7099
0.0513	0.8598	14.1	0.5788	0.6109	0.9474
0.0513	0.8598	14.5	0.4194	0.6109	0.6865
0.0513	0.8598	14.9	0.5658	0.6109	0.9262
0.0513	0.8598	15.2	0.4110	0.6109	0.6728
0.0513	0.8598	15.6	0.4445	0.6109	0.7276
0.0513	0.8598	16.0	0.5960	0.6109	0.9757
0.0513	0.8598	16.3	0.4466	0.6109	0.7311
0.0513	0.8598	16.7	0.5472	0.6109	0.8958
0.0513	0.8598	17.1	0.5423	0.6109	0.8877
0.0513	0.8598	17.4	0.5933	0.6109	0.9712
0.0513	0.8598	17.8	0.5199	0.6109	0.8510
0.0513	0.8598	18.2	0.5798	0.6109	0.9491
0.0513	0.8598	18.5	0.6231	0.6109	1.0201
0.0513	0.8598	18.9	0.5594	0.6109	0.9157
0.0513	0.8598	19.3	0.5741	0.6109	0.9398
0.0513	0.8598	19.6	0.5937	0.6109	0.9719
0.0513	0.8598	20.0	0.3828	0.6109	0.6267
0.0571	0.8496	2.0	0.1092	0.5689	0.1920
0.0571	0.8496	2.4	0.1344	0.5689	0.2363
0.0571	0.8496	2.7	0.1275	0.5689	0.2241
0.0571	0.8496	3.1	0.1330	0.5689	0.2337
0.0571	0.8496	3.5	0.1293	0.5689	0.2273
0.0571	0.8496	3.8	0.1185	0.5689	0.2082
0.0571	0.8496	4.2	0.1219	0.5689	0.2142
0.0571	0.8496	4.6	0.1234	0.5689	0.2169
0.0571	0.8496	4.9	0.1257	0.5689	0.2209
0.0571	0.8496	5.3	0.1355	0.5689	0.2382
0.0571	0.8496	5.7	0.1397	0.5689	0.2455
0.0571	0.8496	6.0	0.1474	0.5689	0.2592
0.0571	0.8496	6.4	0.1653	0.5689	0.2905
0.0571	0.8496	6.8	0.1823	0.5689	0.3204
0.0571	0.8496	7.1	0.1914	0.5689	0.3365
0.0571	0.8496	7.5	0.1319	0.5689	0.2318
0.0571	0.8496	7.9	0.2441	0.5689	0.4292
0.0571	0.8496	8.2	0.1253	0.5689	0.2203
0.0571	0.8496	8.6	0.1421	0.5689	0.2498
0.0571	0.8496	9.0	0.2082	0.5689	0.3660
0.0571	0.8496	9.3	0.1333	0.5689	0.2343
0.0571	0.8496	9.7	0.1977	0.5689	0.3475
0.0571	0.8496	10.1	0.2185	0.5689	0.3841
0.0571	0.8496	10.4	0.2524	0.5689	0.4438
0.0571	0.8496	10.8	0.1235	0.5689	0.2171
0.0571	0.8496	11.2	0.3138	0.5689	0.5517
0.0571	0.8496	11.6	0.2226	0.5689	0.3913
0.0571	0.8496	11.9	0.2174	0.5689	0.3821
0.0571	0.8496	12.3	0.2920	0.5689	0.5132
0.0571	0.8496	12.7	0.2602	0.5689	0.4573
0.0571	0.8496	13.0	0.2010	0.5689	0.3533
0.0571	0.8496	13.4	0.2296	0.5689	0.4037
0.0571	0.8496	13.8	0.1930	0.5689	0.3393
0.0571	0.8496	14.1	0.3007	0.5689	0.5286
0.0571	0.8496	14.5	0.3095	0.5689	0.5440
0.0571	0.8496	14.9	0.2522	0.5689	0.4433
0.0571	0.8496	15.2	0.2973	0.5689	0.5226
0.0571	0.8496	15.6	0.4258	0.5689	0.7485
0.0571	0.8496	16.0	0.4972	0.5689	0.8740
0.0571	0.8496	16.3	0.4694	0.5689	0.8251
0.0571	0.8496	16.7	0.3354	0.5689	0.5896
0.0571	0.8496	17.1	0.1424	0.5689	0.2503
0.0571	0.8496	17.4	0.2936	0.5689	0.5162
0.0571	0.8496	17.8	0.3865	0.5689	0.6795
0.0571	0.8496	18.2	0.3331	0.5689	0.5856
0.0571	0.8496	18.5	0.4300	0.5689	0.7559
0.0571	0.8496	18.9	0.3562	0.5689	0.6262
0.0571	0.8496	19.3	0.3673	0.5689	0.6456
0.0571	0.8496	19.6	0.4511	0.5689	0.7930
0.0571	0.8496	20.0	0.2393	0.5689	0.4207
0.0622	0.8394	2.0	0.1186	0.5812	0.2040
0.0622	0.8394	2.4	0.1160	0.5812	0.1996
0.0622	0.8394	2.7	0.1229	0.5812	0.2116
0.0622	0.8394	3.1	0.1255	0.5812	0.2159
0.0622	0.8394	3.5	0.1258	0.5812	0.2164
0.0622	0.8394	3.8	0.1270	0.5812	0.2186
0.0622	0.8394	4.2	0.1291	0.5812	0.2222
0.0622	0.8394	4.6	0.1194	0.5812	0.2054
0.0622	0.8394	4.9	0.1228	0.5812	0.2113
0.0622	0.8394	5.3	0.1272	0.5812	0.2189
0.0622	0.8394	5.7	0.1357	0.5812	0.2335
0.0622	0.8394	6.0	0.1613	0.5812	0.2776
0.0622	0.8394	6.4	0.1825	0.5812	0.3140
0.0622	0.8394	6.8	0.2680	0.5812	0.4611
0.0622	0.8394	7.1	0.2398	0.5812	0.4126
0.0622	0.8394	7.5	0.2704	0.5812	0.4653
0.0622	0.8394	7.9	0.1357	0.5812	0.2334
0.0622	0.8394	8.2	0.1544	0.5812	0.2657
0.0622	0.8394	8.6	0.1336	0.5812	0.2300
0.0622	0.8394	9.0	0.1426	0.5812	0.2453
0.0622	0.8394	9.3	0.3033	0.5812	0.5219
0.0622	0.8394	9.7	0.3168	0.5812	0.5451
0.0622	0.8394	10.1	0.4273	0.5812	0.7353
0.0622	0.8394	10.4	0.4168	0.5812	0.7172
0.0622	0.8394	10.8	0.5053	0.5812	0.8695
0.0622	0.8394	11.2	0.5498	0.5812	0.9460
0.0622	0.8394	11.6	0.5260	0.5812	0.9051
0.0622	0.8394	11.9	0.5246	0.5812	0.9026
0.0622	0.8394	12.3	0.5384	0.5812	0.9264
0.0622	0.8394	12.7	0.4987	0.5812	0.8580
0.0622	0.8394	13.0	0.5434	0.5812	0.9351
0.0622	0.8394	13.4	0.4944	0.5812	0.8506
0.0622	0.8394	13.8	0.5009	0.5812	0.8619
0.0622	0.8394	14.1	0.4059	0.5812	0.6985
0.0622	0.8394	14.5	0.5380	0.5812	0.9258
0.0622	0.8394	14.9	0.4995	0.5812	0.8595
0.0622	0.8394	15.2	0.5462	0.5812	0.9398
0.0622	0.8394	15.6	0.5220	0.5812	0.8982
0.0622	0.8394	16.0	0.5152	0.5812	0.8865
0.0622	0.8394	16.3	0.5599	0.5812	0.9633
0.0622	0.8394	16.7	0.5840	0.5812	1.0048
0.0622	0.8394	17.1	0.5279	0.5812	0.9083
0.0622	0.8394	17.4	0.4508	0.5812	0.7757
0.0622	0.8394	17.8	0.5123	0.5812	0.8815
0.0622	0.8394	18.2	0.5299	0.5812	0.9118
0.0622	0.8394	18.5	0.5338	0.5812	0.9184
0.0622	0.8394	18.9	0.5028	0.5812	0.8652
0.0622	0.8394	19.3	0.5347	0.5812	0.9200
0.0622	0.8394	19.6	0.5332	0.5812	0.9174
0.0622	0.8394	20.0	0.5657	0.5812	0.9734
0.0671	0.8292	2.0	0.1153	0.6411	0.1799
0.0671	0.8292	2.4	0.1162	0.6411	0.1812
0.0671	0.8292	2.7	0.1274	0.6411	0.1987
0.0671	0.8292	3.1	0.1293	0.6411	0.2017
0.0671	0.8292	3.5	0.1331	0.6411	0.2075
0.0671	0.8292	3.8	0.1312	0.6411	0.2046
0.0671	0.8292	4.2	0.1147	0.6411	0.1790
0.0671	0.8292	4.6	0.1189	0.6411	0.1855
0.0671	0.8292	4.9	0.1175	0.6411	0.1832
0.0671	0.8292	5.3	0.1309	0.6411	0.2041
0.0671	0.8292	5.7	0.1374	0.6411	0.2144
0.0671	0.8292	6.0	0.1422	0.6411	0.2217
0.0671	0.8292	6.4	0.1462	0.6411	0.2281
0.0671	0.8292	6.8	0.1582	0.6411	0.2468
0.0671	0.8292	7.1	0.1791	0.6411	0.2793
0.0671	0.8292	7.5	0.2150	0.6411	0.3353
0.0671	0.8292	7.9	0.3316	0.6411	0.5171
0.0671	0.8292	8.2	0.3178	0.6411	0.4957
0.0671	0.8292	8.6	0.4646	0.6411	0.7247
0.0671	0.8292	9.0	0.6049	0.6411	0.9434
0.0671	0.8292	9.3	0.6121	0.6411	0.9547
0.0671	0.8292	9.7	0.3843	0.6411	0.5994
0.0671	0.8292	10.1	0.4916	0.6411	0.7668
0.0671	0.8292	10.4	0.5688	0.6411	0.8871
0.0671	0.8292	10.8	0.5754	0.6411	0.8975
0.0671	0.8292	11.2	0.6055	0.6411	0.9444
0.0671	0.8292	11.6	0.5462	0.6411	0.8519
0.0671	0.8292	11.9	0.4646	0.6411	0.7246
0.0671	0.8292	12.3	0.5458	0.6411	0.8512
0.0671	0.8292	12.7	0.5996	0.6411	0.9353
0.0671	0.8292	13.0	0.6081	0.6411	0.9485
0.0671	0.8292	13.4	0.6240	0.6411	0.9732
0.0671	0.8292	13.8	0.6225	0.6411	0.9710
0.0671	0.8292	14.1	0.6048	0.6411	0.9433
0.0671	0.8292	14.5	0.5228	0.6411	0.8155
0.0671	0.8292	14.9	0.5815	0.6411	0.9070
0.0671	0.8292	15.2	0.5532	0.6411	0.8628
0.0671	0.8292	15.6	0.5888	0.6411	0.9184
0.0671	0.8292	16.0	0.5830	0.6411	0.9093
0.0671	0.8292	16.3	0.5809	0.6411	0.9060
0.0671	0.8292	16.7	0.5253	0.6411	0.8193
0.0671	0.8292	17.1	0.5676	0.6411	0.8853
0.0671	0.8292	17.4	0.5695	0.6411	0.8882
0.0671	0.8292	17.8	0.6003	0.6411	0.9363
0.0671	0.8292	18.2	0.6539	0.6411	1.0199
0.0671	0.8292	18.5	0.6097	0.6411	0.9510
0.0671	0.8292	18.9	0.5616	0.6411	0.8760
0.0671	0.8292	19.3	0.6106	0.6411	0.9524
0.0671	0.8292	19.6	0.5746	0.6411	0.8963
0.0671	0.8292	20.0	0.5709	0.6411	0.8904
0.0718	0.8190	2.0	0.1150	0.5903	0.1948
0.0718	0.8190	2.4	0.1164	0.5903	0.1972
0.0718	0.8190	2.7	0.1143	0.5903	0.1937
0.0718	0.8190	3.1	0.1339	0.5903	0.2269
0.0718	0.8190	3.5	0.1342	0.5903	0.2274
0.0718	0.8190	3.8	0.1319	0.5903	0.2235
0.0718	0.8190	4.2	0.1442	0.5903	0.2444
0.0718	0.8190	4.6	0.1363	0.5903	0.2309
0.0718	0.8190	4.9	0.1363	0.5903	0.2309
0.0718	0.8190	5.3	0.1435	0.5903	0.2431
0.0718	0.8190	5.7	0.1402	0.5903	0.2375
0.0718	0.8190	6.0	0.1410	0.5903	0.2389
0.0718	0.8190	6.4	0.1542	0.5903	0.2613
0.0718	0.8190	6.8	0.1497	0.5903	0.2535
0.0718	0.8190	7.1	0.1972	0.5903	0.3341
0.0718	0.8190	7.5	0.1742	0.5903	0.2952
0.0718	0.8190	7.9	0.1040	0.5903	0.1762
0.0718	0.8190	8.2	0.0898	0.5903	0.1521
0.0718	0.8190	8.6	0.0838	0.5903	0.1420
0.0718	0.8190	9.0	0.2249	0.5903	0.3811
0.0718	0.8190	9.3	0.2918	0.5903	0.4944
0.0718	0.8190	9.7	0.2866	0.5903	0.4855
0.0718	0.8190	10.1	0.1433	0.5903	0.2427
0.0718	0.8190	10.4	0.2327	0.5903	0.3943
0.0718	0.8190	10.8	0.2528	0.5903	0.4283
0.0718	0.8190	11.2	0.1439	0.5903	0.2437
0.0718	0.8190	11.6	0.2263	0.5903	0.3834
0.0718	0.8190	11.9	0.2665	0.5903	0.4514
0.0718	0.8190	12.3	0.3011	0.5903	0.5102
0.0718	0.8190	12.7	0.3152	0.5903	0.5340
0.0718	0.8190	13.0	0.2684	0.5903	0.4547
0.0718	0.8190	13.4	0.2813	0.5903	0.4765
0.0718	0.8190	13.8	0.3392	0.5903	0.5746
0.0718	0.8190	14.1	0.2518	0.5903	0.4266
0.0718	0.8190	14.5	0.3851	0.5903	0.6525
0.0718	0.8190	14.9	0.3463	0.5903	0.5868
0.0718	0.8190	15.2	0.3700	0.5903	0.6268
0.0718	0.8190	15.6	0.4870	0.5903	0.8250
0.0718	0.8190	16.0	0.4765	0.5903	0.8073
0.0718	0.8190	16.3	0.5139	0.5903	0.8706
0.0718	0.8190	16.7	0.5896	0.5903	0.9988
0.0718	0.8190	17.1	0.4631	0.5903	0.7845
0.0718	0.8190	17.4	0.5414	0.5903	0.9172
0.0718	0.8190	17.8	0.5590	0.5903	0.9470
0.0718	0.8190	18.2	0.5209	0.5903	0.8825
0.0718	0.8190	18.5	0.4758	0.5903	0.8060
0.0718	0.8190	18.9	0.4695	0.5903	0.7953
0.0718	0.8190	19.3	0.5382	0.5903	0.9118
0.0718	0.8190	19.6	0.5368	0.5903	0.9094
0.0718	0.8190	20.0	0.5441	0.5903	0.9218
0.0764	0.8088	2.0	0.1180	0.5934	0.1988
0.0764	0.8088	2.4	0.1153	0.5934	0.1943
0.0764	0.8088	2.7	0.1337	0.5934	0.2253
0.0764	0.8088	3.1	0.1212	0.5934	0.2043
0.0764	0.8088	3.5	0.1169	0.5934	0.1970
0.0764	0.8088	3.8	0.1188	0.5934	0.2001
0.0764	0.8088	4.2	0.1249	0.5934	0.2104
0.0764	0.8088	4.6	0.1246	0.5934	0.2100
0.0764	0.8088	4.9	0.1353	0.5934	0.2280
0.0764	0.8088	5.3	0.1307	0.5934	0.2203
0.0764	0.8088	5.7	0.1570	0.5934	0.2646
0.0764	0.8088	6.0	0.1483	0.5934	0.2500
0.0764	0.8088	6.4	0.1521	0.5934	0.2563
0.0764	0.8088	6.8	0.1398	0.5934	0.2356
0.0764	0.8088	7.1	0.1636	0.5934	0.2757
0.0764	0.8088	7.5	0.2966	0.5934	0.4998
0.0764	0.8088	7.9	0.3246	0.5934	0.5470
0.0764	0.8088	8.2	0.2598	0.5934	0.4378
0.0764	0.8088	8.6	0.4083	0.5934	0.6880
0.0764	0.8088	9.0	0.4816	0.5934	0.8116
0.0764	0.8088	9.3	0.4159	0.5934	0.7009
0.0764	0.8088	9.7	0.4502	0.5934	0.7586
0.0764	0.8088	10.1	0.4217	0.5934	0.7107
0.0764	0.8088	10.4	0.4554	0.5934	0.7673
0.0764	0.8088	10.8	0.3646	0.5934	0.6144
0.0764	0.8088	11.2	0.3308	0.5934	0.5575
0.0764	0.8088	11.6	0.4584	0.5934	0.7725
0.0764	0.8088	11.9	0.3686	0.5934	0.6211
0.0764	0.8088	12.3	0.3700	0.5934	0.6235
0.0764	0.8088	12.7	0.3070	0.5934	0.5173
0.0764	0.8088	13.0	0.4302	0.5934	0.7249
0.0764	0.8088	13.4	0.3277	0.5934	0.5522
0.0764	0.8088	13.8	0.3308	0.5934	0.5574
0.0764	0.8088	14.1	0.2817	0.5934	0.4748
0.0764	0.8088	14.5	0.2429	0.5934	0.4094
0.0764	0.8088	14.9	0.3395	0.5934	0.5721
0.0764	0.8088	15.2	0.2760	0.5934	0.4651
0.0764	0.8088	15.6	0.4561	0.5934	0.7685
0.0764	0.8088	16.0	0.4174	0.5934	0.7033
0.0764	0.8088	16.3	0.4614	0.5934	0.7775
0.0764	0.8088	16.7	0.4231	0.5934	0.7130
0.0764	0.8088	17.1	0.4451	0.5934	0.7500
0.0764	0.8088	17.4	0.4216	0.5934	0.7104
0.0764	0.8088	17.8	0.3640	0.5934	0.6134
0.0764	0.8088	18.2	0.3107	0.5934	0.5235
0.0764	0.8088	18.5	0.4388	0.5934	0.7393
0.0764	0.8088	18.9	0.4307	0.5934	0.7257
0.0764	0.8088	19.3	0.4666	0.5934	0.7862
0.0764	0.8088	19.6	0.4206	0.5934	0.7087
0.0764	0.8088	20.0	0.4335	0.5934	0.7305
0.0811	0.7986	2.0	0.1239	0.6890	0.1799
0.0811	0.7986	2.4	0.1240	0.6890	0.1800
0.0811	0.7986	2.7	0.1199	0.6890	0.1740
0.0811	0.7986	3.1	0.1195	0.6890	0.1734
0.0811	0.7986	3.5	0.1212	0.6890	0.1759
0.0811	0.7986	3.8	0.1196	0.6890	0.1735
0.0811	0.7986	4.2	0.1313	0.6890	0.1906
0.0811	0.7986	4.6	0.1314	0.6890	0.1907
0.0811	0.7986	4.9	0.1368	0.6890	0.1985
0.0811	0.7986	5.3	0.1255	0.6890	0.1822
0.0811	0.7986	5.7	0.1288	0.6890	0.1870
0.0811	0.7986	6.0	0.1306	0.6890	0.1896
0.0811	0.7986	6.4	0.1316	0.6890	0.1910
0.0811	0.7986	6.8	0.1349	0.6890	0.1958
0.0811	0.7986	7.1	0.1332	0.6890	0.1933
0.0811	0.7986	7.5	0.1359	0.6890	0.1972
0.0811	0.7986	7.9	0.1569	0.6890	0.2277
0.0811	0.7986	8.2	0.1595	0.6890	0.2315
0.0811	0.7986	8.6	0.2193	0.6890	0.3182
0.0811	0.7986	9.0	0.2480	0.6890	0.3600
0.0811	0.7986	9.3	0.2607	0.6890	0.3784
0.0811	0.7986	9.7	0.3315	0.6890	0.4812
0.0811	0.7986	10.1	0.4250	0.6890	0.6168
0.0811	0.7986	10.4	0.4176	0.6890	0.6061
0.0811	0.7986	10.8	0.4683	0.6890	0.6797
0.0811	0.7986	11.2	0.4981	0.6890	0.7229
0.0811	0.7986	11.6	0.4378	0.6890	0.6354
0.0811	0.7986	11.9	0.4540	0.6890	0.6589
0.0811	0.7986	12.3	0.4511	0.6890	0.6547
0.0811	0.7986	12.7	0.5340	0.6890	0.7750
0.0811	0.7986	13.0	0.5647	0.6890	0.8197
0.0811	0.7986	13.4	0.5448	0.6890	0.7907
0.0811	0.7986	13.8	0.5756	0.6890	0.8354
0.0811	0.7986	14.1	0.5125	0.6890	0.7438
0.0811	0.7986	14.5	0.5156	0.6890	0.7483
0.0811	0.7986	14.9	0.4935	0.6890	0.7162
0.0811	0.7986	15.2	0.4740	0.6890	0.6879
0.0811	0.7986	15.6	0.5319	0.6890	0.7719
0.0811	0.7986	16.0	0.5359	0.6890	0.7779
0.0811	0.7986	16.3	0.5400	0.6890	0.7837
0.0811	0.7986	16.7	0.5315	0.6890	0.7714
0.0811	0.7986	17.1	0.5235	0.6890	0.7598
0.0811	0.7986	17.4	0.5067	0.6890	0.7354
0.0811	0.7986	17.8	0.4835	0.6890	0.7018
0.0811	0.7986	18.2	0.5679	0.6890	0.8242
0.0811	0.7986	18.5	0.5155	0.6890	0.7482
0.0811	0.7986	18.9	0.4694	0.6890	0.6812
0.0811	0.7986	19.3	0.4716	0.6890	0.6845
0.0811	0.7986	19.6	0.5434	0.6890	0.7887
0.0811	0.7986	20.0	0.4655	0.6890	0.6756
0.0858	0.7884	2.0	0.1136	0.7010	0.1620
0.0858	0.7884	2.4	0.1228	0.7010	0.1752
0.0858	0.7884	2.7	0.1234	0.7010	0.1761
0.0858	0.7884	3.1	0.1207	0.7010	0.1722
0.0858	0.7884	3.5	0.1246	0.7010	0.1777
0.0858	0.7884	3.8	0.1331	0.7010	0.1899
0.0858	0.7884	4.2	0.1405	0.7010	0.2004
0.0858	0.7884	4.6	0.1371	0.7010	0.1956
0.0858	0.7884	4.9	0.1387	0.7010	0.1978
0.0858	0.7884	5.3	0.1244	0.7010	0.1775
0.0858	0.7884	5.7	0.1358	0.7010	0.1937
0.0858	0.7884	6.0	0.1303	0.7010	0.1859
0.0858	0.7884	6.4	0.1361	0.7010	0.1941
0.0858	0.7884	6.8	0.1493	0.7010	0.2131
0.0858	0.7884	7.1	0.1862	0.7010	0.2656
0.0858	0.7884	7.5	0.1629	0.7010	0.2324
0.0858	0.7884	7.9	0.2915	0.7010	0.4159
0.0858	0.7884	8.2	0.2798	0.7010	0.3991
0.0858	0.7884	8.6	0.3019	0.7010	0.4306
0.0858	0.7884	9.0	0.2378	0.7010	0.3392
0.0858	0.7884	9.3	0.2642	0.7010	0.3769
0.0858	0.7884	9.7	0.2833	0.7010	0.4041
0.0858	0.7884	10.1	0.2713	0.7010	0.3870
0.0858	0.7884	10.4	0.2971	0.7010	0.4239
0.0858	0.7884	10.8	0.3261	0.7010	0.4652
0.0858	0.7884	11.2	0.2828	0.7010	0.4034
0.0858	0.7884	11.6	0.3103	0.7010	0.4427
0.0858	0.7884	11.9	0.3346	0.7010	0.4773
0.0858	0.7884	12.3	0.3945	0.7010	0.5627
0.0858	0.7884	12.7	0.3201	0.7010	0.4567
0.0858	0.7884	13.0	0.3460	0.7010	0.4935
0.0858	0.7884	13.4	0.3464	0.7010	0.4942
0.0858	0.7884	13.8	0.4365	0.7010	0.6227
0.0858	0.7884	14.1	0.3688	0.7010	0.5261
0.0858	0.7884	14.5	0.3320	0.7010	0.4737
0.0858	0.7884	14.9	0.4477	0.7010	0.6386
0.0858	0.7884	15.2	0.4645	0.7010	0.6627
0.0858	0.7884	15.6	0.3434	0.7010	0.4898
0.0858	0.7884	16.0	0.3660	0.7010	0.5221
0.0858	0.7884	16.3	0.4544	0.7010	0.6482
0.0858	0.7884	16.7	0.5708	0.7010	0.8143
0.0858	0.7884	17.1	0.4246	0.7010	0.6058
0.0858	0.7884	17.4	0.5235	0.7010	0.7468
0.0858	0.7884	17.8	0.4462	0.7010	0.6366
0.0858	0.7884	18.2	0.4338	0.7010	0.6189
0.0858	0.7884	18.5	0.3790	0.7010	0.5406
0.0858	0.7884	18.9	0.3947	0.7010	0.5630
0.0858	0.7884	19.3	0.3988	0.7010	0.5690
0.0858	0.7884	19.6	0.3288	0.7010	0.4690
0.0858	0.7884	20.0	0.3217	0.7010	0.4590
0.0904	0.7782	2.0	0.1265	0.4521	0.2797
0.0904	0.7782	2.4	0.1159	0.4521	0.2564
0.0904	0.7782	2.7	0.1217	0.4521	0.2692
0.0904	0.7782	3.1	0.1231	0.4521	0.2723
0.0904	0.7782	3.5	0.1242	0.4521	0.2746
0.0904	0.7782	3.8	0.1244	0.4521	0.2752
0.0904	0.7782	4.2	0.1271	0.4521	0.2810
0.0904	0.7782	4.6	0.1331	0.4521	0.2945
0.0904	0.7782	4.9	0.1849	0.4521	0.4090
0.0904	0.7782	5.3	0.1203	0.4521	0.2660
0.0904	0.7782	5.7	0.1432	0.4521	0.3166
0.0904	0.7782	6.0	0.1543	0.4521	0.3413
0.0904	0.7782	6.4	0.1439	0.4521	0.3182
0.0904	0.7782	6.8	0.0985	0.4521	0.2179
0.0904	0.7782	7.1	0.1227	0.4521	0.2714
0.0904	0.7782	7.5	0.1738	0.4521	0.3844
0.0904	0.7782	7.9	0.1819	0.4521	0.4023
0.0904	0.7782	8.2	0.1331	0.4521	0.2944
0.0904	0.7782	8.6	0.2404	0.4521	0.5316
0.0904	0.7782	9.0	0.2180	0.4521	0.4822
0.0904	0.7782	9.3	0.2701	0.4521	0.5974
0.0904	0.7782	9.7	0.2270	0.4521	0.5020
0.0904	0.7782	10.1	0.3055	0.4521	0.6758
0.0904	0.7782	10.4	0.2263	0.4521	0.5005
0.0904	0.7782	10.8	0.0784	0.4521	0.1734
0.0904	0.7782	11.2	0.1947	0.4521	0.4305
0.0904	0.7782	11.6	0.1575	0.4521	0.3484
0.0904	0.7782	11.9	0.1237	0.4521	0.2735
0.0904	0.7782	12.3	0.1888	0.4521	0.4175
0.0904	0.7782	12.7	0.1190	0.4521	0.2632
0.0904	0.7782	13.0	0.2662	0.4521	0.5888
0.0904	0.7782	13.4	0.2827	0.4521	0.6252
0.0904	0.7782	13.8	0.2416	0.4521	0.5344
0.0904	0.7782	14.1	0.3524	0.4521	0.7794
0.0904	0.7782	14.5	0.3731	0.4521	0.8252
0.0904	0.7782	14.9	0.3234	0.4521	0.7153
0.0904	0.7782	15.2	0.3557	0.4521	0.7868
0.0904	0.7782	15.6	0.3091	0.4521	0.6836
0.0904	0.7782	16.0	0.2733	0.4521	0.6045
0.0904	0.7782	16.3	0.2225	0.4521	0.4921
0.0904	0.7782	16.7	0.4868	0.4521	1.0768
0.0904	0.7782	17.1	0.3325	0.4521	0.7355
0.0904	0.7782	17.4	0.3233	0.4521	0.7151
0.0904	0.7782	17.8	0.3483	0.4521	0.7703
0.0904	0.7782	18.2	0.3631	0.4521	0.8031
0.0904	0.7782	18.5	0.4078	0.4521	0.9019
0.0904	0.7782	18.9	0.3706	0.4521	0.8197
0.0904	0.7782	19.3	0.3527	0.4521	0.7800
0.0904	0.7782	19.6	0.4916	0.4521	1.0874
0.0904	0.7782	20.0	0.4745	0.4521	1.0494
0.0949	0.7680	2.0	0.1256	0.6150	0.2043
0.0949	0.7680	2.4	0.1081	0.6150	0.1758
0.0949	0.7680	2.7	0.1109	0.6150	0.1804
0.0949	0.7680	3.1	0.1111	0.6150	0.1807
0.0949	0.7680	3.5	0.1313	0.6150	0.2135
0.0949	0.7680	3.8	0.1288	0.6150	0.2094
0.0949	0.7680	4.2	0.1317	0.6150	0.2142
0.0949	0.7680	4.6	0.1247	0.6150	0.2027
0.0949	0.7680	4.9	0.1270	0.6150	0.2064
0.0949	0.7680	5.3	0.1302	0.6150	0.2117
0.0949	0.7680	5.7	0.1312	0.6150	0.2134
0.0949	0.7680	6.0	0.1377	0.6150	0.2238
0.0949	0.7680	6.4	0.1417	0.6150	0.2305
0.0949	0.7680	6.8	0.1355	0.6150	0.2204
0.0949	0.7680	7.1	0.1343	0.6150	0.2183
0.0949	0.7680	7.5	0.1557	0.6150	0.2531
0.0949	0.7680	7.9	0.1863	0.6150	0.3030
0.0949	0.7680	8.2	0.2539	0.6150	0.4128
0.0949	0.7680	8.6	0.3531	0.6150	0.5741
0.0949	0.7680	9.0	0.3136	0.6150	0.5099
0.0949	0.7680	9.3	0.2968	0.6150	0.4826
0.0949	0.7680	9.7	0.3744	0.6150	0.6088
0.0949	0.7680	10.1	0.3639	0.6150	0.5916
0.0949	0.7680	10.4	0.3042	0.6150	0.4947
0.0949	0.7680	10.8	0.3785	0.6150	0.6154
0.0949	0.7680	11.2	0.3020	0.6150	0.4911
0.0949	0.7680	11.6	0.4935	0.6150	0.8025
0.0949	0.7680	11.9	0.5085	0.6150	0.8268
0.0949	0.7680	12.3	0.4894	0.6150	0.7958
0.0949	0.7680	12.7	0.4510	0.6150	0.7333
0.0949	0.7680	13.0	0.4720	0.6150	0.7676
0.0949	0.7680	13.4	0.4643	0.6150	0.7550
0.0949	0.7680	13.8	0.4145	0.6150	0.6740
0.0949	0.7680	14.1	0.4809	0.6150	0.7819
0.0949	0.7680	14.5	0.4990	0.6150	0.8114
0.0949	0.7680	14.9	0.5024	0.6150	0.8168
0.0949	0.7680	15.2	0.4999	0.6150	0.8128
0.0949	0.7680	15.6	0.5147	0.6150	0.8370
0.0949	0.7680	16.0	0.3929	0.6150	0.6389
0.0949	0.7680	16.3	0.5214	0.6150	0.8479
0.0949	0.7680	16.7	0.4222	0.6150	0.6865
0.0949	0.7680	17.1	0.4968	0.6150	0.8077
0.0949	0.7680	17.4	0.4031	0.6150	0.6554
0.0949	0.7680	17.8	0.5234	0.6150	0.8511
0.0949	0.7680	18.2	0.4671	0.6150	0.7595
0.0949	0.7680	18.5	0.5213	0.6150	0.8476
0.0949	0.7680	18.9	0.4652	0.6150	0.7564
0.0949	0.7680	19.3	0.4865	0.6150	0.7910
0.0949	0.7680	19.6	0.5094	0.6150	0.8282
0.0949	0.7680	20.0	0.4560	0.6150	0.7414
0.0992	0.7578	2.0	0.1498	0.6020	0.2489
0.0992	0.7578	2.4	0.1190	0.6020	0.1977
0.0992	0.7578	2.7	0.1524	0.6020	0.2532
0.0992	0.7578	3.1	0.1288	0.6020	0.2140
0.0992	0.7578	3.5	0.1191	0.6020	0.1979
0.0992	0.7578	3.8	0.1526	0.6020	0.2534
0.0992	0.7578	4.2	0.1274	0.6020	0.2116
0.0992	0.7578	4.6	0.1241	0.6020	0.2061
0.0992	0.7578	4.9	0.1248	0.6020	0.2073
0.0992	0.7578	5.3	0.1240	0.6020	0.2060
0.0992	0.7578	5.7	0.1120	0.6020	0.1861
0.0992	0.7578	6.0	0.1326	0.6020	0.2202
0.0992	0.7578	6.4	0.1240	0.6020	0.2059
0.0992	0.7578	6.8	0.1409	0.6020	0.2341
0.0992	0.7578	7.1	0.1556	0.6020	0.2584
0.0992	0.7578	7.5	0.1662	0.6020	0.2760
0.0992	0.7578	7.9	0.2141	0.6020	0.3556
0.0992	0.7578	8.2	0.2568	0.6020	0.4265
0.0992	0.7578	8.6	0.2920	0.6020	0.4851
0.0992	0.7578	9.0	0.2025	0.6020	0.3364
0.0992	0.7578	9.3	0.2608	0.6020	0.4331
0.0992	0.7578	9.7	0.0907	0.6020	0.1507
0.0992	0.7578	10.1	0.2508	0.6020	0.4166
0.0992	0.7578	10.4	0.2339	0.6020	0.3885
0.0992	0.7578	10.8	0.4341	0.6020	0.7210
0.0992	0.7578	11.2	0.2106	0.6020	0.3498
0.0992	0.7578	11.6	0.3073	0.6020	0.5105
0.0992	0.7578	11.9	0.2646	0.6020	0.4394
0.0992	0.7578	12.3	0.2854	0.6020	0.4741
0.0992	0.7578	12.7	0.3370	0.6020	0.5598
0.0992	0.7578	13.0	0.3795	0.6020	0.6304
0.0992	0.7578	13.4	0.3339	0.6020	0.5545
0.0992	0.7578	13.8	0.3270	0.6020	0.5432
0.0992	0.7578	14.1	0.4545	0.6020	0.7549
0.0992	0.7578	14.5	0.2473	0.6020	0.4108
0.0992	0.7578	14.9	0.2704	0.6020	0.4492
0.0992	0.7578	15.2	0.2431	0.6020	0.4037
0.0992	0.7578	15.6	0.2616	0.6020	0.4346
0.0992	0.7578	16.0	0.2871	0.6020	0.4769
0.0992	0.7578	16.3	0.2897	0.6020	0.4812
0.0992	0.7578	16.7	0.3949	0.6020	0.6559
0.0992	0.7578	17.1	0.2963	0.6020	0.4922
0.0992	0.7578	17.4	0.3572	0.6020	0.5932
0.0992	0.7578	17.8	0.3657	0.6020	0.6074
0.0992	0.7578	18.2	0.3036	0.6020	0.5043
0.0992	0.7578	18.5	0.2259	0.6020	0.3752
0.0992	0.7578	18.9	0.3478	0.6020	0.5777
0.0992	0.7578	19.3	0.3129	0.6020	0.5198
0.0992	0.7578	19.6	0.4215	0.6020	0.7001
0.0992	0.7578	20.0	0.3647	0.6020	0.6057
0.1031	0.7476	2.0	0.1218	0.5041	0.2416
0.1031	0.7476	2.4	0.1350	0.5041	0.2679
0.1031	0.7476	2.7	0.1357	0.5041	0.2692
0.1031	0.7476	3.1	0.1378	0.5041	0.2733
0.1031	0.7476	3.5	0.1329	0.5041	0.2636
0.1031	0.7476	3.8	0.1362	0.5041	0.2701
0.1031	0.7476	4.2	0.1357	0.5041	0.2691
0.1031	0.7476	4.6	0.1322	0.5041	0.2622
0.1031	0.7476	4.9	0.1361	0.5041	0.2699
0.1031	0.7476	5.3	0.1386	0.5041	0.2750
0.1031	0.7476	5.7	0.1390	0.5041	0.2758
0.1031	0.7476	6.0	0.1479	0.5041	0.2933
0.1031	0.7476	6.4	0.1453	0.5041	0.2883
0.1031	0.7476	6.8	0.1596	0.5041	0.3165
0.1031	0.7476	7.1	0.1664	0.5041	0.3300
0.1031	0.7476	7.5	0.1860	0.5041	0.3690
0.1031	0.7476	7.9	0.2823	0.5041	0.5600
0.1031	0.7476	8.2	0.2948	0.5041	0.5847
0.1031	0.7476	8.6	0.2563	0.5041	0.5084
0.1031	0.7476	9.0	0.2014	0.5041	0.3994
0.1031	0.7476	9.3	0.2173	0.5041	0.4310
0.1031	0.7476	9.7	0.2093	0.5041	0.4152
0.1031	0.7476	10.1	0.3380	0.5041	0.6704
0.1031	0.7476	10.4	0.2748	0.5041	0.5451
0.1031	0.7476	10.8	0.1977	0.5041	0.3921
0.1031	0.7476	11.2	0.2272	0.5041	0.4506
0.1031	0.7476	11.6	0.2806	0.5041	0.5567
0.1031	0.7476	11.9	0.3366	0.5041	0.6677
0.1031	0.7476	12.3	0.3233	0.5041	0.6413
0.1031	0.7476	12.7	0.3471	0.5041	0.6884
0.1031	0.7476	13.0	0.2482	0.5041	0.4924
0.1031	0.7476	13.4	0.2866	0.5041	0.5684
0.1031	0.7476	13.8	0.1499	0.5041	0.2972
0.1031	0.7476	14.1	0.3109	0.5041	0.6167
0.1031	0.7476	14.5	0.3392	0.5041	0.6729
0.1031	0.7476	14.9	0.1592	0.5041	0.3157
0.1031	0.7476	15.2	0.2891	0.5041	0.5734
0.1031	0.7476	15.6	0.2559	0.5041	0.5075
0.1031	0.7476	16.0	0.3445	0.5041	0.6834
0.1031	0.7476	16.3	0.3359	0.5041	0.6664
0.1031	0.7476	16.7	0.2434	0.5041	0.4828
0.1031	0.7476	17.1	0.2223	0.5041	0.4410
0.1031	0.7476	17.4	0.3712	0.5041	0.7363
0.1031	0.7476	17.8	0.1460	0.5041	0.2896
0.1031	0.7476	18.2	0.2142	0.5041	0.4248
0.1031	0.7476	18.5	0.3342	0.5041	0.6629
0.1031	0.7476	18.9	0.3987	0.5041	0.7908
0.1031	0.7476	19.3	0.3191	0.5041	0.6329
0.1031	0.7476	19.6	0.3268	0.5041	0.6482
0.1031	0.7476	20.0	0.3490	0.5041	0.6922
0.1070	0.7373	2.0	0.1239	0.5313	0.2333
0.1070	0.7373	2.4	0.1284	0.5313	0.2416
0.1070	0.7373	2.7	0.1233	0.5313	0.2322
0.1070	0.7373	3.1	0.1299	0.5313	0.2445
0.1070	0.7373	3.5	0.1283	0.5313	0.2416
0.1070	0.7373	3.8	0.1184	0.5313	0.2230
0.1070	0.7373	4.2	0.1225	0.5313	0.2305
0.1070	0.7373	4.6	0.1212	0.5313	0.2282
0.1070	0.7373	4.9	0.1379	0.5313	0.2596
0.1070	0.7373	5.3	0.1304	0.5313	0.2455
0.1070	0.7373	5.7	0.1332	0.5313	0.2507
0.1070	0.7373	6.0	0.1282	0.5313	0.2412
0.1070	0.7373	6.4	0.1268	0.5313	0.2387
0.1070	0.7373	6.8	0.1393	0.5313	0.2622
0.1070	0.7373	7.1	0.1522	0.5313	0.2864
0.1070	0.7373	7.5	0.1668	0.5313	0.3140
0.1070	0.7373	7.9	0.1518	0.5313	0.2858
0.1070	0.7373	8.2	0.1825	0.5313	0.3435
0.1070	0.7373	8.6	0.2453	0.5313	0.4618
0.1070	0.7373	9.0	0.2822	0.5313	0.5313
0.1070	0.7373	9.3	0.3103	0.5313	0.5840
0.1070	0.7373	9.7	0.2735	0.5313	0.5148
0.1070	0.7373	10.1	0.3686	0.5313	0.6939
0.1070	0.7373	10.4	0.3967	0.5313	0.7468
0.1070	0.7373	10.8	0.4558	0.5313	0.8579
0.1070	0.7373	11.2	0.4470	0.5313	0.8414
0.1070	0.7373	11.6	0.3379	0.5313	0.6361
0.1070	0.7373	11.9	0.3813	0.5313	0.7177
0.1070	0.7373	12.3	0.4692	0.5313	0.8831
0.1070	0.7373	12.7	0.3927	0.5313	0.7391
0.1070	0.7373	13.0	0.4602	0.5313	0.8662
0.1070	0.7373	13.4	0.4276	0.5313	0.8048
0.1070	0.7373	13.8	0.5211	0.5313	0.9809
0.1070	0.7373	14.1	0.4275	0.5313	0.8048
0.1070	0.7373	14.5	0.3669	0.5313	0.6905
0.1070	0.7373	14.9	0.4214	0.5313	0.7932
0.1070	0.7373	15.2	0.3853	0.5313	0.7253
0.1070	0.7373	15.6	0.4325	0.5313	0.8141
0.1070	0.7373	16.0	0.3576	0.5313	0.6732
0.1070	0.7373	16.3	0.3809	0.5313	0.7169
0.1070	0.7373	16.7	0.3794	0.5313	0.7142
0.1070	0.7373	17.1	0.5068	0.5313	0.9540
0.1070	0.7373	17.4	0.4296	0.5313	0.8087
0.1070	0.7373	17.8	0.4927	0.5313	0.9274
0.1070	0.7373	18.2	0.4358	0.5313	0.8203
0.1070	0.7373	18.5	0.4049	0.5313	0.7621
0.1070	0.7373	18.9	0.4424	0.5313	0.8328
0.1070	0.7373	19.3	0.4793	0.5313	0.9023
0.1070	0.7373	19.6	0.4999	0.5313	0.9410
0.1070	0.7373	20.0	0.3611	0.5313	0.6796
0.1109	0.7271	2.0	0.1376	0.7198	0.1911
0.1109	0.7271	2.4	0.1405	0.7198	0.1952
0.1109	0.7271	2.7	0.1235	0.7198	0.1716
0.1109	0.7271	3.1	0.1164	0.7198	0.1616
0.1109	0.7271	3.5	0.1150	0.7198	0.1597
0.1109	0.7271	3.8	0.1345	0.7198	0.1869
0.1109	0.7271	4.2	0.1151	0.7198	0.1599
0.1109	0.7271	4.6	0.1341	0.7198	0.1864
0.1109	0.7271	4.9	0.1113	0.7198	0.1546
0.1109	0.7271	5.3	0.1228	0.7198	0.1706
0.1109	0.7271	5.7	0.1250	0.7198	0.1737
0.1109	0.7271	6.0	0.1305	0.7198	0.1813
0.1109	0.7271	6.4	0.1247	0.7198	0.1732
0.1109	0.7271	6.8	0.1320	0.7198	0.1834
0.1109	0.7271	7.1	0.1326	0.7198	0.1842
0.1109	0.7271	7.5	0.1409	0.7198	0.1957
0.1109	0.7271	7.9	0.1499	0.7198	0.2082
0.1109	0.7271	8.2	0.1559	0.7198	0.2166
0.1109	0.7271	8.6	0.1897	0.7198	0.2635
0.1109	0.7271	9.0	0.2046	0.7198	0.2843
0.1109	0.7271	9.3	0.2732	0.7198	0.3795
0.1109	0.7271	9.7	0.2773	0.7198	0.3852
0.1109	0.7271	10.1	0.3138	0.7198	0.4359
0.1109	0.7271	10.4	0.3211	0.7198	0.4461
0.1109	0.7271	10.8	0.4152	0.7198	0.5768
0.1109	0.7271	11.2	0.4770	0.7198	0.6627
0.1109	0.7271	11.6	0.4717	0.7198	0.6553
0.1109	0.7271	11.9	0.1016	0.7198	0.1412
0.1109	0.7271	12.3	0.1194	0.7198	0.1658
0.1109	0.7271	12.7	0.1234	0.7198	0.1715
0.1109	0.7271	13.0	0.2047	0.7198	0.2844
0.1109	0.7271	13.4	0.2710	0.7198	0.3765
0.1109	0.7271	13.8	0.3423	0.7198	0.4755
0.1109	0.7271	14.1	0.4065	0.7198	0.5648
0.1109	0.7271	14.5	0.2910	0.7198	0.4043
0.1109	0.7271	14.9	0.2929	0.7198	0.4069
0.1109	0.7271	15.2	0.3279	0.7198	0.4555
0.1109	0.7271	15.6	0.3726	0.7198	0.5176
0.1109	0.7271	16.0	0.3671	0.7198	0.5100
0.1109	0.7271	16.3	0.3956	0.7198	0.5496
0.1109	0.7271	16.7	0.4624	0.7198	0.6424
0.1109	0.7271	17.1	0.4027	0.7198	0.5594
0.1109	0.7271	17.4	0.3552	0.7198	0.4934
0.1109	0.7271	17.8	0.4320	0.7198	0.6001
0.1109	0.7271	18.2	0.4481	0.7198	0.6226
0.1109	0.7271	18.5	0.3972	0.7198	0.5518
0.1109	0.7271	18.9	0.4183	0.7198	0.5811
0.1109	0.7271	19.3	0.4466	0.7198	0.6204
0.1109	0.7271	19.6	0.4207	0.7198	0.5844
0.1109	0.7271	20.0	0.4099	0.7198	0.5694
0.1146	0.7169	2.0	0.1124	0.5567	0.2019
0.1146	0.7169	2.4	0.1148	0.5567	0.2062
0.1146	0.7169	2.7	0.1157	0.5567	0.2078
0.1146	0.7169	3.1	0.1152	0.5567	0.2070
0.1146	0.7169	3.5	0.1221	0.5567	0.2192
0.1146	0.7169	3.8	0.1390	0.5567	0.2497
0.1146	0.7169	4.2	0.1164	0.5567	0.2091
0.1146	0.7169	4.6	0.1448	0.5567	0.2601
0.1146	0.7169	4.9	0.1231	0.5567	0.2211
0.1146	0.7169	5.3	0.1474	0.5567	0.2647
0.1146	0.7169	5.7	0.1410	0.5567	0.2533
0.1146	0.7169	6.0	0.1301	0.5567	0.2338
0.1146	0.7169	6.4	0.1409	0.5567	0.2531
0.1146	0.7169	6.8	0.1355	0.5567	0.2434
0.1146	0.7169	7.1	0.1428	0.5567	0.2565
0.1146	0.7169	7.5	0.1477	0.5567	0.2653
0.1146	0.7169	7.9	0.1644	0.5567	0.2953
0.1146	0.7169	8.2	0.1872	0.5567	0.3363
0.1146	0.7169	8.6	0.2793	0.5567	0.5017
0.1146	0.7169	9.0	0.2751	0.5567	0.4941
0.1146	0.7169	9.3	0.3600	0.5567	0.6465
0.1146	0.7169	9.7	0.2753	0.5567	0.4944
0.1146	0.7169	10.1	0.4327	0.5567	0.7773
0.1146	0.7169	10.4	0.4336	0.5567	0.7788
0.1146	0.7169	10.8	0.4881	0.5567	0.8767
0.1146	0.7169	11.2	0.4394	0.5567	0.7892
0.1146	0.7169	11.6	0.4132	0.5567	0.7422
0.1146	0.7169	11.9	0.4399	0.5567	0.7902
0.1146	0.7169	12.3	0.4359	0.5567	0.7829
0.1146	0.7169	12.7	0.3099	0.5567	0.5567
0.1146	0.7169	13.0	0.3073	0.5567	0.5520
0.1146	0.7169	13.4	0.3041	0.5567	0.5462
0.1146	0.7169	13.8	0.3587	0.5567	0.6443
0.1146	0.7169	14.1	0.3423	0.5567	0.6149
0.1146	0.7169	14.5	0.3733	0.5567	0.6706
0.1146	0.7169	14.9	0.4440	0.5567	0.7974
0.1146	0.7169	15.2	0.3622	0.5567	0.6507
0.1146	0.7169	15.6	0.4337	0.5567	0.7791
0.1146	0.7169	16.0	0.5056	0.5567	0.9082
0.1146	0.7169	16.3	0.4719	0.5567	0.8476
0.1146	0.7169	16.7	0.4127	0.5567	0.7413
0.1146	0.7169	17.1	0.4343	0.5567	0.7802
0.1146	0.7169	17.4	0.5026	0.5567	0.9027
0.1146	0.7169	17.8	0.5288	0.5567	0.9498
0.1146	0.7169	18.2	0.4589	0.5567	0.8244
0.1146	0.7169	18.5	0.5453	0.5567	0.9795
0.1146	0.7169	18.9	0.3729	0.5567	0.6698
0.1146	0.7169	19.3	0.3726	0.5567	0.6693
0.1146	0.7169	19.6	0.5330	0.5567	0.9574
0.1146	0.7169	20.0	0.4172	0.5567	0.7493
0.1184	0.7067	2.0	0.1132	0.5318	0.2128
0.1184	0.7067	2.4	0.1162	0.5318	0.2185
0.1184	0.7067	2.7	0.1450	0.5318	0.2726
0.1184	0.7067	3.1	0.1420	0.5318	0.2670
0.1184	0.7067	3.5	0.1430	0.5318	0.2689
0.1184	0.7067	3.8	0.1428	0.5318	0.2685
0.1184	0.7067	4.2	0.1239	0.5318	0.2330
0.1184	0.7067	4.6	0.1230	0.5318	0.2312
0.1184	0.7067	4.9	0.1242	0.5318	0.2335
0.1184	0.7067	5.3	0.1237	0.5318	0.2326
0.1184	0.7067	5.7	0.1252	0.5318	0.2355
0.1184	0.7067	6.0	0.1228	0.5318	0.2309
0.1184	0.7067	6.4	0.1349	0.5318	0.2537
0.1184	0.7067	6.8	0.1365	0.5318	0.2567
0.1184	0.7067	7.1	0.1397	0.5318	0.2626
0.1184	0.7067	7.5	0.1529	0.5318	0.2874
0.1184	0.7067	7.9	0.1550	0.5318	0.2914
0.1184	0.7067	8.2	0.1716	0.5318	0.3226
0.1184	0.7067	8.6	0.2589	0.5318	0.4869
0.1184	0.7067	9.0	0.2312	0.5318	0.4347
0.1184	0.7067	9.3	0.2461	0.5318	0.4627
0.1184	0.7067	9.7	0.1621	0.5318	0.3049
0.1184	0.7067	10.1	0.2624	0.5318	0.4933
0.1184	0.7067	10.4	0.1809	0.5318	0.3401
0.1184	0.7067	10.8	0.3590	0.5318	0.6750
0.1184	0.7067	11.2	0.3402	0.5318	0.6397
0.1184	0.7067	11.6	0.2673	0.5318	0.5026
0.1184	0.7067	11.9	0.3172	0.5318	0.5964
0.1184	0.7067	12.3	0.2640	0.5318	0.4965
0.1184	0.7067	12.7	0.1753	0.5318	0.3296
0.1184	0.7067	13.0	0.2434	0.5318	0.4576
0.1184	0.7067	13.4	0.2745	0.5318	0.5161
0.1184	0.7067	13.8	0.2649	0.5318	0.4981
0.1184	0.7067	14.1	0.2360	0.5318	0.4437
0.1184	0.7067	14.5	0.3556	0.5318	0.6686
0.1184	0.7067	14.9	0.3968	0.5318	0.7461
0.1184	0.7067	15.2	0.3929	0.5318	0.7388
0.1184	0.7067	15.6	0.3176	0.5318	0.5972
0.1184	0.7067	16.0	0.2950	0.5318	0.5547
0.1184	0.7067	16.3	0.2317	0.5318	0.4357
0.1184	0.7067	16.7	0.3380	0.5318	0.6356
0.1184	0.7067	17.1	0.3758	0.5318	0.7066
0.1184	0.7067	17.4	0.3661	0.5318	0.6884
0.1184	0.7067	17.8	0.2426	0.5318	0.4561
0.1184	0.7067	18.2	0.3631	0.5318	0.6827
0.1184	0.7067	18.5	0.2684	0.5318	0.5047
0.1184	0.7067	18.9	0.4085	0.5318	0.7680
0.1184	0.7067	19.3	0.4398	0.5318	0.8270
0.1184	0.7067	19.6	0.5060	0.5318	0.9513
0.1184	0.7067	20.0	0.4689	0.5318	0.8816
0.1222	0.6965	2.0	0.1324	0.4519	0.2930
0.1222	0.6965	2.4	0.1273	0.4519	0.2817
0.1222	0.6965	2.7	0.1411	0.4519	0.3122
0.1222	0.6965	3.1	0.1321	0.4519	0.2923
0.1222	0.6965	3.5	0.1137	0.4519	0.2516
0.1222	0.6965	3.8	0.1347	0.4519	0.2982
0.1222	0.6965	4.2	0.1207	0.4519	0.2671
0.1222	0.6965	4.6	0.1343	0.4519	0.2973
0.1222	0.6965	4.9	0.1362	0.4519	0.3015
0.1222	0.6965	5.3	0.1484	0.4519	0.3284
0.1222	0.6965	5.7	0.1353	0.4519	0.2993
0.1222	0.6965	6.0	0.1375	0.4519	0.3043
0.1222	0.6965	6.4	0.1513	0.4519	0.3349
0.1222	0.6965	6.8	0.1451	0.4519	0.3212
0.1222	0.6965	7.1	0.1568	0.4519	0.3469
0.1222	0.6965	7.5	0.1635	0.4519	0.3618
0.1222	0.6965	7.9	0.3060	0.4519	0.6771
0.1222	0.6965	8.2	0.2483	0.4519	0.5496
0.1222	0.6965	8.6	0.2087	0.4519	0.4619
0.1222	0.6965	9.0	0.1877	0.4519	0.4153
0.1222	0.6965	9.3	0.1530	0.4519	0.3385
0.1222	0.6965	9.7	0.1480	0.4519	0.3275
0.1222	0.6965	10.1	0.1471	0.4519	0.3255
0.1222	0.6965	10.4	0.2613	0.4519	0.5782
0.1222	0.6965	10.8	0.1807	0.4519	0.3999
0.1222	0.6965	11.2	0.2374	0.4519	0.5254
0.1222	0.6965	11.6	0.2495	0.4519	0.5522
0.1222	0.6965	11.9	0.2892	0.4519	0.6401
0.1222	0.6965	12.3	0.2798	0.4519	0.6192
0.1222	0.6965	12.7	0.2459	0.4519	0.5441
0.1222	0.6965	13.0	0.2602	0.4519	0.5758
0.1222	0.6965	13.4	0.2175	0.4519	0.4814
0.1222	0.6965	13.8	0.1928	0.4519	0.4267
0.1222	0.6965	14.1	0.2287	0.4519	0.5060
0.1222	0.6965	14.5	0.2131	0.4519	0.4716
0.1222	0.6965	14.9	0.2087	0.4519	0.4619
0.1222	0.6965	15.2	0.2659	0.4519	0.5884
0.1222	0.6965	15.6	0.1395	0.4519	0.3087
0.1222	0.6965	16.0	0.3301	0.4519	0.7306
0.1222	0.6965	16.3	0.1561	0.4519	0.3454
0.1222	0.6965	16.7	0.2476	0.4519	0.5480
0.1222	0.6965	17.1	0.1722	0.4519	0.3810
0.1222	0.6965	17.4	0.1708	0.4519	0.3779
0.1222	0.6965	17.8	0.2700	0.4519	0.5976
0.1222	0.6965	18.2	0.2472	0.4519	0.5470
0.1222	0.6965	18.5	0.1579	0.4519	0.3495
0.1222	0.6965	18.9	0.2319	0.4519	0.5132
0.1222	0.6965	19.3	0.2894	0.4519	0.6404
0.1222	0.6965	19.6	0.3057	0.4519	0.6764
0.1222	0.6965	20.0	0.1499	0.4519	0.3317
0.1265	0.6863	2.0	0.1396	0.6123	0.2281
0.1265	0.6863	2.4	0.1412	0.6123	0.2306
0.1265	0.6863	2.7	0.1401	0.6123	0.2288
0.1265	0.6863	3.1	0.1226	0.6123	0.2002
0.1265	0.6863	3.5	0.1210	0.6123	0.1977
0.1265	0.6863	3.8	0.1280	0.6123	0.2091
0.1265	0.6863	4.2	0.1236	0.6123	0.2018
0.1265	0.6863	4.6	0.1218	0.6123	0.1990
0.1265	0.6863	4.9	0.1255	0.6123	0.2049
0.1265	0.6863	5.3	0.1245	0.6123	0.2033
0.1265	0.6863	5.7	0.1241	0.6123	0.2026
0.1265	0.6863	6.0	0.1334	0.6123	0.2178
0.1265	0.6863	6.4	0.1367	0.6123	0.2232
0.1265	0.6863	6.8	0.1452	0.6123	0.2371
0.1265	0.6863	7.1	0.1466	0.6123	0.2395
0.1265	0.6863	7.5	0.1375	0.6123	0.2245
0.1265	0.6863	7.9	0.1430	0.6123	0.2335
0.1265	0.6863	8.2	0.1511	0.6123	0.2468
0.1265	0.6863	8.6	0.1596	0.6123	0.2606
0.1265	0.6863	9.0	0.1831	0.6123	0.2991
0.1265	0.6863	9.3	0.2553	0.6123	0.4169
0.1265	0.6863	9.7	0.3041	0.6123	0.4967
0.1265	0.6863	10.1	0.2860	0.6123	0.4671
0.1265	0.6863	10.4	0.2925	0.6123	0.4777
0.1265	0.6863	10.8	0.2285	0.6123	0.3732
0.1265	0.6863	11.2	0.1629	0.6123	0.2660
0.1265	0.6863	11.6	0.1647	0.6123	0.2689
0.1265	0.6863	11.9	0.1197	0.6123	0.1954
0.1265	0.6863	12.3	0.1166	0.6123	0.1905
0.1265	0.6863	12.7	0.2030	0.6123	0.3315
0.1265	0.6863	13.0	0.1567	0.6123	0.2560
0.1265	0.6863	13.4	0.1812	0.6123	0.2960
0.1265	0.6863	13.8	0.1337	0.6123	0.2183
0.1265	0.6863	14.1	0.1853	0.6123	0.3026
0.1265	0.6863	14.5	0.1429	0.6123	0.2334
0.1265	0.6863	14.9	0.2454	0.6123	0.4007
0.1265	0.6863	15.2	0.2656	0.6123	0.4337
0.1265	0.6863	15.6	0.2539	0.6123	0.4147
0.1265	0.6863	16.0	0.3548	0.6123	0.5794
0.1265	0.6863	16.3	0.2536	0.6123	0.4141
0.1265	0.6863	16.7	0.3067	0.6123	0.5010
0.1265	0.6863	17.1	0.2127	0.6123	0.3474
0.1265	0.6863	17.4	0.3706	0.6123	0.6053
0.1265	0.6863	17.8	0.3196	0.6123	0.5220
0.1265	0.6863	18.2	0.3459	0.6123	0.5650
0.1265	0.6863	18.5	0.3252	0.6123	0.5311
0.1265	0.6863	18.9	0.3896	0.6123	0.6362
0.1265	0.6863	19.3	0.4676	0.6123	0.7637
0.1265	0.6863	19.6	0.3674	0.6123	0.6000
0.1265	0.6863	20.0	0.3275	0.6123	0.5348
0.1310	0.6761	2.0	0.1283	0.7118	0.1803
0.1310	0.6761	2.4	0.1185	0.7118	0.1665
0.1310	0.6761	2.7	0.1238	0.7118	0.1740
0.1310	0.6761	3.1	0.1206	0.7118	0.1694
0.1310	0.6761	3.5	0.1442	0.7118	0.2026
0.1310	0.6761	3.8	0.1298	0.7118	0.1824
0.1310	0.6761	4.2	0.1248	0.7118	0.1754
0.1310	0.6761	4.6	0.1318	0.7118	0.1851
0.1310	0.6761	4.9	0.1196	0.7118	0.1681
0.1310	0.6761	5.3	0.1205	0.7118	0.1694
0.1310	0.6761	5.7	0.1262	0.7118	0.1773
0.1310	0.6761	6.0	0.1264	0.7118	0.1775
0.1310	0.6761	6.4	0.1295	0.7118	0.1819
0.1310	0.6761	6.8	0.1233	0.7118	0.1732
0.1310	0.6761	7.1	0.1300	0.7118	0.1826
0.1310	0.6761	7.5	0.1443	0.7118	0.2027
0.1310	0.6761	7.9	0.1457	0.7118	0.2047
0.1310	0.6761	8.2	0.1454	0.7118	0.2043
0.1310	0.6761	8.6	0.1496	0.7118	0.2102
0.1310	0.6761	9.0	0.1607	0.7118	0.2258
0.1310	0.6761	9.3	0.1764	0.7118	0.2478
0.1310	0.6761	9.7	0.2047	0.7118	0.2876
0.1310	0.6761	10.1	0.2331	0.7118	0.3275
0.1310	0.6761	10.4	0.2820	0.7118	0.3961
0.1310	0.6761	10.8	0.3514	0.7118	0.4937
0.1310	0.6761	11.2	0.3789	0.7118	0.5323
0.1310	0.6761	11.6	0.3991	0.7118	0.5607
0.1310	0.6761	11.9	0.4482	0.7118	0.6298
0.1310	0.6761	12.3	0.5150	0.7118	0.7236
0.1310	0.6761	12.7	0.5417	0.7118	0.7611
0.1310	0.6761	13.0	0.5523	0.7118	0.7759
0.1310	0.6761	13.4	0.5395	0.7118	0.7579
0.1310	0.6761	13.8	0.5474	0.7118	0.7690
0.1310	0.6761	14.1	0.5254	0.7118	0.7381
0.1310	0.6761	14.5	0.5930	0.7118	0.8332
0.1310	0.6761	14.9	0.5943	0.7118	0.8350
0.1310	0.6761	15.2	0.5952	0.7118	0.8363
0.1310	0.6761	15.6	0.5104	0.7118	0.7171
0.1310	0.6761	16.0	0.5648	0.7118	0.7936
0.1310	0.6761	16.3	0.5611	0.7118	0.7883
0.1310	0.6761	16.7	0.5583	0.7118	0.7844
0.1310	0.6761	17.1	0.5797	0.7118	0.8145
0.1310	0.6761	17.4	0.5621	0.7118	0.7898
0.1310	0.6761	17.8	0.5644	0.7118	0.7929
0.1310	0.6761	18.2	0.5397	0.7118	0.7582
0.1310	0.6761	18.5	0.5562	0.7118	0.7815
0.1310	0.6761	18.9	0.5636	0.7118	0.7918
0.1310	0.6761	19.3	0.5718	0.7118	0.8034
0.1310	0.6761	19.6	0.5405	0.7118	0.7594
0.1310	0.6761	20.0	0.5616	0.7118	0.7890
0.1358	0.6659	2.0	0.1156	0.6530	0.1771
0.1358	0.6659	2.4	0.1193	0.6530	0.1827
0.1358	0.6659	2.7	0.1247	0.6530	0.1910
0.1358	0.6659	3.1	0.1227	0.6530	0.1879
0.1358	0.6659	3.5	0.1238	0.6530	0.1895
0.1358	0.6659	3.8	0.1144	0.6530	0.1752
0.1358	0.6659	4.2	0.1192	0.6530	0.1826
0.1358	0.6659	4.6	0.1176	0.6530	0.1801
0.1358	0.6659	4.9	0.1161	0.6530	0.1778
0.1358	0.6659	5.3	0.1287	0.6530	0.1972
0.1358	0.6659	5.7	0.1301	0.6530	0.1992
0.1358	0.6659	6.0	0.1360	0.6530	0.2083
0.1358	0.6659	6.4	0.1392	0.6530	0.2132
0.1358	0.6659	6.8	0.1363	0.6530	0.2087
0.1358	0.6659	7.1	0.1369	0.6530	0.2096
0.1358	0.6659	7.5	0.1443	0.6530	0.2211
0.1358	0.6659	7.9	0.1422	0.6530	0.2177
0.1358	0.6659	8.2	0.1650	0.6530	0.2526
0.1358	0.6659	8.6	0.1634	0.6530	0.2502
0.1358	0.6659	9.0	0.1727	0.6530	0.2645
0.1358	0.6659	9.3	0.2892	0.6530	0.4429
0.1358	0.6659	9.7	0.2466	0.6530	0.3776
0.1358	0.6659	10.1	0.1984	0.6530	0.3038
0.1358	0.6659	10.4	0.1628	0.6530	0.2493
0.1358	0.6659	10.8	0.1461	0.6530	0.2238
0.1358	0.6659	11.2	0.1771	0.6530	0.2712
0.1358	0.6659	11.6	0.1578	0.6530	0.2416
0.1358	0.6659	11.9	0.1977	0.6530	0.3027
0.1358	0.6659	12.3	0.1427	0.6530	0.2186
0.1358	0.6659	12.7	0.2399	0.6530	0.3673
0.1358	0.6659	13.0	0.1861	0.6530	0.2850
0.1358	0.6659	13.4	0.1430	0.6530	0.2190
0.1358	0.6659	13.8	0.1797	0.6530	0.2752
0.1358	0.6659	14.1	0.1171	0.6530	0.1793
0.1358	0.6659	14.5	0.1781	0.6530	0.2727
0.1358	0.6659	14.9	0.1889	0.6530	0.2893
0.1358	0.6659	15.2	0.1169	0.6530	0.1790
0.1358	0.6659	15.6	0.1168	0.6530	0.1789
0.1358	0.6659	16.0	0.1569	0.6530	0.2403
0.1358	0.6659	16.3	0.1869	0.6530	0.2862
0.1358	0.6659	16.7	0.1228	0.6530	0.1880
0.1358	0.6659	17.1	0.0773	0.6530	0.1184
0.1358	0.6659	17.4	0.1529	0.6530	0.2341
0.1358	0.6659	17.8	0.1174	0.6530	0.1797
0.1358	0.6659	18.2	0.0849	0.6530	0.1301
0.1358	0.6659	18.5	0.2078	0.6530	0.3182
0.1358	0.6659	18.9	0.2082	0.6530	0.3188
0.1358	0.6659	19.3	0.1765	0.6530	0.2703
0.1358	0.6659	19.6	0.2104	0.6530	0.3222
0.1358	0.6659	20.0	0.2462	0.6530	0.3770
0.1408	0.6557	2.0	0.1145	0.5827	0.1966
0.1408	0.6557	2.4	0.1202	0.5827	0.2062
0.1408	0.6557	2.7	0.1161	0.5827	0.1992
0.1408	0.6557	3.1	0.1217	0.5827	0.2088
0.1408	0.6557	3.5	0.1232	0.5827	0.2114
0.1408	0.6557	3.8	0.1173	0.5827	0.2013
0.1408	0.6557	4.2	0.1244	0.5827	0.2135
0.1408	0.6557	4.6	0.1446	0.5827	0.2481
0.1408	0.6557	4.9	0.1355	0.5827	0.2325
0.1408	0.6557	5.3	0.1291	0.5827	0.2215
0.1408	0.6557	5.7	0.1340	0.5827	0.2300
0.1408	0.6557	6.0	0.1278	0.5827	0.2194
0.1408	0.6557	6.4	0.1466	0.5827	0.2515
0.1408	0.6557	6.8	0.1361	0.5827	0.2335
0.1408	0.6557	7.1	0.1511	0.5827	0.2593
0.1408	0.6557	7.5	0.1515	0.5827	0.2600
0.1408	0.6557	7.9	0.1816	0.5827	0.3116
0.1408	0.6557	8.2	0.2556	0.5827	0.4386
0.1408	0.6557	8.6	0.1885	0.5827	0.3234
0.1408	0.6557	9.0	0.1863	0.5827	0.3198
0.1408	0.6557	9.3	0.2626	0.5827	0.4507
0.1408	0.6557	9.7	0.2040	0.5827	0.3501
0.1408	0.6557	10.1	0.1892	0.5827	0.3248
0.1408	0.6557	10.4	0.3395	0.5827	0.5826
0.1408	0.6557	10.8	0.3187	0.5827	0.5470
0.1408	0.6557	11.2	0.2349	0.5827	0.4031
0.1408	0.6557	11.6	0.2599	0.5827	0.4461
0.1408	0.6557	11.9	0.1543	0.5827	0.2648
0.1408	0.6557	12.3	0.1703	0.5827	0.2923
0.1408	0.6557	12.7	0.1772	0.5827	0.3041
0.1408	0.6557	13.0	0.2096	0.5827	0.3597
0.1408	0.6557	13.4	0.1952	0.5827	0.3350
0.1408	0.6557	13.8	0.1781	0.5827	0.3056
0.1408	0.6557	14.1	0.1966	0.5827	0.3373
0.1408	0.6557	14.5	0.0988	0.5827	0.1695
0.1408	0.6557	14.9	0.1597	0.5827	0.2740
0.1408	0.6557	15.2	0.2447	0.5827	0.4199
0.1408	0.6557	15.6	0.2264	0.5827	0.3885
0.1408	0.6557	16.0	0.1687	0.5827	0.2895
0.1408	0.6557	16.3	0.2669	0.5827	0.4581
0.1408	0.6557	16.7	0.3866	0.5827	0.6635
0.1408	0.6557	17.1	0.3935	0.5827	0.6753
0.1408	0.6557	17.4	0.3964	0.5827	0.6803
0.1408	0.6557	17.8	0.3741	0.5827	0.6420
0.1408	0.6557	18.2	0.2766	0.5827	0.4747
0.1408	0.6557	18.5	0.4357	0.5827	0.7476
0.1408	0.6557	18.9	0.2639	0.5827	0.4528
0.1408	0.6557	19.3	0.3876	0.5827	0.6651
0.1408	0.6557	19.6	0.4292	0.5827	0.7366
0.1408	0.6557	20.0	0.4673	0.5827	0.8019
0.1458	0.6455	2.0	0.1509	0.6187	0.2439
0.1458	0.6455	2.4	0.1401	0.6187	0.2264
0.1458	0.6455	2.7	0.1364	0.6187	0.2204
0.1458	0.6455	3.1	0.1406	0.6187	0.2272
0.1458	0.6455	3.5	0.1366	0.6187	0.2207
0.1458	0.6455	3.8	0.1337	0.6187	0.2161
0.1458	0.6455	4.2	0.1197	0.6187	0.1935
0.1458	0.6455	4.6	0.1216	0.6187	0.1966
0.1458	0.6455	4.9	0.1223	0.6187	0.1976
0.1458	0.6455	5.3	0.1280	0.6187	0.2069
0.1458	0.6455	5.7	0.1274	0.6187	0.2059
0.1458	0.6455	6.0	0.1293	0.6187	0.2090
0.1458	0.6455	6.4	0.1322	0.6187	0.2136
0.1458	0.6455	6.8	0.1317	0.6187	0.2128
0.1458	0.6455	7.1	0.1292	0.6187	0.2088
0.1458	0.6455	7.5	0.1355	0.6187	0.2190
0.1458	0.6455	7.9	0.1370	0.6187	0.2215
0.1458	0.6455	8.2	0.1557	0.6187	0.2517
0.1458	0.6455	8.6	0.1570	0.6187	0.2537
0.1458	0.6455	9.0	0.1649	0.6187	0.2665
0.1458	0.6455	9.3	0.1938	0.6187	0.3133
0.1458	0.6455	9.7	0.2823	0.6187	0.4563
0.1458	0.6455	10.1	0.2767	0.6187	0.4472
0.1458	0.6455	10.4	0.2958	0.6187	0.4781
0.1458	0.6455	10.8	0.3591	0.6187	0.5804
0.1458	0.6455	11.2	0.2031	0.6187	0.3282
0.1458	0.6455	11.6	0.1218	0.6187	0.1969
0.1458	0.6455	11.9	0.0876	0.6187	0.1416
0.1458	0.6455	12.3	0.0708	0.6187	0.1144
0.1458	0.6455	12.7	0.0611	0.6187	0.0987
0.1458	0.6455	13.0	0.0556	0.6187	0.0898
0.1458	0.6455	13.4	0.0539	0.6187	0.0871
0.1458	0.6455	13.8	0.0773	0.6187	0.1249
0.1458	0.6455	14.1	0.0996	0.6187	0.1609
0.1458	0.6455	14.5	0.1295	0.6187	0.2094
0.1458	0.6455	14.9	0.1420	0.6187	0.2295
0.1458	0.6455	15.2	0.1171	0.6187	0.1892
0.1458	0.6455	15.6	0.1414	0.6187	0.2285
0.1458	0.6455	16.0	0.2876	0.6187	0.4648
0.1458	0.6455	16.3	0.3525	0.6187	0.5697
0.1458	0.6455	16.7	0.2688	0.6187	0.4345
0.1458	0.6455	17.1	0.2273	0.6187	0.3673
0.1458	0.6455	17.4	0.2085	0.6187	0.3369
0.1458	0.6455	17.8	0.3339	0.6187	0.5397
0.1458	0.6455	18.2	0.3101	0.6187	0.5012
0.1458	0.6455	18.5	0.3238	0.6187	0.5233
0.1458	0.6455	18.9	0.3664	0.6187	0.5922
0.1458	0.6455	19.3	0.3010	0.6187	0.4865
0.1458	0.6455	19.6	0.2487	0.6187	0.4019
0.1458	0.6455	20.0	0.4681	0.6187	0.7566
0.1506	0.6353	2.0	0.1408	0.6200	0.2272
0.1506	0.6353	2.4	0.1170	0.6200	0.1887
0.1506	0.6353	2.7	0.1352	0.6200	0.2180
0.1506	0.6353	3.1	0.1441	0.6200	0.2325
0.1506	0.6353	3.5	0.1163	0.6200	0.1876
0.1506	0.6353	3.8	0.1318	0.6200	0.2126
0.1506	0.6353	4.2	0.1202	0.6200	0.1939
0.1506	0.6353	4.6	0.1134	0.6200	0.1828
0.1506	0.6353	4.9	0.1440	0.6200	0.2323
0.1506	0.6353	5.3	0.1382	0.6200	0.2229
0.1506	0.6353	5.7	0.1420	0.6200	0.2290
0.1506	0.6353	6.0	0.1434	0.6200	0.2313
0.1506	0.6353	6.4	0.1346	0.6200	0.2170
0.1506	0.6353	6.8	0.1444	0.6200	0.2329
0.1506	0.6353	7.1	0.1419	0.6200	0.2289
0.1506	0.6353	7.5	0.1496	0.6200	0.2412
0.1506	0.6353	7.9	0.1595	0.6200	0.2573
0.1506	0.6353	8.2	0.2033	0.6200	0.3279
0.1506	0.6353	8.6	0.2648	0.6200	0.4271
0.1506	0.6353	9.0	0.3033	0.6200	0.4891
0.1506	0.6353	9.3	0.2886	0.6200	0.4655
0.1506	0.6353	9.7	0.2942	0.6200	0.4745
0.1506	0.6353	10.1	0.2134	0.6200	0.3441
0.1506	0.6353	10.4	0.1577	0.6200	0.2544
0.1506	0.6353	10.8	0.1897	0.6200	0.3060
0.1506	0.6353	11.2	0.1283	0.6200	0.2070
0.1506	0.6353	11.6	0.1107	0.6200	0.1786
0.1506	0.6353	11.9	0.0903	0.6200	0.1457
0.1506	0.6353	12.3	0.0943	0.6200	0.1520
0.1506	0.6353	12.7	0.1160	0.6200	0.1871
0.1506	0.6353	13.0	0.1161	0.6200	0.1872
0.1506	0.6353	13.4	0.1086	0.6200	0.1752
0.1506	0.6353	13.8	0.1309	0.6200	0.2111
0.1506	0.6353	14.1	0.1296	0.6200	0.2090
0.1506	0.6353	14.5	0.1625	0.6200	0.2620
0.1506	0.6353	14.9	0.2121	0.6200	0.3421
0.1506	0.6353	15.2	0.1555	0.6200	0.2507
0.1506	0.6353	15.6	0.2563	0.6200	0.4133
0.1506	0.6353	16.0	0.2864	0.6200	0.4620
0.1506	0.6353	16.3	0.3395	0.6200	0.5476
0.1506	0.6353	16.7	0.3844	0.6200	0.6199
0.1506	0.6353	17.1	0.3857	0.6200	0.6220
0.1506	0.6353	17.4	0.4440	0.6200	0.7161
0.1506	0.6353	17.8	0.4335	0.6200	0.6993
0.1506	0.6353	18.2	0.4333	0.6200	0.6989
0.1506	0.6353	18.5	0.5056	0.6200	0.8154
0.1506	0.6353	18.9	0.4935	0.6200	0.7960
0.1506	0.6353	19.3	0.4491	0.6200	0.7244
0.1506	0.6353	19.6	0.4895	0.6200	0.7895
0.1506	0.6353	20.0	0.5909	0.6200	0.9531
0.1557	0.6251	2.0	0.1232	0.4831	0.2549
0.1557	0.6251	2.4	0.1207	0.4831	0.2498
0.1557	0.6251	2.7	0.1218	0.4831	0.2522
0.1557	0.6251	3.1	0.1259	0.4831	0.2605
0.1557	0.6251	3.5	0.1201	0.4831	0.2486
0.1557	0.6251	3.8	0.1277	0.4831	0.2643
0.1557	0.6251	4.2	0.1203	0.4831	0.2490
0.1557	0.6251	4.6	0.1199	0.4831	0.2481
0.1557	0.6251	4.9	0.1263	0.4831	0.2614
0.1557	0.6251	5.3	0.1428	0.4831	0.2957
0.1557	0.6251	5.7	0.1264	0.4831	0.2617
0.1557	0.6251	6.0	0.1260	0.4831	0.2608
0.1557	0.6251	6.4	0.1431	0.4831	0.2961
0.1557	0.6251	6.8	0.1365	0.4831	0.2824
0.1557	0.6251	7.1	0.1437	0.4831	0.2974
0.1557	0.6251	7.5	0.1452	0.4831	0.3005
0.1557	0.6251	7.9	0.1670	0.4831	0.3456
0.1557	0.6251	8.2	0.2020	0.4831	0.4181
0.1557	0.6251	8.6	0.1811	0.4831	0.3749
0.1557	0.6251	9.0	0.1719	0.4831	0.3557
0.1557	0.6251	9.3	0.1124	0.4831	0.2325
0.1557	0.6251	9.7	0.2724	0.4831	0.5639
0.1557	0.6251	10.1	0.2684	0.4831	0.5555
0.1557	0.6251	10.4	0.1679	0.4831	0.3475
0.1557	0.6251	10.8	0.2835	0.4831	0.5867
0.1557	0.6251	11.2	0.2040	0.4831	0.4223
0.1557	0.6251	11.6	0.2655	0.4831	0.5496
0.1557	0.6251	11.9	0.2608	0.4831	0.5398
0.1557	0.6251	12.3	0.2989	0.4831	0.6186
0.1557	0.6251	12.7	0.1766	0.4831	0.3656
0.1557	0.6251	13.0	0.2483	0.4831	0.5139
0.1557	0.6251	13.4	0.3004	0.4831	0.6218
0.1557	0.6251	13.8	0.2339	0.4831	0.4841
0.1557	0.6251	14.1	0.1566	0.4831	0.3241
0.1557	0.6251	14.5	0.1946	0.4831	0.4028
0.1557	0.6251	14.9	0.2243	0.4831	0.4643
0.1557	0.6251	15.2	0.2650	0.4831	0.5484
0.1557	0.6251	15.6	0.2666	0.4831	0.5518
0.1557	0.6251	16.0	0.1765	0.4831	0.3654
0.1557	0.6251	16.3	0.2073	0.4831	0.4291
0.1557	0.6251	16.7	0.1835	0.4831	0.3798
0.1557	0.6251	17.1	0.1460	0.4831	0.3022
0.1557	0.6251	17.4	0.2577	0.4831	0.5334
0.1557	0.6251	17.8	0.2847	0.4831	0.5893
0.1557	0.6251	18.2	0.2233	0.4831	0.4621
0.1557	0.6251	18.5	0.2020	0.4831	0.4181
0.1557	0.6251	18.9	0.2480	0.4831	0.5134
0.1557	0.6251	19.3	0.2732	0.4831	0.5655
0.1557	0.6251	19.6	0.1722	0.4831	0.3565
0.1557	0.6251	20.0	0.1493	0.4831	0.3090
0.1612	0.6149	2.0	0.1467	0.5368	0.2733
0.1612	0.6149	2.4	0.1334	0.5368	0.2485
0.1612	0.6149	2.7	0.1453	0.5368	0.2707
0.1612	0.6149	3.1	0.1427	0.5368	0.2659
0.1612	0.6149	3.5	0.1280	0.5368	0.2385
0.1612	0.6149	3.8	0.1193	0.5368	0.2222
0.1612	0.6149	4.2	0.1436	0.5368	0.2675
0.1612	0.6149	4.6	0.1296	0.5368	0.2415
0.1612	0.6149	4.9	0.1432	0.5368	0.2668
0.1612	0.6149	5.3	0.1249	0.5368	0.2326
0.1612	0.6149	5.7	0.1227	0.5368	0.2286
0.1612	0.6149	6.0	0.1325	0.5368	0.2468
0.1612	0.6149	6.4	0.1310	0.5368	0.2441
0.1612	0.6149	6.8	0.1383	0.5368	0.2577
0.1612	0.6149	7.1	0.1391	0.5368	0.2592
0.1612	0.6149	7.5	0.1419	0.5368	0.2643
0.1612	0.6149	7.9	0.1529	0.5368	0.2848
0.1612	0.6149	8.2	0.1662	0.5368	0.3097
0.1612	0.6149	8.6	0.1741	0.5368	0.3243
0.1612	0.6149	9.0	0.2220	0.5368	0.4137
0.1612	0.6149	9.3	0.2857	0.5368	0.5323
0.1612	0.6149	9.7	0.2847	0.5368	0.5303
0.1612	0.6149	10.1	0.2922	0.5368	0.5444
0.1612	0.6149	10.4	0.0571	0.5368	0.1064
0.1612	0.6149	10.8	0.0539	0.5368	0.1004
0.1612	0.6149	11.2	0.0691	0.5368	0.1288
0.1612	0.6149	11.6	0.1124	0.5368	0.2093
0.1612	0.6149	11.9	0.0693	0.5368	0.1291
0.1612	0.6149	12.3	0.0530	0.5368	0.0988
0.1612	0.6149	12.7	0.1408	0.5368	0.2623
0.1612	0.6149	13.0	0.1985	0.5368	0.3697
0.1612	0.6149	13.4	0.1408	0.5368	0.2624
0.1612	0.6149	13.8	0.2063	0.5368	0.3844
0.1612	0.6149	14.1	0.4050	0.5368	0.7545
0.1612	0.6149	14.5	0.3771	0.5368	0.7026
0.1612	0.6149	14.9	0.1790	0.5368	0.3335
0.1612	0.6149	15.2	0.3011	0.5368	0.5610
0.1612	0.6149	15.6	0.2338	0.5368	0.4357
0.1612	0.6149	16.0	0.4667	0.5368	0.8695
0.1612	0.6149	16.3	0.2979	0.5368	0.5550
0.1612	0.6149	16.7	0.3424	0.5368	0.6379
0.1612	0.6149	17.1	0.2926	0.5368	0.5451
0.1612	0.6149	17.4	0.4519	0.5368	0.8419
0.1612	0.6149	17.8	0.3634	0.5368	0.6771
0.1612	0.6149	18.2	0.4178	0.5368	0.7783
0.1612	0.6149	18.5	0.4679	0.5368	0.8716
0.1612	0.6149	18.9	0.5346	0.5368	0.9960
0.1612	0.6149	19.3	0.5340	0.5368	0.9948
0.1612	0.6149	19.6	0.3843	0.5368	0.7160
0.1612	0.6149	20.0	0.2860	0.5368	0.5328
0.1675	0.6047	2.0	0.1230	0.5141	0.2394
0.1675	0.6047	2.4	0.1246	0.5141	0.2423
0.1675	0.6047	2.7	0.1173	0.5141	0.2281
0.1675	0.6047	3.1	0.1215	0.5141	0.2364
0.1675	0.6047	3.5	0.1212	0.5141	0.2358
0.1675	0.6047	3.8	0.1203	0.5141	0.2341
0.1675	0.6047	4.2	0.1219	0.5141	0.2371
0.1675	0.6047	4.6	0.1243	0.5141	0.2417
0.1675	0.6047	4.9	0.1249	0.5141	0.2430
0.1675	0.6047	5.3	0.1422	0.5141	0.2767
0.1675	0.6047	5.7	0.1255	0.5141	0.2442
0.1675	0.6047	6.0	0.1370	0.5141	0.2665
0.1675	0.6047	6.4	0.1325	0.5141	0.2577
0.1675	0.6047	6.8	0.2129	0.5141	0.4142
0.1675	0.6047	7.1	0.2895	0.5141	0.5631
0.1675	0.6047	7.5	0.3067	0.5141	0.5966
0.1675	0.6047	7.9	0.2857	0.5141	0.5557
0.1675	0.6047	8.2	0.2277	0.5141	0.4429
0.1675	0.6047	8.6	0.2996	0.5141	0.5829
0.1675	0.6047	9.0	0.3561	0.5141	0.6927
0.1675	0.6047	9.3	0.3151	0.5141	0.6128
0.1675	0.6047	9.7	0.4163	0.5141	0.8098
0.1675	0.6047	10.1	0.3531	0.5141	0.6869
0.1675	0.6047	10.4	0.3353	0.5141	0.6522
0.1675	0.6047	10.8	0.2992	0.5141	0.5821
0.1675	0.6047	11.2	0.3466	0.5141	0.6743
0.1675	0.6047	11.6	0.3656	0.5141	0.7112
0.1675	0.6047	11.9	0.3352	0.5141	0.6520
0.1675	0.6047	12.3	0.2202	0.5141	0.4284
0.1675	0.6047	12.7	0.4027	0.5141	0.7833
0.1675	0.6047	13.0	0.2898	0.5141	0.5638
0.1675	0.6047	13.4	0.2565	0.5141	0.4990
0.1675	0.6047	13.8	0.2321	0.5141	0.4515
0.1675	0.6047	14.1	0.2679	0.5141	0.5211
0.1675	0.6047	14.5	0.2833	0.5141	0.5510
0.1675	0.6047	14.9	0.3804	0.5141	0.7400
0.1675	0.6047	15.2	0.3414	0.5141	0.6640
0.1675	0.6047	15.6	0.5063	0.5141	0.9848
0.1675	0.6047	16.0	0.4895	0.5141	0.9523
0.1675	0.6047	16.3	0.4148	0.5141	0.8068
0.1675	0.6047	16.7	0.4425	0.5141	0.8607
0.1675	0.6047	17.1	0.2547	0.5141	0.4954
0.1675	0.6047	17.4	0.2589	0.5141	0.5036
0.1675	0.6047	17.8	0.4332	0.5141	0.8426
0.1675	0.6047	18.2	0.4361	0.5141	0.8483
0.1675	0.6047	18.5	0.4265	0.5141	0.8297
0.1675	0.6047	18.9	0.3507	0.5141	0.6823
0.1675	0.6047	19.3	0.4806	0.5141	0.9350
0.1675	0.6047	19.6	0.3013	0.5141	0.5862
0.1675	0.6047	20.0	0.5756	0.5141	1.1196
0.1741	0.5945	2.0	0.1219	0.5788	0.2106
0.1741	0.5945	2.4	0.1180	0.5788	0.2038
0.1741	0.5945	2.7	0.1222	0.5788	0.2111
0.1741	0.5945	3.1	0.1191	0.5788	0.2058
0.1741	0.5945	3.5	0.1286	0.5788	0.2222
0.1741	0.5945	3.8	0.1172	0.5788	0.2026
0.1741	0.5945	4.2	0.1246	0.5788	0.2153
0.1741	0.5945	4.6	0.1281	0.5788	0.2214
0.1741	0.5945	4.9	0.1252	0.5788	0.2162
0.1741	0.5945	5.3	0.1239	0.5788	0.2141
0.1741	0.5945	5.7	0.1191	0.5788	0.2058
0.1741	0.5945	6.0	0.1260	0.5788	0.2177
0.1741	0.5945	6.4	0.1258	0.5788	0.2174
0.1741	0.5945	6.8	0.1344	0.5788	0.2323
0.1741	0.5945	7.1	0.1345	0.5788	0.2324
0.1741	0.5945	7.5	0.1376	0.5788	0.2377
0.1741	0.5945	7.9	0.1470	0.5788	0.2539
0.1741	0.5945	8.2	0.1427	0.5788	0.2465
0.1741	0.5945	8.6	0.1348	0.5788	0.2329
0.1741	0.5945	9.0	0.1426	0.5788	0.2464
0.1741	0.5945	9.3	0.1677	0.5788	0.2897
0.1741	0.5945	9.7	0.1770	0.5788	0.3059
0.1741	0.5945	10.1	0.1889	0.5788	0.3263
0.1741	0.5945	10.4	0.2030	0.5788	0.3507
0.1741	0.5945	10.8	0.2222	0.5788	0.3838
0.1741	0.5945	11.2	0.2896	0.5788	0.5004
0.1741	0.5945	11.6	0.2776	0.5788	0.4796
0.1741	0.5945	11.9	0.2986	0.5788	0.5159
0.1741	0.5945	12.3	0.3532	0.5788	0.6102
0.1741	0.5945	12.7	0.3536	0.5788	0.6110
0.1741	0.5945	13.0	0.3664	0.5788	0.6331
0.1741	0.5945	13.4	0.3622	0.5788	0.6257
0.1741	0.5945	13.8	0.4156	0.5788	0.7180
0.1741	0.5945	14.1	0.4061	0.5788	0.7017
0.1741	0.5945	14.5	0.3838	0.5788	0.6631
0.1741	0.5945	14.9	0.4366	0.5788	0.7543
0.1741	0.5945	15.2	0.2998	0.5788	0.5180
0.1741	0.5945	15.6	0.4712	0.5788	0.8141
0.1741	0.5945	16.0	0.4450	0.5788	0.7688
0.1741	0.5945	16.3	0.3953	0.5788	0.6830
0.1741	0.5945	16.7	0.3237	0.5788	0.5592
0.1741	0.5945	17.1	0.2143	0.5788	0.3703
0.1741	0.5945	17.4	0.1878	0.5788	0.3245
0.1741	0.5945	17.8	0.3245	0.5788	0.5607
0.1741	0.5945	18.2	0.3401	0.5788	0.5876
0.1741	0.5945	18.5	0.3984	0.5788	0.6883
0.1741	0.5945	18.9	0.2669	0.5788	0.4612
0.1741	0.5945	19.3	0.2302	0.5788	0.3977
0.1741	0.5945	19.6	0.3332	0.5788	0.5757
0.1741	0.5945	20.0	0.3702	0.5788	0.6396
0.1802	0.5843	2.0	0.1187	0.5530	0.2146
0.1802	0.5843	2.4	0.1472	0.5530	0.2662
0.1802	0.5843	2.7	0.1437	0.5530	0.2598
0.1802	0.5843	3.1	0.1432	0.5530	0.2590
0.1802	0.5843	3.5	0.1128	0.5530	0.2040
0.1802	0.5843	3.8	0.1102	0.5530	0.1993
0.1802	0.5843	4.2	0.1330	0.5530	0.2405
0.1802	0.5843	4.6	0.1163	0.5530	0.2103
0.1802	0.5843	4.9	0.1298	0.5530	0.2348
0.1802	0.5843	5.3	0.1317	0.5530	0.2381
0.1802	0.5843	5.7	0.1353	0.5530	0.2446
0.1802	0.5843	6.0	0.1341	0.5530	0.2425
0.1802	0.5843	6.4	0.1354	0.5530	0.2449
0.1802	0.5843	6.8	0.1387	0.5530	0.2508
0.1802	0.5843	7.1	0.1412	0.5530	0.2554
0.1802	0.5843	7.5	0.1426	0.5530	0.2578
0.1802	0.5843	7.9	0.1335	0.5530	0.2415
0.1802	0.5843	8.2	0.1472	0.5530	0.2662
0.1802	0.5843	8.6	0.1484	0.5530	0.2683
0.1802	0.5843	9.0	0.1527	0.5530	0.2762
0.1802	0.5843	9.3	0.2009	0.5530	0.3633
0.1802	0.5843	9.7	0.2177	0.5530	0.3936
0.1802	0.5843	10.1	0.2516	0.5530	0.4550
0.1802	0.5843	10.4	0.2718	0.5530	0.4914
0.1802	0.5843	10.8	0.3159	0.5530	0.5711
0.1802	0.5843	11.2	0.4448	0.5530	0.8044
0.1802	0.5843	11.6	0.5307	0.5530	0.9596
0.1802	0.5843	11.9	0.5277	0.5530	0.9542
0.1802	0.5843	12.3	0.5251	0.5530	0.9495
0.1802	0.5843	12.7	0.5166	0.5530	0.9342
0.1802	0.5843	13.0	0.4918	0.5530	0.8893
0.1802	0.5843	13.4	0.4424	0.5530	0.8000
0.1802	0.5843	13.8	0.3544	0.5530	0.6408
0.1802	0.5843	14.1	0.4706	0.5530	0.8510
0.1802	0.5843	14.5	0.5240	0.5530	0.9475
0.1802	0.5843	14.9	0.4879	0.5530	0.8822
0.1802	0.5843	15.2	0.4909	0.5530	0.8877
0.1802	0.5843	15.6	0.5023	0.5530	0.9082
0.1802	0.5843	16.0	0.4942	0.5530	0.8936
0.1802	0.5843	16.3	0.5226	0.5530	0.9450
0.1802	0.5843	16.7	0.5114	0.5530	0.9248
0.1802	0.5843	17.1	0.5255	0.5530	0.9501
0.1802	0.5843	17.4	0.4930	0.5530	0.8915
0.1802	0.5843	17.8	0.5451	0.5530	0.9856
0.1802	0.5843	18.2	0.5048	0.5530	0.9127
0.1802	0.5843	18.5	0.4996	0.5530	0.9033
0.1802	0.5843	18.9	0.5255	0.5530	0.9502
0.1802	0.5843	19.3	0.5067	0.5530	0.9162
0.1802	0.5843	19.6	0.4891	0.5530	0.8844
0.1802	0.5843	20.0	0.4845	0.5530	0.8761
0.1858	0.5741	2.0	0.1169	0.4044	0.2890
0.1858	0.5741	2.4	0.1215	0.4044	0.3003
0.1858	0.5741	2.7	0.1233	0.4044	0.3049
0.1858	0.5741	3.1	0.1265	0.4044	0.3129
0.1858	0.5741	3.5	0.1202	0.4044	0.2972
0.1858	0.5741	3.8	0.1286	0.4044	0.3181
0.1858	0.5741	4.2	0.1289	0.4044	0.3187
0.1858	0.5741	4.6	0.1267	0.4044	0.3132
0.1858	0.5741	4.9	0.1241	0.4044	0.3067
0.1858	0.5741	5.3	0.1255	0.4044	0.3103
0.1858	0.5741	5.7	0.1356	0.4044	0.3354
0.1858	0.5741	6.0	0.1390	0.4044	0.3437
0.1858	0.5741	6.4	0.1449	0.4044	0.3582
0.1858	0.5741	6.8	0.1561	0.4044	0.3861
0.1858	0.5741	7.1	0.1766	0.4044	0.4366
0.1858	0.5741	7.5	0.1956	0.4044	0.4837
0.1858	0.5741	7.9	0.2739	0.4044	0.6773
0.1858	0.5741	8.2	0.2879	0.4044	0.7119
0.1858	0.5741	8.6	0.2354	0.4044	0.5821
0.1858	0.5741	9.0	0.3016	0.4044	0.7456
0.1858	0.5741	9.3	0.2682	0.4044	0.6632
0.1858	0.5741	9.7	0.1902	0.4044	0.4702
0.1858	0.5741	10.1	0.3409	0.4044	0.8428
0.1858	0.5741	10.4	0.3032	0.4044	0.7497
0.1858	0.5741	10.8	0.3651	0.4044	0.9026
0.1858	0.5741	11.2	0.3560	0.4044	0.8803
0.1858	0.5741	11.6	0.2858	0.4044	0.7066
0.1858	0.5741	11.9	0.2855	0.4044	0.7060
0.1858	0.5741	12.3	0.2574	0.4044	0.6364
0.1858	0.5741	12.7	0.2049	0.4044	0.5066
0.1858	0.5741	13.0	0.2673	0.4044	0.6608
0.1858	0.5741	13.4	0.2539	0.4044	0.6278
0.1858	0.5741	13.8	0.3521	0.4044	0.8706
0.1858	0.5741	14.1	0.2891	0.4044	0.7147
0.1858	0.5741	14.5	0.3234	0.4044	0.7997
0.1858	0.5741	14.9	0.1843	0.4044	0.4557
0.1858	0.5741	15.2	0.3834	0.4044	0.9480
0.1858	0.5741	15.6	0.1710	0.4044	0.4227
0.1858	0.5741	16.0	0.3372	0.4044	0.8337
0.1858	0.5741	16.3	0.3902	0.4044	0.9648
0.1858	0.5741	16.7	0.3418	0.4044	0.8451
0.1858	0.5741	17.1	0.3441	0.4044	0.8508
0.1858	0.5741	17.4	0.3389	0.4044	0.8379
0.1858	0.5741	17.8	0.3278	0.4044	0.8104
0.1858	0.5741	18.2	0.3339	0.4044	0.8256
0.1858	0.5741	18.5	0.4050	0.4044	1.0014
0.1858	0.5741	18.9	0.4501	0.4044	1.1129
0.1858	0.5741	19.3	0.3015	0.4044	0.7454
0.1858	0.5741	19.6	0.1438	0.4044	0.3555
0.1858	0.5741	20.0	0.1895	0.4044	0.4686
0.1912	0.5639	2.0	0.1207	0.5300	0.2277
0.1912	0.5639	2.4	0.1303	0.5300	0.2459
0.1912	0.5639	2.7	0.1345	0.5300	0.2538
0.1912	0.5639	3.1	0.1270	0.5300	0.2396
0.1912	0.5639	3.5	0.1349	0.5300	0.2546
0.1912	0.5639	3.8	0.1184	0.5300	0.2233
0.1912	0.5639	4.2	0.1224	0.5300	0.2309
0.1912	0.5639	4.6	0.1232	0.5300	0.2324
0.1912	0.5639	4.9	0.1264	0.5300	0.2385
0.1912	0.5639	5.3	0.1254	0.5300	0.2366
0.1912	0.5639	5.7	0.1338	0.5300	0.2524
0.1912	0.5639	6.0	0.1292	0.5300	0.2438
0.1912	0.5639	6.4	0.1274	0.5300	0.2404
0.1912	0.5639	6.8	0.1521	0.5300	0.2869
0.1912	0.5639	7.1	0.1524	0.5300	0.2875
0.1912	0.5639	7.5	0.1420	0.5300	0.2679
0.1912	0.5639	7.9	0.1490	0.5300	0.2811
0.1912	0.5639	8.2	0.2189	0.5300	0.4130
0.1912	0.5639	8.6	0.2229	0.5300	0.4206
0.1912	0.5639	9.0	0.2945	0.5300	0.5555
0.1912	0.5639	9.3	0.3352	0.5300	0.6325
0.1912	0.5639	9.7	0.4115	0.5300	0.7764
0.1912	0.5639	10.1	0.4470	0.5300	0.8434
0.1912	0.5639	10.4	0.3433	0.5300	0.6477
0.1912	0.5639	10.8	0.2461	0.5300	0.4642
0.1912	0.5639	11.2	0.2449	0.5300	0.4620
0.1912	0.5639	11.6	0.2250	0.5300	0.4245
0.1912	0.5639	11.9	0.1984	0.5300	0.3743
0.1912	0.5639	12.3	0.2474	0.5300	0.4667
0.1912	0.5639	12.7	0.2920	0.5300	0.5509
0.1912	0.5639	13.0	0.2057	0.5300	0.3881
0.1912	0.5639	13.4	0.3272	0.5300	0.6173
0.1912	0.5639	13.8	0.3794	0.5300	0.7158
0.1912	0.5639	14.1	0.4573	0.5300	0.8628
0.1912	0.5639	14.5	0.3202	0.5300	0.6041
0.1912	0.5639	14.9	0.4271	0.5300	0.8057
0.1912	0.5639	15.2	0.4671	0.5300	0.8813
0.1912	0.5639	15.6	0.3358	0.5300	0.6335
0.1912	0.5639	16.0	0.4216	0.5300	0.7954
0.1912	0.5639	16.3	0.2802	0.5300	0.5287
0.1912	0.5639	16.7	0.4362	0.5300	0.8229
0.1912	0.5639	17.1	0.3496	0.5300	0.6596
0.1912	0.5639	17.4	0.4691	0.5300	0.8849
0.1912	0.5639	17.8	0.4952	0.5300	0.9342
0.1912	0.5639	18.2	0.4267	0.5300	0.8051
0.1912	0.5639	18.5	0.3619	0.5300	0.6828
0.1912	0.5639	18.9	0.2754	0.5300	0.5196
0.1912	0.5639	19.3	0.4595	0.5300	0.8669
0.1912	0.5639	19.6	0.4221	0.5300	0.7963
0.1912	0.5639	20.0	0.2118	0.5300	0.3996
0.1971	0.5537	2.0	0.1276	0.5597	0.2280
0.1971	0.5537	2.4	0.1161	0.5597	0.2073
0.1971	0.5537	2.7	0.1337	0.5597	0.2388
0.1971	0.5537	3.1	0.1364	0.5597	0.2436
0.1971	0.5537	3.5	0.1344	0.5597	0.2401
0.1971	0.5537	3.8	0.1452	0.5597	0.2594
0.1971	0.5537	4.2	0.1445	0.5597	0.2582
0.1971	0.5537	4.6	0.1290	0.5597	0.2304
0.1971	0.5537	4.9	0.1382	0.5597	0.2468
0.1971	0.5537	5.3	0.1215	0.5597	0.2172
0.1971	0.5537	5.7	0.1244	0.5597	0.2223
0.1971	0.5537	6.0	0.1232	0.5597	0.2202
0.1971	0.5537	6.4	0.1291	0.5597	0.2306
0.1971	0.5537	6.8	0.1342	0.5597	0.2397
0.1971	0.5537	7.1	0.1368	0.5597	0.2445
0.1971	0.5537	7.5	0.1382	0.5597	0.2468
0.1971	0.5537	7.9	0.1315	0.5597	0.2349
0.1971	0.5537	8.2	0.1390	0.5597	0.2483
0.1971	0.5537	8.6	0.1454	0.5597	0.2598
0.1971	0.5537	9.0	0.1595	0.5597	0.2849
0.1971	0.5537	9.3	0.2027	0.5597	0.3621
0.1971	0.5537	9.7	0.2507	0.5597	0.4480
0.1971	0.5537	10.1	0.2546	0.5597	0.4549
0.1971	0.5537	10.4	0.2334	0.5597	0.4170
0.1971	0.5537	10.8	0.2291	0.5597	0.4094
0.1971	0.5537	11.2	0.2631	0.5597	0.4701
0.1971	0.5537	11.6	0.3204	0.5597	0.5724
0.1971	0.5537	11.9	0.3657	0.5597	0.6534
0.1971	0.5537	12.3	0.4075	0.5597	0.7280
0.1971	0.5537	12.7	0.4514	0.5597	0.8065
0.1971	0.5537	13.0	0.4480	0.5597	0.8004
0.1971	0.5537	13.4	0.4176	0.5597	0.7460
0.1971	0.5537	13.8	0.4014	0.5597	0.7171
0.1971	0.5537	14.1	0.4606	0.5597	0.8230
0.1971	0.5537	14.5	0.3893	0.5597	0.6955
0.1971	0.5537	14.9	0.3836	0.5597	0.6853
0.1971	0.5537	15.2	0.4180	0.5597	0.7468
0.1971	0.5537	15.6	0.3378	0.5597	0.6035
0.1971	0.5537	16.0	0.4748	0.5597	0.8482
0.1971	0.5537	16.3	0.3998	0.5597	0.7143
0.1971	0.5537	16.7	0.3894	0.5597	0.6958
0.1971	0.5537	17.1	0.4045	0.5597	0.7227
0.1971	0.5537	17.4	0.4553	0.5597	0.8135
0.1971	0.5537	17.8	0.3458	0.5597	0.6179
0.1971	0.5537	18.2	0.4236	0.5597	0.7568
0.1971	0.5537	18.5	0.3861	0.5597	0.6898
0.1971	0.5537	18.9	0.3818	0.5597	0.6822
0.1971	0.5537	19.3	0.3375	0.5597	0.6029
0.1971	0.5537	19.6	0.3786	0.5597	0.6764
0.1971	0.5537	20.0	0.4261	0.5597	0.7612
0.2047	0.5435	2.0	0.1198	0.5573	0.2150
0.2047	0.5435	2.4	0.1228	0.5573	0.2203
0.2047	0.5435	2.7	0.1188	0.5573	0.2133
0.2047	0.5435	3.1	0.1453	0.5573	0.2607
0.2047	0.5435	3.5	0.1429	0.5573	0.2564
0.2047	0.5435	3.8	0.1329	0.5573	0.2384
0.2047	0.5435	4.2	0.1150	0.5573	0.2063
0.2047	0.5435	4.6	0.1354	0.5573	0.2429
0.2047	0.5435	4.9	0.1393	0.5573	0.2500
0.2047	0.5435	5.3	0.1199	0.5573	0.2151
0.2047	0.5435	5.7	0.1258	0.5573	0.2256
0.2047	0.5435	6.0	0.1225	0.5573	0.2198
0.2047	0.5435	6.4	0.1279	0.5573	0.2295
0.2047	0.5435	6.8	0.1328	0.5573	0.2383
0.2047	0.5435	7.1	0.1312	0.5573	0.2354
0.2047	0.5435	7.5	0.1402	0.5573	0.2516
0.2047	0.5435	7.9	0.1384	0.5573	0.2483
0.2047	0.5435	8.2	0.1448	0.5573	0.2598
0.2047	0.5435	8.6	0.1537	0.5573	0.2758
0.2047	0.5435	9.0	0.1682	0.5573	0.3018
0.2047	0.5435	9.3	0.1743	0.5573	0.3128
0.2047	0.5435	9.7	0.2044	0.5573	0.3667
0.2047	0.5435	10.1	0.2682	0.5573	0.4812
0.2047	0.5435	10.4	0.2658	0.5573	0.4770
0.2047	0.5435	10.8	0.2868	0.5573	0.5147
0.2047	0.5435	11.2	0.3171	0.5573	0.5690
0.2047	0.5435	11.6	0.3944	0.5573	0.7076
0.2047	0.5435	11.9	0.3447	0.5573	0.6186
0.2047	0.5435	12.3	0.3108	0.5573	0.5576
0.2047	0.5435	12.7	0.3551	0.5573	0.6371
0.2047	0.5435	13.0	0.4130	0.5573	0.7411
0.2047	0.5435	13.4	0.4655	0.5573	0.8352
0.2047	0.5435	13.8	0.4208	0.5573	0.7551
0.2047	0.5435	14.1	0.4115	0.5573	0.7384
0.2047	0.5435	14.5	0.4682	0.5573	0.8402
0.2047	0.5435	14.9	0.4012	0.5573	0.7199
0.2047	0.5435	15.2	0.4056	0.5573	0.7278
0.2047	0.5435	15.6	0.4546	0.5573	0.8157
0.2047	0.5435	16.0	0.4032	0.5573	0.7235
0.2047	0.5435	16.3	0.3984	0.5573	0.7149
0.2047	0.5435	16.7	0.4839	0.5573	0.8683
0.2047	0.5435	17.1	0.4950	0.5573	0.8882
0.2047	0.5435	17.4	0.3668	0.5573	0.6582
0.2047	0.5435	17.8	0.3965	0.5573	0.7114
0.2047	0.5435	18.2	0.4350	0.5573	0.7806
0.2047	0.5435	18.5	0.5272	0.5573	0.9460
0.2047	0.5435	18.9	0.4186	0.5573	0.7512
0.2047	0.5435	19.3	0.3925	0.5573	0.7043
0.2047	0.5435	19.6	0.4393	0.5573	0.7884
0.2047	0.5435	20.0	0.4169	0.5573	0.7481
0.2173	0.5333	2.0	0.1161	0.5913	0.1963
0.2173	0.5333	2.4	0.1117	0.5913	0.1889
0.2173	0.5333	2.7	0.1139	0.5913	0.1927
0.2173	0.5333	3.1	0.1386	0.5913	0.2344
0.2173	0.5333	3.5	0.1381	0.5913	0.2335
0.2173	0.5333	3.8	0.1184	0.5913	0.2002
0.2173	0.5333	4.2	0.1188	0.5913	0.2009
0.2173	0.5333	4.6	0.1169	0.5913	0.1977
0.2173	0.5333	4.9	0.1330	0.5913	0.2249
0.2173	0.5333	5.3	0.1297	0.5913	0.2193
0.2173	0.5333	5.7	0.1277	0.5913	0.2160
0.2173	0.5333	6.0	0.1321	0.5913	0.2234
0.2173	0.5333	6.4	0.1419	0.5913	0.2401
0.2173	0.5333	6.8	0.1374	0.5913	0.2324
0.2173	0.5333	7.1	0.1398	0.5913	0.2363
0.2173	0.5333	7.5	0.1445	0.5913	0.2444
0.2173	0.5333	7.9	0.1535	0.5913	0.2595
0.2173	0.5333	8.2	0.1587	0.5913	0.2683
0.2173	0.5333	8.6	0.1842	0.5913	0.3114
0.2173	0.5333	9.0	0.2129	0.5913	0.3600
0.2173	0.5333	9.3	0.1379	0.5913	0.2332
0.2173	0.5333	9.7	0.0554	0.5913	0.0937
0.2173	0.5333	10.1	0.0748	0.5913	0.1265
0.2173	0.5333	10.4	0.0538	0.5913	0.0910
0.2173	0.5333	10.8	0.0601	0.5913	0.1017
0.2173	0.5333	11.2	0.0922	0.5913	0.1559
0.2173	0.5333	11.6	0.0720	0.5913	0.1218
0.2173	0.5333	11.9	0.1160	0.5913	0.1963
0.2173	0.5333	12.3	0.1083	0.5913	0.1832
0.2173	0.5333	12.7	0.0731	0.5913	0.1236
0.2173	0.5333	13.0	0.0808	0.5913	0.1367
0.2173	0.5333	13.4	0.0706	0.5913	0.1193
0.2173	0.5333	13.8	0.0464	0.5913	0.0785
0.2173	0.5333	14.1	0.0757	0.5913	0.1279
0.2173	0.5333	14.5	0.0656	0.5913	0.1109
0.2173	0.5333	14.9	0.0696	0.5913	0.1177
0.2173	0.5333	15.2	0.0719	0.5913	0.1216
0.2173	0.5333	15.6	0.0673	0.5913	0.1138
0.2173	0.5333	16.0	0.0785	0.5913	0.1328
0.2173	0.5333	16.3	0.0930	0.5913	0.1572
0.2173	0.5333	16.7	0.0546	0.5913	0.0923
0.2173	0.5333	17.1	0.0879	0.5913	0.1486
0.2173	0.5333	17.4	0.0894	0.5913	0.1511
0.2173	0.5333	17.8	0.1329	0.5913	0.2248
0.2173	0.5333	18.2	0.0970	0.5913	0.1641
0.2173	0.5333	18.5	0.0456	0.5913	0.0772
0.2173	0.5333	18.9	0.1282	0.5913	0.2169
0.2173	0.5333	19.3	0.0449	0.5913	0.0760
0.2173	0.5333	19.6	0.0665	0.5913	0.1125
0.2173	0.5333	20.0	0.1023	0.5913	0.1730
0.2293	0.5231	2.0	0.1119	0.5148	0.2174
0.2293	0.5231	2.4	0.1076	0.5148	0.2089
0.2293	0.5231	2.7	0.1093	0.5148	0.2122
0.2293	0.5231	3.1	0.1535	0.5148	0.2982
0.2293	0.5231	3.5	0.1461	0.5148	0.2838
0.2293	0.5231	3.8	0.1466	0.5148	0.2848
0.2293	0.5231	4.2	0.1332	0.5148	0.2587
0.2293	0.5231	4.6	0.1316	0.5148	0.2556
0.2293	0.5231	4.9	0.1210	0.5148	0.2351
0.2293	0.5231	5.3	0.1233	0.5148	0.2396
0.2293	0.5231	5.7	0.1284	0.5148	0.2493
0.2293	0.5231	6.0	0.1293	0.5148	0.2511
0.2293	0.5231	6.4	0.1290	0.5148	0.2505
0.2293	0.5231	6.8	0.1456	0.5148	0.2829
0.2293	0.5231	7.1	0.1487	0.5148	0.2888
0.2293	0.5231	7.5	0.1552	0.5148	0.3015
0.2293	0.5231	7.9	0.1546	0.5148	0.3003
0.2293	0.5231	8.2	0.1473	0.5148	0.2862
0.2293	0.5231	8.6	0.1544	0.5148	0.2999
0.2293	0.5231	9.0	0.1707	0.5148	0.3316
0.2293	0.5231	9.3	0.2712	0.5148	0.5268
0.2293	0.5231	9.7	0.2344	0.5148	0.4553
0.2293	0.5231	10.1	0.2029	0.5148	0.3942
0.2293	0.5231	10.4	0.2236	0.5148	0.4343
0.2293	0.5231	10.8	0.2302	0.5148	0.4472
0.2293	0.5231	11.2	0.2914	0.5148	0.5661
0.2293	0.5231	11.6	0.2476	0.5148	0.4810
0.2293	0.5231	11.9	0.1786	0.5148	0.3469
0.2293	0.5231	12.3	0.2534	0.5148	0.4922
0.2293	0.5231	12.7	0.1826	0.5148	0.3547
0.2293	0.5231	13.0	0.2080	0.5148	0.4040
0.2293	0.5231	13.4	0.2266	0.5148	0.4402
0.2293	0.5231	13.8	0.2593	0.5148	0.5036
0.2293	0.5231	14.1	0.2185	0.5148	0.4243
0.2293	0.5231	14.5	0.2995	0.5148	0.5817
0.2293	0.5231	14.9	0.1557	0.5148	0.3025
0.2293	0.5231	15.2	0.3092	0.5148	0.6006
0.2293	0.5231	15.6	0.2059	0.5148	0.4000
0.2293	0.5231	16.0	0.1796	0.5148	0.3489
0.2293	0.5231	16.3	0.1855	0.5148	0.3603
0.2293	0.5231	16.7	0.3146	0.5148	0.6110
0.2293	0.5231	17.1	0.3649	0.5148	0.7088
0.2293	0.5231	17.4	0.1803	0.5148	0.3502
0.2293	0.5231	17.8	0.2656	0.5148	0.5159
0.2293	0.5231	18.2	0.2619	0.5148	0.5088
0.2293	0.5231	18.5	0.1832	0.5148	0.3558
0.2293	0.5231	18.9	0.1744	0.5148	0.3388
0.2293	0.5231	19.3	0.2313	0.5148	0.4493
0.2293	0.5231	19.6	0.2800	0.5148	0.5439
0.2293	0.5231	20.0	0.2869	0.5148	0.5572
0.2374	0.5129	2.0	0.1351	0.5927	0.2280
0.2374	0.5129	2.4	0.1172	0.5927	0.1977
0.2374	0.5129	2.7	0.1320	0.5927	0.2227
0.2374	0.5129	3.1	0.1179	0.5927	0.1989
0.2374	0.5129	3.5	0.1406	0.5927	0.2371
0.2374	0.5129	3.8	0.1358	0.5927	0.2292
0.2374	0.5129	4.2	0.1365	0.5927	0.2303
0.2374	0.5129	4.6	0.1260	0.5927	0.2125
0.2374	0.5129	4.9	0.1240	0.5927	0.2092
0.2374	0.5129	5.3	0.1240	0.5927	0.2093
0.2374	0.5129	5.7	0.1313	0.5927	0.2214
0.2374	0.5129	6.0	0.1299	0.5927	0.2191
0.2374	0.5129	6.4	0.1332	0.5927	0.2247
0.2374	0.5129	6.8	0.1250	0.5927	0.2108
0.2374	0.5129	7.1	0.1251	0.5927	0.2110
0.2374	0.5129	7.5	0.1472	0.5927	0.2483
0.2374	0.5129	7.9	0.1343	0.5927	0.2266
0.2374	0.5129	8.2	0.1390	0.5927	0.2346
0.2374	0.5129	8.6	0.1374	0.5927	0.2318
0.2374	0.5129	9.0	0.1546	0.5927	0.2608
0.2374	0.5129	9.3	0.1565	0.5927	0.2641
0.2374	0.5129	9.7	0.1727	0.5927	0.2914
0.2374	0.5129	10.1	0.2022	0.5927	0.3411
0.2374	0.5129	10.4	0.2108	0.5927	0.3557
0.2374	0.5129	10.8	0.2795	0.5927	0.4715
0.2374	0.5129	11.2	0.2917	0.5927	0.4921
0.2374	0.5129	11.6	0.3247	0.5927	0.5478
0.2374	0.5129	11.9	0.2940	0.5927	0.4960
0.2374	0.5129	12.3	0.1574	0.5927	0.2656
0.2374	0.5129	12.7	0.1862	0.5927	0.3142
0.2374	0.5129	13.0	0.1109	0.5927	0.1871
0.2374	0.5129	13.4	0.1140	0.5927	0.1923
0.2374	0.5129	13.8	0.2474	0.5927	0.4174
0.2374	0.5129	14.1	0.2147	0.5927	0.3623
0.2374	0.5129	14.5	0.1642	0.5927	0.2770
0.2374	0.5129	14.9	0.1152	0.5927	0.1944
0.2374	0.5129	15.2	0.1303	0.5927	0.2198
0.2374	0.5129	15.6	0.3312	0.5927	0.5588
0.2374	0.5129	16.0	0.3587	0.5927	0.6052
0.2374	0.5129	16.3	0.3622	0.5927	0.6111
0.2374	0.5129	16.7	0.3500	0.5927	0.5905
0.2374	0.5129	17.1	0.3427	0.5927	0.5782
0.2374	0.5129	17.4	0.3532	0.5927	0.5959
0.2374	0.5129	17.8	0.5323	0.5927	0.8981
0.2374	0.5129	18.2	0.5037	0.5927	0.8498
0.2374	0.5129	18.5	0.4812	0.5927	0.8118
0.2374	0.5129	18.9	0.4867	0.5927	0.8211
0.2374	0.5129	19.3	0.4875	0.5927	0.8225
0.2374	0.5129	19.6	0.4745	0.5927	0.8005
0.2374	0.5129	20.0	0.4860	0.5927	0.8199
0.2451	0.5027	2.0	0.1184	0.5146	0.2300
0.2451	0.5027	2.4	0.1163	0.5146	0.2260
0.2451	0.5027	2.7	0.1387	0.5146	0.2695
0.2451	0.5027	3.1	0.1353	0.5146	0.2630
0.2451	0.5027	3.5	0.1312	0.5146	0.2549
0.2451	0.5027	3.8	0.1349	0.5146	0.2621
0.2451	0.5027	4.2	0.1339	0.5146	0.2602
0.2451	0.5027	4.6	0.1304	0.5146	0.2534
0.2451	0.5027	4.9	0.1366	0.5146	0.2654
0.2451	0.5027	5.3	0.1285	0.5146	0.2496
0.2451	0.5027	5.7	0.1271	0.5146	0.2471
0.2451	0.5027	6.0	0.1310	0.5146	0.2546
0.2451	0.5027	6.4	0.1286	0.5146	0.2499
0.2451	0.5027	6.8	0.1301	0.5146	0.2529
0.2451	0.5027	7.1	0.1370	0.5146	0.2662
0.2451	0.5027	7.5	0.1440	0.5146	0.2798
0.2451	0.5027	7.9	0.1426	0.5146	0.2771
0.2451	0.5027	8.2	0.1568	0.5146	0.3046
0.2451	0.5027	8.6	0.2428	0.5146	0.4718
0.2451	0.5027	9.0	0.3516	0.5146	0.6833
0.2451	0.5027	9.3	0.2167	0.5146	0.4211
0.2451	0.5027	9.7	0.2262	0.5146	0.4395
0.2451	0.5027	10.1	0.2619	0.5146	0.5089
0.2451	0.5027	10.4	0.0740	0.5146	0.1439
0.2451	0.5027	10.8	0.1775	0.5146	0.3450
0.2451	0.5027	11.2	0.1732	0.5146	0.3366
0.2451	0.5027	11.6	0.1542	0.5146	0.2996
0.2451	0.5027	11.9	0.2255	0.5146	0.4381
0.2451	0.5027	12.3	0.1450	0.5146	0.2817
0.2451	0.5027	12.7	0.1144	0.5146	0.2223
0.2451	0.5027	13.0	0.1713	0.5146	0.3328
0.2451	0.5027	13.4	0.1773	0.5146	0.3446
0.2451	0.5027	13.8	0.1507	0.5146	0.2928
0.2451	0.5027	14.1	0.2637	0.5146	0.5125
0.2451	0.5027	14.5	0.1594	0.5146	0.3097
0.2451	0.5027	14.9	0.1418	0.5146	0.2755
0.2451	0.5027	15.2	0.1176	0.5146	0.2285
0.2451	0.5027	15.6	0.1079	0.5146	0.2096
0.2451	0.5027	16.0	0.1089	0.5146	0.2116
0.2451	0.5027	16.3	0.0933	0.5146	0.1813
0.2451	0.5027	16.7	0.2263	0.5146	0.4397
0.2451	0.5027	17.1	0.2121	0.5146	0.4122
0.2451	0.5027	17.4	0.1240	0.5146	0.2410
0.2451	0.5027	17.8	0.1830	0.5146	0.3556
0.2451	0.5027	18.2	0.1612	0.5146	0.3133
0.2451	0.5027	18.5	0.0800	0.5146	0.1555
0.2451	0.5027	18.9	0.2277	0.5146	0.4425
0.2451	0.5027	19.3	0.2145	0.5146	0.4168
0.2451	0.5027	19.6	0.1738	0.5146	0.3377
0.2451	0.5027	20.0	0.1825	0.5146	0.3547
0.2543	0.4924	2.0	0.1161	0.4677	0.2481
0.2543	0.4924	2.4	0.1153	0.4677	0.2466
0.2543	0.4924	2.7	0.1334	0.4677	0.2852
0.2543	0.4924	3.1	0.1179	0.4677	0.2521
0.2543	0.4924	3.5	0.1171	0.4677	0.2503
0.2543	0.4924	3.8	0.1211	0.4677	0.2590
0.2543	0.4924	4.2	0.1189	0.4677	0.2542
0.2543	0.4924	4.6	0.1251	0.4677	0.2674
0.2543	0.4924	4.9	0.1214	0.4677	0.2596
0.2543	0.4924	5.3	0.1203	0.4677	0.2571
0.2543	0.4924	5.7	0.1473	0.4677	0.3150
0.2543	0.4924	6.0	0.1427	0.4677	0.3052
0.2543	0.4924	6.4	0.1276	0.4677	0.2728
0.2543	0.4924	6.8	0.1456	0.4677	0.3114
0.2543	0.4924	7.1	0.1496	0.4677	0.3199
0.2543	0.4924	7.5	0.1551	0.4677	0.3315
0.2543	0.4924	7.9	0.1744	0.4677	0.3730
0.2543	0.4924	8.2	0.1476	0.4677	0.3157
0.2543	0.4924	8.6	0.1663	0.4677	0.3556
0.2543	0.4924	9.0	0.1866	0.4677	0.3991
0.2543	0.4924	9.3	0.2722	0.4677	0.5820
0.2543	0.4924	9.7	0.2882	0.4677	0.6162
0.2543	0.4924	10.1	0.3108	0.4677	0.6645
0.2543	0.4924	10.4	0.2892	0.4677	0.6183
0.2543	0.4924	10.8	0.2585	0.4677	0.5527
0.2543	0.4924	11.2	0.2811	0.4677	0.6011
0.2543	0.4924	11.6	0.2332	0.4677	0.4987
0.2543	0.4924	11.9	0.2372	0.4677	0.5072
0.2543	0.4924	12.3	0.2577	0.4677	0.5511
0.2543	0.4924	12.7	0.1638	0.4677	0.3502
0.2543	0.4924	13.0	0.2444	0.4677	0.5226
0.2543	0.4924	13.4	0.2777	0.4677	0.5937
0.2543	0.4924	13.8	0.2054	0.4677	0.4392
0.2543	0.4924	14.1	0.2750	0.4677	0.5880
0.2543	0.4924	14.5	0.1772	0.4677	0.3788
0.2543	0.4924	14.9	0.2434	0.4677	0.5205
0.2543	0.4924	15.2	0.3104	0.4677	0.6637
0.2543	0.4924	15.6	0.2194	0.4677	0.4690
0.2543	0.4924	16.0	0.2689	0.4677	0.5751
0.2543	0.4924	16.3	0.1867	0.4677	0.3993
0.2543	0.4924	16.7	0.2493	0.4677	0.5331
0.2543	0.4924	17.1	0.2870	0.4677	0.6137
0.2543	0.4924	17.4	0.2505	0.4677	0.5357
0.2543	0.4924	17.8	0.3310	0.4677	0.7078
0.2543	0.4924	18.2	0.1379	0.4677	0.2949
0.2543	0.4924	18.5	0.2435	0.4677	0.5207
0.2543	0.4924	18.9	0.2939	0.4677	0.6285
0.2543	0.4924	19.3	0.3697	0.4677	0.7904
0.2543	0.4924	19.6	0.3383	0.4677	0.7234
0.2543	0.4924	20.0	0.3224	0.4677	0.6893
0.2659	0.4822	2.0	0.1110	0.5700	0.1947
0.2659	0.4822	2.4	0.1312	0.5700	0.2302
0.2659	0.4822	2.7	0.1276	0.5700	0.2239
0.2659	0.4822	3.1	0.1195	0.5700	0.2097
0.2659	0.4822	3.5	0.1317	0.5700	0.2310
0.2659	0.4822	3.8	0.1158	0.5700	0.2031
0.2659	0.4822	4.2	0.1404	0.5700	0.2464
0.2659	0.4822	4.6	0.1384	0.5700	0.2429
0.2659	0.4822	4.9	0.1103	0.5700	0.1935
0.2659	0.4822	5.3	0.1129	0.5700	0.1980
0.2659	0.4822	5.7	0.1183	0.5700	0.2075
0.2659	0.4822	6.0	0.1181	0.5700	0.2072
0.2659	0.4822	6.4	0.1309	0.5700	0.2296
0.2659	0.4822	6.8	0.1231	0.5700	0.2160
0.2659	0.4822	7.1	0.1319	0.5700	0.2315
0.2659	0.4822	7.5	0.1280	0.5700	0.2247
0.2659	0.4822	7.9	0.1340	0.5700	0.2351
0.2659	0.4822	8.2	0.1450	0.5700	0.2545
0.2659	0.4822	8.6	0.1505	0.5700	0.2641
0.2659	0.4822	9.0	0.1528	0.5700	0.2681
0.2659	0.4822	9.3	0.1621	0.5700	0.2844
0.2659	0.4822	9.7	0.1691	0.5700	0.2968
0.2659	0.4822	10.1	0.1794	0.5700	0.3148
0.2659	0.4822	10.4	0.2001	0.5700	0.3511
0.2659	0.4822	10.8	0.2168	0.5700	0.3803
0.2659	0.4822	11.2	0.2321	0.5700	0.4073
0.2659	0.4822	11.6	0.3055	0.5700	0.5360
0.2659	0.4822	11.9	0.2845	0.5700	0.4991
0.2659	0.4822	12.3	0.3076	0.5700	0.5397
0.2659	0.4822	12.7	0.3262	0.5700	0.5723
0.2659	0.4822	13.0	0.3778	0.5700	0.6628
0.2659	0.4822	13.4	0.3540	0.5700	0.6212
0.2659	0.4822	13.8	0.3278	0.5700	0.5751
0.2659	0.4822	14.1	0.3013	0.5700	0.5286
0.2659	0.4822	14.5	0.2930	0.5700	0.5140
0.2659	0.4822	14.9	0.2538	0.5700	0.4453
0.2659	0.4822	15.2	0.2931	0.5700	0.5143
0.2659	0.4822	15.6	0.2850	0.5700	0.5000
0.2659	0.4822	16.0	0.2435	0.5700	0.4272
0.2659	0.4822	16.3	0.2153	0.5700	0.3777
0.2659	0.4822	16.7	0.1382	0.5700	0.2424
0.2659	0.4822	17.1	0.1716	0.5700	0.3011
0.2659	0.4822	17.4	0.3188	0.5700	0.5594
0.2659	0.4822	17.8	0.2934	0.5700	0.5148
0.2659	0.4822	18.2	0.3556	0.5700	0.6239
0.2659	0.4822	18.5	0.3104	0.5700	0.5446
0.2659	0.4822	18.9	0.2849	0.5700	0.4999
0.2659	0.4822	19.3	0.4152	0.5700	0.7284
0.2659	0.4822	19.6	0.4343	0.5700	0.7620
0.2659	0.4822	20.0	0.2520	0.5700	0.4421
0.2892	0.4720	2.0	0.1104	0.4845	0.2279
0.2892	0.4720	2.4	0.1190	0.4845	0.2455
0.2892	0.4720	2.7	0.1281	0.4845	0.2644
0.2892	0.4720	3.1	0.1271	0.4845	0.2623
0.2892	0.4720	3.5	0.1195	0.4845	0.2466
0.2892	0.4720	3.8	0.1228	0.4845	0.2534
0.2892	0.4720	4.2	0.1215	0.4845	0.2509
0.2892	0.4720	4.6	0.1244	0.4845	0.2567
0.2892	0.4720	4.9	0.1326	0.4845	0.2737
0.2892	0.4720	5.3	0.1336	0.4845	0.2757
0.2892	0.4720	5.7	0.1347	0.4845	0.2780
0.2892	0.4720	6.0	0.1365	0.4845	0.2818
0.2892	0.4720	6.4	0.1272	0.4845	0.2626
0.2892	0.4720	6.8	0.1344	0.4845	0.2773
0.2892	0.4720	7.1	0.1399	0.4845	0.2888
0.2892	0.4720	7.5	0.1430	0.4845	0.2952
0.2892	0.4720	7.9	0.1554	0.4845	0.3207
0.2892	0.4720	8.2	0.1532	0.4845	0.3162
0.2892	0.4720	8.6	0.1662	0.4845	0.3431
0.2892	0.4720	9.0	0.1765	0.4845	0.3643
0.2892	0.4720	9.3	0.1848	0.4845	0.3815
0.2892	0.4720	9.7	0.1919	0.4845	0.3960
0.2892	0.4720	10.1	0.2727	0.4845	0.5629
0.2892	0.4720	10.4	0.2689	0.4845	0.5550
0.2892	0.4720	10.8	0.2145	0.4845	0.4427
0.2892	0.4720	11.2	0.2303	0.4845	0.4752
0.2892	0.4720	11.6	0.3102	0.4845	0.6402
0.2892	0.4720	11.9	0.2953	0.4845	0.6095
0.2892	0.4720	12.3	0.2264	0.4845	0.4672
0.2892	0.4720	12.7	0.2922	0.4845	0.6031
0.2892	0.4720	13.0	0.3074	0.4845	0.6345
0.2892	0.4720	13.4	0.2482	0.4845	0.5122
0.2892	0.4720	13.8	0.2503	0.4845	0.5166
0.2892	0.4720	14.1	0.2948	0.4845	0.6084
0.2892	0.4720	14.5	0.2012	0.4845	0.4152
0.2892	0.4720	14.9	0.2410	0.4845	0.4975
0.2892	0.4720	15.2	0.2976	0.4845	0.6142
0.2892	0.4720	15.6	0.3243	0.4845	0.6693
0.2892	0.4720	16.0	0.4354	0.4845	0.8986
0.2892	0.4720	16.3	0.3191	0.4845	0.6587
0.2892	0.4720	16.7	0.3408	0.4845	0.7034
0.2892	0.4720	17.1	0.3747	0.4845	0.7734
0.2892	0.4720	17.4	0.3152	0.4845	0.6505
0.2892	0.4720	17.8	0.3610	0.4845	0.7450
0.2892	0.4720	18.2	0.2134	0.4845	0.4406
0.2892	0.4720	18.5	0.2760	0.4845	0.5697
0.2892	0.4720	18.9	0.3378	0.4845	0.6972
0.2892	0.4720	19.3	0.3121	0.4845	0.6442
0.2892	0.4720	19.6	0.3516	0.4845	0.7257
0.2892	0.4720	20.0	0.3232	0.4845	0.6671
0.3034	0.4618	2.0	0.1486	0.4789	0.3102
0.3034	0.4618	2.4	0.1187	0.4789	0.2479
0.3034	0.4618	2.7	0.1408	0.4789	0.2940
0.3034	0.4618	3.1	0.1209	0.4789	0.2525
0.3034	0.4618	3.5	0.1438	0.4789	0.3001
0.3034	0.4618	3.8	0.1140	0.4789	0.2380
0.3034	0.4618	4.2	0.1125	0.4789	0.2350
0.3034	0.4618	4.6	0.1141	0.4789	0.2382
0.3034	0.4618	4.9	0.1295	0.4789	0.2703
0.3034	0.4618	5.3	0.1244	0.4789	0.2597
0.3034	0.4618	5.7	0.1233	0.4789	0.2575
0.3034	0.4618	6.0	0.1300	0.4789	0.2715
0.3034	0.4618	6.4	0.1329	0.4789	0.2775
0.3034	0.4618	6.8	0.1324	0.4789	0.2765
0.3034	0.4618	7.1	0.1282	0.4789	0.2676
0.3034	0.4618	7.5	0.1250	0.4789	0.2609
0.3034	0.4618	7.9	0.1311	0.4789	0.2737
0.3034	0.4618	8.2	0.1364	0.4789	0.2848
0.3034	0.4618	8.6	0.1405	0.4789	0.2934
0.3034	0.4618	9.0	0.1466	0.4789	0.3060
0.3034	0.4618	9.3	0.1508	0.4789	0.3149
0.3034	0.4618	9.7	0.1692	0.4789	0.3532
0.3034	0.4618	10.1	0.1916	0.4789	0.4000
0.3034	0.4618	10.4	0.2062	0.4789	0.4305
0.3034	0.4618	10.8	0.2343	0.4789	0.4892
0.3034	0.4618	11.2	0.2316	0.4789	0.4836
0.3034	0.4618	11.6	0.2692	0.4789	0.5621
0.3034	0.4618	11.9	0.2479	0.4789	0.5176
0.3034	0.4618	12.3	0.3218	0.4789	0.6719
0.3034	0.4618	12.7	0.2447	0.4789	0.5108
0.3034	0.4618	13.0	0.2980	0.4789	0.6221
0.3034	0.4618	13.4	0.2680	0.4789	0.5595
0.3034	0.4618	13.8	0.2449	0.4789	0.5113
0.3034	0.4618	14.1	0.2431	0.4789	0.5076
0.3034	0.4618	14.5	0.2458	0.4789	0.5132
0.3034	0.4618	14.9	0.2663	0.4789	0.5560
0.3034	0.4618	15.2	0.1529	0.4789	0.3192
0.3034	0.4618	15.6	0.2429	0.4789	0.5071
0.3034	0.4618	16.0	0.2574	0.4789	0.5373
0.3034	0.4618	16.3	0.2576	0.4789	0.5378
0.3034	0.4618	16.7	0.3162	0.4789	0.6601
0.3034	0.4618	17.1	0.3669	0.4789	0.7661
0.3034	0.4618	17.4	0.3622	0.4789	0.7563
0.3034	0.4618	17.8	0.3120	0.4789	0.6515
0.3034	0.4618	18.2	0.3688	0.4789	0.7699
0.3034	0.4618	18.5	0.3302	0.4789	0.6895
0.3034	0.4618	18.9	0.4268	0.4789	0.8911
0.3034	0.4618	19.3	0.2905	0.4789	0.6066
0.3034	0.4618	19.6	0.3653	0.4789	0.7627
0.3034	0.4618	20.0	0.3244	0.4789	0.6773
0.3103	0.4516	2.0	0.1145	0.5192	0.2205
0.3103	0.4516	2.4	0.1187	0.5192	0.2286
0.3103	0.4516	2.7	0.1212	0.5192	0.2335
0.3103	0.4516	3.1	0.1164	0.5192	0.2242
0.3103	0.4516	3.5	0.1209	0.5192	0.2328
0.3103	0.4516	3.8	0.1386	0.5192	0.2670
0.3103	0.4516	4.2	0.1198	0.5192	0.2307
0.3103	0.4516	4.6	0.1302	0.5192	0.2509
0.3103	0.4516	4.9	0.1303	0.5192	0.2510
0.3103	0.4516	5.3	0.1325	0.5192	0.2551
0.3103	0.4516	5.7	0.1197	0.5192	0.2306
0.3103	0.4516	6.0	0.1190	0.5192	0.2292
0.3103	0.4516	6.4	0.1214	0.5192	0.2339
0.3103	0.4516	6.8	0.1289	0.5192	0.2482
0.3103	0.4516	7.1	0.1340	0.5192	0.2581
0.3103	0.4516	7.5	0.1278	0.5192	0.2463
0.3103	0.4516	7.9	0.1331	0.5192	0.2564
0.3103	0.4516	8.2	0.1566	0.5192	0.3016
0.3103	0.4516	8.6	0.1560	0.5192	0.3005
0.3103	0.4516	9.0	0.1633	0.5192	0.3145
0.3103	0.4516	9.3	0.1666	0.5192	0.3210
0.3103	0.4516	9.7	0.1696	0.5192	0.3266
0.3103	0.4516	10.1	0.1927	0.5192	0.3711
0.3103	0.4516	10.4	0.2032	0.5192	0.3915
0.3103	0.4516	10.8	0.2866	0.5192	0.5521
0.3103	0.4516	11.2	0.2763	0.5192	0.5323
0.3103	0.4516	11.6	0.3522	0.5192	0.6783
0.3103	0.4516	11.9	0.2887	0.5192	0.5561
0.3103	0.4516	12.3	0.2541	0.5192	0.4895
0.3103	0.4516	12.7	0.3089	0.5192	0.5950
0.3103	0.4516	13.0	0.3099	0.5192	0.5969
0.3103	0.4516	13.4	0.2361	0.5192	0.4547
0.3103	0.4516	13.8	0.2337	0.5192	0.4502
0.3103	0.4516	14.1	0.3036	0.5192	0.5848
0.3103	0.4516	14.5	0.2759	0.5192	0.5314
0.3103	0.4516	14.9	0.3581	0.5192	0.6897
0.3103	0.4516	15.2	0.2254	0.5192	0.4342
0.3103	0.4516	15.6	0.3010	0.5192	0.5798
0.3103	0.4516	16.0	0.2830	0.5192	0.5451
0.3103	0.4516	16.3	0.3084	0.5192	0.5940
0.3103	0.4516	16.7	0.3640	0.5192	0.7010
0.3103	0.4516	17.1	0.3801	0.5192	0.7320
0.3103	0.4516	17.4	0.4642	0.5192	0.8941
0.3103	0.4516	17.8	0.3767	0.5192	0.7256
0.3103	0.4516	18.2	0.3203	0.5192	0.6170
0.3103	0.4516	18.5	0.3136	0.5192	0.6041
0.3103	0.4516	18.9	0.2929	0.5192	0.5642
0.3103	0.4516	19.3	0.3527	0.5192	0.6794
0.3103	0.4516	19.6	0.2888	0.5192	0.5562
0.3103	0.4516	20.0	0.3901	0.5192	0.7513
0.3169	0.4414	2.0	0.1160	0.4680	0.2479
0.3169	0.4414	2.4	0.1168	0.4680	0.2496
0.3169	0.4414	2.7	0.1188	0.4680	0.2539
0.3169	0.4414	3.1	0.1155	0.4680	0.2469
0.3169	0.4414	3.5	0.1195	0.4680	0.2554
0.3169	0.4414	3.8	0.1222	0.4680	0.2611
0.3169	0.4414	4.2	0.1243	0.4680	0.2655
0.3169	0.4414	4.6	0.1214	0.4680	0.2595
0.3169	0.4414	4.9	0.1188	0.4680	0.2538
0.3169	0.4414	5.3	0.1357	0.4680	0.2900
0.3169	0.4414	5.7	0.1233	0.4680	0.2634
0.3169	0.4414	6.0	0.1201	0.4680	0.2567
0.3169	0.4414	6.4	0.1251	0.4680	0.2673
0.3169	0.4414	6.8	0.1363	0.4680	0.2913
0.3169	0.4414	7.1	0.1357	0.4680	0.2899
0.3169	0.4414	7.5	0.1409	0.4680	0.3011
0.3169	0.4414	7.9	0.1442	0.4680	0.3081
0.3169	0.4414	8.2	0.1509	0.4680	0.3225
0.3169	0.4414	8.6	0.1507	0.4680	0.3221
0.3169	0.4414	9.0	0.1592	0.4680	0.3403
0.3169	0.4414	9.3	0.1933	0.4680	0.4131
0.3169	0.4414	9.7	0.2336	0.4680	0.4993
0.3169	0.4414	10.1	0.2352	0.4680	0.5026
0.3169	0.4414	10.4	0.2394	0.4680	0.5116
0.3169	0.4414	10.8	0.2807	0.4680	0.5999
0.3169	0.4414	11.2	0.2870	0.4680	0.6132
0.3169	0.4414	11.6	0.2943	0.4680	0.6288
0.3169	0.4414	11.9	0.2688	0.4680	0.5744
0.3169	0.4414	12.3	0.3154	0.4680	0.6739
0.3169	0.4414	12.7	0.3993	0.4680	0.8532
0.3169	0.4414	13.0	0.3045	0.4680	0.6506
0.3169	0.4414	13.4	0.1774	0.4680	0.3791
0.3169	0.4414	13.8	0.1333	0.4680	0.2849
0.3169	0.4414	14.1	0.1496	0.4680	0.3197
0.3169	0.4414	14.5	0.2494	0.4680	0.5330
0.3169	0.4414	14.9	0.2803	0.4680	0.5990
0.3169	0.4414	15.2	0.4144	0.4680	0.8854
0.3169	0.4414	15.6	0.2678	0.4680	0.5723
0.3169	0.4414	16.0	0.4388	0.4680	0.9376
0.3169	0.4414	16.3	0.2093	0.4680	0.4473
0.3169	0.4414	16.7	0.2792	0.4680	0.5965
0.3169	0.4414	17.1	0.4490	0.4680	0.9595
0.3169	0.4414	17.4	0.3897	0.4680	0.8327
0.3169	0.4414	17.8	0.3734	0.4680	0.7978
0.3169	0.4414	18.2	0.3807	0.4680	0.8134
0.3169	0.4414	18.5	0.3695	0.4680	0.7896
0.3169	0.4414	18.9	0.4101	0.4680	0.8762
0.3169	0.4414	19.3	0.3934	0.4680	0.8406
0.3169	0.4414	19.6	0.4105	0.4680	0.8772
0.3169	0.4414	20.0	0.3231	0.4680	0.6904
0.3263	0.4312	2.0	0.1425	0.4467	0.3189
0.3263	0.4312	2.4	0.1169	0.4467	0.2618
0.3263	0.4312	2.7	0.1163	0.4467	0.2603
0.3263	0.4312	3.1	0.1146	0.4467	0.2565
0.3263	0.4312	3.5	0.1172	0.4467	0.2625
0.3263	0.4312	3.8	0.1167	0.4467	0.2612
0.3263	0.4312	4.2	0.1251	0.4467	0.2801
0.3263	0.4312	4.6	0.1215	0.4467	0.2719
0.3263	0.4312	4.9	0.1254	0.4467	0.2807
0.3263	0.4312	5.3	0.1359	0.4467	0.3043
0.3263	0.4312	5.7	0.1373	0.4467	0.3073
0.3263	0.4312	6.0	0.1363	0.4467	0.3052
0.3263	0.4312	6.4	0.1331	0.4467	0.2979
0.3263	0.4312	6.8	0.1311	0.4467	0.2936
0.3263	0.4312	7.1	0.1369	0.4467	0.3066
0.3263	0.4312	7.5	0.1349	0.4467	0.3021
0.3263	0.4312	7.9	0.1568	0.4467	0.3510
0.3263	0.4312	8.2	0.1552	0.4467	0.3474
0.3263	0.4312	8.6	0.1639	0.4467	0.3669
0.3263	0.4312	9.0	0.1698	0.4467	0.3801
0.3263	0.4312	9.3	0.1890	0.4467	0.4231
0.3263	0.4312	9.7	0.2184	0.4467	0.4889
0.3263	0.4312	10.1	0.1489	0.4467	0.3332
0.3263	0.4312	10.4	0.1629	0.4467	0.3648
0.3263	0.4312	10.8	0.2087	0.4467	0.4672
0.3263	0.4312	11.2	0.1262	0.4467	0.2824
0.3263	0.4312	11.6	0.1397	0.4467	0.3128
0.3263	0.4312	11.9	0.2266	0.4467	0.5073
0.3263	0.4312	12.3	0.1737	0.4467	0.3888
0.3263	0.4312	12.7	0.1990	0.4467	0.4455
0.3263	0.4312	13.0	0.1638	0.4467	0.3667
0.3263	0.4312	13.4	0.2388	0.4467	0.5346
0.3263	0.4312	13.8	0.2339	0.4467	0.5236
0.3263	0.4312	14.1	0.1576	0.4467	0.3529
0.3263	0.4312	14.5	0.2501	0.4467	0.5598
0.3263	0.4312	14.9	0.1527	0.4467	0.3418
0.3263	0.4312	15.2	0.2187	0.4467	0.4895
0.3263	0.4312	15.6	0.2273	0.4467	0.5089
0.3263	0.4312	16.0	0.2432	0.4467	0.5445
0.3263	0.4312	16.3	0.2382	0.4467	0.5332
0.3263	0.4312	16.7	0.2755	0.4467	0.6166
0.3263	0.4312	17.1	0.2139	0.4467	0.4788
0.3263	0.4312	17.4	0.1834	0.4467	0.4105
0.3263	0.4312	17.8	0.1921	0.4467	0.4301
0.3263	0.4312	18.2	0.2091	0.4467	0.4682
0.3263	0.4312	18.5	0.1880	0.4467	0.4209
0.3263	0.4312	18.9	0.1882	0.4467	0.4212
0.3263	0.4312	19.3	0.2452	0.4467	0.5489
0.3263	0.4312	19.6	0.1511	0.4467	0.3383
0.3263	0.4312	20.0	0.1720	0.4467	0.3850
0.3514	0.4210	2.0	0.1136	0.5157	0.2202
0.3514	0.4210	2.4	0.1366	0.5157	0.2648
0.3514	0.4210	2.7	0.1329	0.5157	0.2578
0.3514	0.4210	3.1	0.1314	0.5157	0.2547
0.3514	0.4210	3.5	0.1181	0.5157	0.2290
0.3514	0.4210	3.8	0.1208	0.5157	0.2343
0.3514	0.4210	4.2	0.1215	0.5157	0.2356
0.3514	0.4210	4.6	0.1266	0.5157	0.2455
0.3514	0.4210	4.9	0.1289	0.5157	0.2500
0.3514	0.4210	5.3	0.1259	0.5157	0.2441
0.3514	0.4210	5.7	0.1274	0.5157	0.2469
0.3514	0.4210	6.0	0.1230	0.5157	0.2385
0.3514	0.4210	6.4	0.1337	0.5157	0.2592
0.3514	0.4210	6.8	0.1331	0.5157	0.2580
0.3514	0.4210	7.1	0.1300	0.5157	0.2520
0.3514	0.4210	7.5	0.1399	0.5157	0.2712
0.3514	0.4210	7.9	0.1452	0.5157	0.2816
0.3514	0.4210	8.2	0.1490	0.5157	0.2889
0.3514	0.4210	8.6	0.1362	0.5157	0.2642
0.3514	0.4210	9.0	0.1576	0.5157	0.3056
0.3514	0.4210	9.3	0.1665	0.5157	0.3229
0.3514	0.4210	9.7	0.1776	0.5157	0.3444
0.3514	0.4210	10.1	0.2470	0.5157	0.4790
0.3514	0.4210	10.4	0.2579	0.5157	0.5001
0.3514	0.4210	10.8	0.2819	0.5157	0.5465
0.3514	0.4210	11.2	0.2466	0.5157	0.4781
0.3514	0.4210	11.6	0.2537	0.5157	0.4920
0.3514	0.4210	11.9	0.2447	0.5157	0.4744
0.3514	0.4210	12.3	0.2220	0.5157	0.4303
0.3514	0.4210	12.7	0.1641	0.5157	0.3183
0.3514	0.4210	13.0	0.1795	0.5157	0.3481
0.3514	0.4210	13.4	0.1426	0.5157	0.2765
0.3514	0.4210	13.8	0.2460	0.5157	0.4769
0.3514	0.4210	14.1	0.3158	0.5157	0.6124
0.3514	0.4210	14.5	0.2604	0.5157	0.5048
0.3514	0.4210	14.9	0.2887	0.5157	0.5598
0.3514	0.4210	15.2	0.2539	0.5157	0.4924
0.3514	0.4210	15.6	0.2011	0.5157	0.3900
0.3514	0.4210	16.0	0.2521	0.5157	0.4888
0.3514	0.4210	16.3	0.3117	0.5157	0.6043
0.3514	0.4210	16.7	0.3483	0.5157	0.6753
0.3514	0.4210	17.1	0.3152	0.5157	0.6111
0.3514	0.4210	17.4	0.3544	0.5157	0.6872
0.3514	0.4210	17.8	0.2588	0.5157	0.5018
0.3514	0.4210	18.2	0.3370	0.5157	0.6533
0.3514	0.4210	18.5	0.2205	0.5157	0.4275
0.3514	0.4210	18.9	0.2924	0.5157	0.5670
0.3514	0.4210	19.3	0.1488	0.5157	0.2885
0.3514	0.4210	19.6	0.2886	0.5157	0.5595
0.3514	0.4210	20.0	0.2708	0.5157	0.5250
0.3951	0.4108	2.0	0.1377	0.5432	0.2536
0.3951	0.4108	2.4	0.1121	0.5432	0.2064
0.3951	0.4108	2.7	0.1245	0.5432	0.2293
0.3951	0.4108	3.1	0.1259	0.5432	0.2317
0.3951	0.4108	3.5	0.1182	0.5432	0.2177
0.3951	0.4108	3.8	0.1206	0.5432	0.2221
0.3951	0.4108	4.2	0.1368	0.5432	0.2519
0.3951	0.4108	4.6	0.1190	0.5432	0.2190
0.3951	0.4108	4.9	0.1230	0.5432	0.2264
0.3951	0.4108	5.3	0.1210	0.5432	0.2228
0.3951	0.4108	5.7	0.1222	0.5432	0.2249
0.3951	0.4108	6.0	0.1249	0.5432	0.2300
0.3951	0.4108	6.4	0.1314	0.5432	0.2419
0.3951	0.4108	6.8	0.1240	0.5432	0.2283
0.3951	0.4108	7.1	0.1259	0.5432	0.2318
0.3951	0.4108	7.5	0.1260	0.5432	0.2320
0.3951	0.4108	7.9	0.1367	0.5432	0.2517
0.3951	0.4108	8.2	0.1381	0.5432	0.2543
0.3951	0.4108	8.6	0.1412	0.5432	0.2600
0.3951	0.4108	9.0	0.1493	0.5432	0.2748
0.3951	0.4108	9.3	0.1640	0.5432	0.3019
0.3951	0.4108	9.7	0.1842	0.5432	0.3390
0.3951	0.4108	10.1	0.1834	0.5432	0.3376
0.3951	0.4108	10.4	0.1767	0.5432	0.3254
0.3951	0.4108	10.8	0.1930	0.5432	0.3553
0.3951	0.4108	11.2	0.2155	0.5432	0.3968
0.3951	0.4108	11.6	0.2583	0.5432	0.4756
0.3951	0.4108	11.9	0.2543	0.5432	0.4681
0.3951	0.4108	12.3	0.2492	0.5432	0.4588
0.3951	0.4108	12.7	0.2809	0.5432	0.5171
0.3951	0.4108	13.0	0.2897	0.5432	0.5334
0.3951	0.4108	13.4	0.2532	0.5432	0.4661
0.3951	0.4108	13.8	0.2512	0.5432	0.4625
0.3951	0.4108	14.1	0.2388	0.5432	0.4397
0.3951	0.4108	14.5	0.1984	0.5432	0.3652
0.3951	0.4108	14.9	0.1745	0.5432	0.3212
0.3951	0.4108	15.2	0.1645	0.5432	0.3029
0.3951	0.4108	15.6	0.1444	0.5432	0.2659
0.3951	0.4108	16.0	0.2062	0.5432	0.3797
0.3951	0.4108	16.3	0.1459	0.5432	0.2685
0.3951	0.4108	16.7	0.1759	0.5432	0.3239
0.3951	0.4108	17.1	0.2070	0.5432	0.3810
0.3951	0.4108	17.4	0.1933	0.5432	0.3560
0.3951	0.4108	17.8	0.2486	0.5432	0.4576
0.3951	0.4108	18.2	0.1875	0.5432	0.3451
0.3951	0.4108	18.5	0.1839	0.5432	0.3386
0.3951	0.4108	18.9	0.2521	0.5432	0.4642
0.3951	0.4108	19.3	0.2209	0.5432	0.4067
0.3951	0.4108	19.6	0.2264	0.5432	0.4168
0.3951	0.4108	20.0	0.2224	0.5432	0.4095
0.4060	0.4006	2.0	0.1229	0.5703	0.2155
0.4060	0.4006	2.4	0.1240	0.5703	0.2174
0.4060	0.4006	2.7	0.1234	0.5703	0.2164
0.4060	0.4006	3.1	0.1375	0.5703	0.2411
0.4060	0.4006	3.5	0.1267	0.5703	0.2222
0.4060	0.4006	3.8	0.1269	0.5703	0.2224
0.4060	0.4006	4.2	0.1126	0.5703	0.1974
0.4060	0.4006	4.6	0.1169	0.5703	0.2050
0.4060	0.4006	4.9	0.1168	0.5703	0.2049
0.4060	0.4006	5.3	0.1167	0.5703	0.2046
0.4060	0.4006	5.7	0.1303	0.5703	0.2284
0.4060	0.4006	6.0	0.1348	0.5703	0.2364
0.4060	0.4006	6.4	0.1305	0.5703	0.2288
0.4060	0.4006	6.8	0.1423	0.5703	0.2494
0.4060	0.4006	7.1	0.1408	0.5703	0.2469
0.4060	0.4006	7.5	0.1342	0.5703	0.2353
0.4060	0.4006	7.9	0.1464	0.5703	0.2567
0.4060	0.4006	8.2	0.1599	0.5703	0.2803
0.4060	0.4006	8.6	0.1843	0.5703	0.3231
0.4060	0.4006	9.0	0.2191	0.5703	0.3842
0.4060	0.4006	9.3	0.2170	0.5703	0.3804
0.4060	0.4006	9.7	0.2746	0.5703	0.4815
0.4060	0.4006	10.1	0.2458	0.5703	0.4309
0.4060	0.4006	10.4	0.1551	0.5703	0.2719
0.4060	0.4006	10.8	0.2174	0.5703	0.3811
0.4060	0.4006	11.2	0.2930	0.5703	0.5138
0.4060	0.4006	11.6	0.3196	0.5703	0.5603
0.4060	0.4006	11.9	0.2747	0.5703	0.4816
0.4060	0.4006	12.3	0.2459	0.5703	0.4312
0.4060	0.4006	12.7	0.2020	0.5703	0.3542
0.4060	0.4006	13.0	0.2377	0.5703	0.4167
0.4060	0.4006	13.4	0.2305	0.5703	0.4041
0.4060	0.4006	13.8	0.2284	0.5703	0.4005
0.4060	0.4006	14.1	0.2734	0.5703	0.4794
0.4060	0.4006	14.5	0.2918	0.5703	0.5117
0.4060	0.4006	14.9	0.3237	0.5703	0.5675
0.4060	0.4006	15.2	0.2120	0.5703	0.3718
0.4060	0.4006	15.6	0.2077	0.5703	0.3642
0.4060	0.4006	16.0	0.2292	0.5703	0.4018
0.4060	0.4006	16.3	0.3173	0.5703	0.5564
0.4060	0.4006	16.7	0.3065	0.5703	0.5374
0.4060	0.4006	17.1	0.2309	0.5703	0.4048
0.4060	0.4006	17.4	0.3727	0.5703	0.6535
0.4060	0.4006	17.8	0.2170	0.5703	0.3805
0.4060	0.4006	18.2	0.1993	0.5703	0.3495
0.4060	0.4006	18.5	0.2106	0.5703	0.3693
0.4060	0.4006	18.9	0.1550	0.5703	0.2717
0.4060	0.4006	19.3	0.2399	0.5703	0.4206
0.4060	0.4006	19.6	0.1770	0.5703	0.3103
0.4060	0.4006	20.0	0.2075	0.5703	0.3639
0.4503	0.3904	2.0	0.1185	0.5362	0.2210
0.4503	0.3904	2.4	0.1172	0.5362	0.2185
0.4503	0.3904	2.7	0.1217	0.5362	0.2269
0.4503	0.3904	3.1	0.1197	0.5362	0.2232
0.4503	0.3904	3.5	0.1189	0.5362	0.2217
0.4503	0.3904	3.8	0.1434	0.5362	0.2674
0.4503	0.3904	4.2	0.1416	0.5362	0.2642
0.4503	0.3904	4.6	0.1354	0.5362	0.2525
0.4503	0.3904	4.9	0.1190	0.5362	0.2220
0.4503	0.3904	5.3	0.1183	0.5362	0.2206
0.4503	0.3904	5.7	0.1281	0.5362	0.2389
0.4503	0.3904	6.0	0.1258	0.5362	0.2346
0.4503	0.3904	6.4	0.1267	0.5362	0.2364
0.4503	0.3904	6.8	0.1282	0.5362	0.2392
0.4503	0.3904	7.1	0.1333	0.5362	0.2486
0.4503	0.3904	7.5	0.1346	0.5362	0.2511
0.4503	0.3904	7.9	0.1397	0.5362	0.2606
0.4503	0.3904	8.2	0.1460	0.5362	0.2723
0.4503	0.3904	8.6	0.1426	0.5362	0.2659
0.4503	0.3904	9.0	0.1553	0.5362	0.2896
0.4503	0.3904	9.3	0.1757	0.5362	0.3277
0.4503	0.3904	9.7	0.1659	0.5362	0.3095
0.4503	0.3904	10.1	0.1983	0.5362	0.3699
0.4503	0.3904	10.4	0.2718	0.5362	0.5070
0.4503	0.3904	10.8	0.2530	0.5362	0.4718
0.4503	0.3904	11.2	0.2482	0.5362	0.4629
0.4503	0.3904	11.6	0.2767	0.5362	0.5161
0.4503	0.3904	11.9	0.2697	0.5362	0.5029
0.4503	0.3904	12.3	0.2329	0.5362	0.4344
0.4503	0.3904	12.7	0.2657	0.5362	0.4955
0.4503	0.3904	13.0	0.2907	0.5362	0.5421
0.4503	0.3904	13.4	0.2724	0.5362	0.5080
0.4503	0.3904	13.8	0.3692	0.5362	0.6886
0.4503	0.3904	14.1	0.2679	0.5362	0.4997
0.4503	0.3904	14.5	0.2759	0.5362	0.5146
0.4503	0.3904	14.9	0.3232	0.5362	0.6027
0.4503	0.3904	15.2	0.2966	0.5362	0.5532
0.4503	0.3904	15.6	0.2967	0.5362	0.5534
0.4503	0.3904	16.0	0.2641	0.5362	0.4926
0.4503	0.3904	16.3	0.3638	0.5362	0.6785
0.4503	0.3904	16.7	0.3226	0.5362	0.6017
0.4503	0.3904	17.1	0.2503	0.5362	0.4669
0.4503	0.3904	17.4	0.2559	0.5362	0.4773
0.4503	0.3904	17.8	0.3186	0.5362	0.5943
0.4503	0.3904	18.2	0.2808	0.5362	0.5236
0.4503	0.3904	18.5	0.4440	0.5362	0.8280
0.4503	0.3904	18.9	0.3434	0.5362	0.6406
0.4503	0.3904	19.3	0.2899	0.5362	0.5407
0.4503	0.3904	19.6	0.2476	0.5362	0.4618
0.4503	0.3904	20.0	0.3307	0.5362	0.6167
0.4978	0.3802	2.0	0.1311	0.5727	0.2288
0.4978	0.3802	2.4	0.1424	0.5727	0.2487
0.4978	0.3802	2.7	0.1192	0.5727	0.2081
0.4978	0.3802	3.1	0.1433	0.5727	0.2502
0.4978	0.3802	3.5	0.1184	0.5727	0.2067
0.4978	0.3802	3.8	0.1132	0.5727	0.1977
0.4978	0.3802	4.2	0.1153	0.5727	0.2012
0.4978	0.3802	4.6	0.1164	0.5727	0.2033
0.4978	0.3802	4.9	0.1254	0.5727	0.2189
0.4978	0.3802	5.3	0.1263	0.5727	0.2206
0.4978	0.3802	5.7	0.1315	0.5727	0.2296
0.4978	0.3802	6.0	0.1220	0.5727	0.2131
0.4978	0.3802	6.4	0.1188	0.5727	0.2074
0.4978	0.3802	6.8	0.1169	0.5727	0.2041
0.4978	0.3802	7.1	0.1240	0.5727	0.2165
0.4978	0.3802	7.5	0.1414	0.5727	0.2469
0.4978	0.3802	7.9	0.1435	0.5727	0.2506
0.4978	0.3802	8.2	0.1474	0.5727	0.2573
0.4978	0.3802	8.6	0.1425	0.5727	0.2488
0.4978	0.3802	9.0	0.1610	0.5727	0.2812
0.4978	0.3802	9.3	0.1609	0.5727	0.2810
0.4978	0.3802	9.7	0.1694	0.5727	0.2957
0.4978	0.3802	10.1	0.1756	0.5727	0.3066
0.4978	0.3802	10.4	0.1791	0.5727	0.3127
0.4978	0.3802	10.8	0.1918	0.5727	0.3349
0.4978	0.3802	11.2	0.2248	0.5727	0.3926
0.4978	0.3802	11.6	0.2462	0.5727	0.4298
0.4978	0.3802	11.9	0.2564	0.5727	0.4476
0.4978	0.3802	12.3	0.2993	0.5727	0.5226
0.4978	0.3802	12.7	0.3032	0.5727	0.5294
0.4978	0.3802	13.0	0.2565	0.5727	0.4479
0.4978	0.3802	13.4	0.2130	0.5727	0.3719
0.4978	0.3802	13.8	0.1728	0.5727	0.3018
0.4978	0.3802	14.1	0.1711	0.5727	0.2987
0.4978	0.3802	14.5	0.1301	0.5727	0.2272
0.4978	0.3802	14.9	0.1363	0.5727	0.2381
0.4978	0.3802	15.2	0.1370	0.5727	0.2393
0.4978	0.3802	15.6	0.1370	0.5727	0.2392
0.4978	0.3802	16.0	0.1134	0.5727	0.1980
0.4978	0.3802	16.3	0.1676	0.5727	0.2926
0.4978	0.3802	16.7	0.1255	0.5727	0.2191
0.4978	0.3802	17.1	0.1744	0.5727	0.3045
0.4978	0.3802	17.4	0.2122	0.5727	0.3705
0.4978	0.3802	17.8	0.1358	0.5727	0.2371
0.4978	0.3802	18.2	0.1810	0.5727	0.3161
0.4978	0.3802	18.5	0.1821	0.5727	0.3179
0.4978	0.3802	18.9	0.1524	0.5727	0.2661
0.4978	0.3802	19.3	0.2717	0.5727	0.4744
0.4978	0.3802	19.6	0.1409	0.5727	0.2460
0.4978	0.3802	20.0	0.2364	0.5727	0.4128
0.5314	0.3700	2.0	0.1287	0.5332	0.2414
0.5314	0.3700	2.4	0.1209	0.5332	0.2268
0.5314	0.3700	2.7	0.1242	0.5332	0.2330
0.5314	0.3700	3.1	0.1344	0.5332	0.2520
0.5314	0.3700	3.5	0.1226	0.5332	0.2299
0.5314	0.3700	3.8	0.1351	0.5332	0.2533
0.5314	0.3700	4.2	0.1224	0.5332	0.2296
0.5314	0.3700	4.6	0.1347	0.5332	0.2527
0.5314	0.3700	4.9	0.1187	0.5332	0.2226
0.5314	0.3700	5.3	0.1173	0.5332	0.2201
0.5314	0.3700	5.7	0.1181	0.5332	0.2215
0.5314	0.3700	6.0	0.1516	0.5332	0.2843
0.5314	0.3700	6.4	0.1520	0.5332	0.2851
0.5314	0.3700	6.8	0.1484	0.5332	0.2784
0.5314	0.3700	7.1	0.1460	0.5332	0.2738
0.5314	0.3700	7.5	0.1376	0.5332	0.2582
0.5314	0.3700	7.9	0.1429	0.5332	0.2680
0.5314	0.3700	8.2	0.1466	0.5332	0.2750
0.5314	0.3700	8.6	0.1332	0.5332	0.2498
0.5314	0.3700	9.0	0.1391	0.5332	0.2610
0.5314	0.3700	9.3	0.1377	0.5332	0.2582
0.5314	0.3700	9.7	0.1710	0.5332	0.3207
0.5314	0.3700	10.1	0.1725	0.5332	0.3235
0.5314	0.3700	10.4	0.1803	0.5332	0.3382
0.5314	0.3700	10.8	0.2289	0.5332	0.4293
0.5314	0.3700	11.2	0.2161	0.5332	0.4053
0.5314	0.3700	11.6	0.2341	0.5332	0.4390
0.5314	0.3700	11.9	0.2611	0.5332	0.4897
0.5314	0.3700	12.3	0.2786	0.5332	0.5225
0.5314	0.3700	12.7	0.1764	0.5332	0.3308
0.5314	0.3700	13.0	0.2260	0.5332	0.4239
0.5314	0.3700	13.4	0.0958	0.5332	0.1797
0.5314	0.3700	13.8	0.0927	0.5332	0.1738
0.5314	0.3700	14.1	0.1258	0.5332	0.2360
0.5314	0.3700	14.5	0.1098	0.5332	0.2059
0.5314	0.3700	14.9	0.0990	0.5332	0.1857
0.5314	0.3700	15.2	0.0851	0.5332	0.1595
0.5314	0.3700	15.6	0.1004	0.5332	0.1884
0.5314	0.3700	16.0	0.0787	0.5332	0.1477
0.5314	0.3700	16.3	0.1795	0.5332	0.3367
0.5314	0.3700	16.7	0.0940	0.5332	0.1762
0.5314	0.3700	17.1	0.1329	0.5332	0.2494
0.5314	0.3700	17.4	0.1512	0.5332	0.2836
0.5314	0.3700	17.8	0.1339	0.5332	0.2512
0.5314	0.3700	18.2	0.1192	0.5332	0.2235
0.5314	0.3700	18.5	0.1174	0.5332	0.2202
0.5314	0.3700	18.9	0.1106	0.5332	0.2075
0.5314	0.3700	19.3	0.1019	0.5332	0.1912
0.5314	0.3700	19.6	0.1622	0.5332	0.3042
0.5314	0.3700	20.0	0.1640	0.5332	0.3076
