base_sigma	MAX_EXC_WEIGHT	Gini	mean_peaks_height	std_peaks_height	fano_factor
0.0400	2.00	0.000000	0.000000	0.000000	0.000000
0.0400	2.37	0.000000	0.000000	0.000000	0.000000
0.0400	2.73	0.000000	0.000000	0.000000	0.000000
0.0400	3.10	0.000000	0.000000	0.000000	0.000000
0.0400	3.47	0.000000	0.000000	0.000000	0.000000
0.0400	3.84	0.000000	0.000000	0.000000	0.000000
0.0400	4.20	0.000000	0.000000	0.000000	0.000000
0.0400	4.57	0.000000	0.000000	0.000000	0.000000
0.0400	4.94	0.000000	0.000000	0.000000	0.000000
0.0400	5.31	0.000000	0.000000	0.000000	0.000000
0.0400	5.67	0.000000	0.000000	0.000000	0.000000
0.0400	6.04	0.000000	0.000000	0.000000	0.000000
0.0400	6.41	0.000000	0.000000	0.000000	0.000000
0.0400	6.78	0.000000	0.000000	0.000000	0.000000
0.0400	7.14	0.000000	0.000000	0.000000	0.000000
0.0400	7.51	0.000000	0.000000	0.000000	0.000000
0.0400	7.88	0.000000	0.000000	0.000000	0.000000
0.0400	8.24	0.000000	0.000000	0.000000	0.000000
0.0400	8.61	0.000000	0.000000	0.000000	0.000000
0.0400	8.98	0.000000	0.000000	0.000000	0.000000
0.0400	9.35	0.000000	0.000000	0.000000	0.000000
0.0400	9.71	0.000000	0.000000	0.000000	0.000000
0.0400	10.08	0.000000	0.000000	0.000000	0.000000
0.0400	10.45	0.000000	0.000000	0.000000	0.000000
0.0400	10.82	0.000000	0.061237	0.008896	0.001292
0.0400	11.18	0.000000	0.062536	0.012550	0.002519
0.0400	11.55	0.000000	0.085376	0.025705	0.007739
0.0400	11.92	0.000000	0.106020	0.037730	0.013427
0.0400	12.29	0.000000	0.141129	0.055261	0.021638
0.0400	12.65	0.000000	0.250887	0.077395	0.023876
0.0400	13.02	0.000000	0.374210	0.069444	0.012887
0.0400	13.39	0.000000	0.393891	0.083880	0.017862
0.0400	13.76	0.000000	0.514773	0.058769	0.006709
0.0400	14.12	0.000000	0.569374	0.088596	0.013786
0.0400	14.49	0.000000	0.654349	0.055226	0.004661
0.0400	14.86	0.000000	0.702045	0.074378	0.007880
0.0400	15.22	0.000000	0.727743	0.046661	0.002992
0.0400	15.59	0.000000	0.739148	0.061832	0.005172
0.0400	15.96	0.000000	0.787104	0.050764	0.003274
0.0400	16.33	0.000000	0.792916	0.050950	0.003274
0.0400	16.69	0.000000	0.800591	0.046876	0.002745
0.0400	17.06	0.000000	0.811991	0.049333	0.002997
0.0400	17.43	0.000000	0.808678	0.055628	0.003827
0.0400	17.80	0.000000	0.828135	0.041945	0.002125
0.0400	18.16	0.000000	0.849763	0.024271	0.000693
0.0400	18.53	0.000000	0.831448	0.041246	0.002046
0.0400	18.90	0.000000	0.855907	0.036309	0.001540
0.0400	19.27	0.000000	0.842383	0.055158	0.003612
0.0400	19.63	0.000000	0.867398	0.027385	0.000865
0.0400	20.00	0.000000	0.876467	0.019242	0.000422
0.0400	20.37	0.000000	0.875554	0.021849	0.000545
0.0400	20.73	0.000000	0.885178	0.016622	0.000312
0.0400	21.10	0.000000	0.879686	0.030085	0.001029
0.0400	21.47	0.000000	0.883349	0.018534	0.000389
0.0400	21.84	0.000000	0.884725	0.021177	0.000507
0.0400	22.20	0.000000	0.881913	0.024043	0.000655
0.0400	22.57	0.000000	0.896339	0.011984	0.000160
0.0400	22.94	0.000000	0.898527	0.009751	0.000106
0.0400	23.31	0.000000	0.902422	0.006663	0.000049
0.0400	23.67	0.000000	0.902007	0.006102	0.000041
0.0400	24.04	0.000000	0.904271	0.007793	0.000067
0.0400	24.41	0.000000	0.902118	0.009130	0.000092
0.0400	24.78	0.000000	0.903955	0.007958	0.000070
0.0400	25.14	0.000000	0.903002	0.009253	0.000095
0.0400	25.51	0.000000	0.900991	0.011411	0.000145
0.0400	25.88	0.000000	0.908707	0.004356	0.000021
0.0400	26.24	0.000000	0.910014	0.005422	0.000032
0.0400	26.61	0.000000	0.909105	0.006772	0.000050
0.0400	26.98	0.000000	0.908392	0.004941	0.000027
0.0400	27.35	0.000000	0.904806	0.008998	0.000089
0.0400	27.71	0.000000	0.910600	0.003695	0.000015
0.0400	28.08	0.000000	0.910936	0.002656	0.000008
0.0400	28.45	0.000000	0.910910	0.004864	0.000026
0.1543	2.00	0.000000	0.000000	0.000000	0.000000
0.1543	2.37	0.000000	0.000000	0.000000	0.000000
0.1543	2.73	0.000000	0.000000	0.000000	0.000000
0.1543	3.10	0.000000	0.000000	0.000000	0.000000
0.1543	3.47	0.000000	0.000000	0.000000	0.000000
0.1543	3.84	0.000000	0.000000	0.000000	0.000000
0.1543	4.20	0.000000	0.000000	0.000000	0.000000
0.1543	4.57	0.000000	0.000000	0.000000	0.000000
0.1543	4.94	0.000000	0.000000	0.000000	0.000000
0.1543	5.31	0.000000	0.000000	0.000000	0.000000
0.1543	5.67	0.000000	0.000000	0.000000	0.000000
0.1543	6.04	0.000000	0.000000	0.000000	0.000000
0.1543	6.41	0.000000	0.000000	0.000000	0.000000
0.1543	6.78	0.000000	0.000000	0.000000	0.000000
0.1543	7.14	0.000000	0.000000	0.000000	0.000000
0.1543	7.51	0.000000	0.000000	0.000000	0.000000
0.1543	7.88	0.000000	0.000000	0.000000	0.000000
0.1543	8.24	0.000000	0.000000	0.000000	0.000000
0.1543	8.61	0.000000	0.000000	0.000000	0.000000
0.1543	8.98	0.000000	0.000000	0.000000	0.000000
0.1543	9.35	0.000000	0.000000	0.000000	0.000000
0.1543	9.71	0.000000	0.000000	0.000000	0.000000
0.1543	10.08	0.000000	0.000000	0.000000	0.000000
0.1543	10.45	0.000000	0.000000	0.000000	0.000000
0.1543	10.82	0.000000	0.000000	0.000000	0.000000
0.1543	11.18	0.000000	0.000000	0.000000	0.000000
0.1543	11.55	0.000000	0.000000	0.000000	0.000000
0.1543	11.92	0.000000	0.000000	0.000000	0.000000
0.1543	12.29	0.000000	0.000000	0.000000	0.000000
0.1543	12.65	0.000000	0.000000	0.000000	0.000000
0.1543	13.02	0.000000	0.000000	0.000000	0.000000
0.1543	13.39	0.000000	0.000000	0.000000	0.000000
0.1543	13.76	0.000000	0.000000	0.000000	0.000000
0.1543	14.12	0.000000	0.000000	0.000000	0.000000
0.1543	14.49	0.000000	0.000000	0.000000	0.000000
0.1543	14.86	0.000000	0.000000	0.000000	0.000000
0.1543	15.22	0.000000	0.051214	0.000575	0.000006
0.1543	15.59	0.000000	0.053975	0.003844	0.000274
0.1543	15.96	0.000000	0.055503	0.004257	0.000327
0.1543	16.33	0.000000	0.056589	0.005402	0.000516
0.1543	16.69	0.000000	0.059882	0.008054	0.001083
0.1543	17.06	0.000000	0.071728	0.013904	0.002695
0.1543	17.43	0.000000	0.078225	0.015040	0.002892
0.1543	17.80	0.000000	0.080725	0.016153	0.003232
0.1543	18.16	0.000000	0.111661	0.028027	0.007035
0.1543	18.53	0.000000	0.121717	0.029561	0.007179
0.1543	18.90	0.000000	0.157753	0.043666	0.012087
0.1543	19.27	0.000000	0.202151	0.046330	0.010618
0.1543	19.63	0.000000	0.245565	0.038461	0.006024
0.1543	20.00	0.000000	0.289043	0.051314	0.009110
0.1543	20.37	0.000000	0.295334	0.050029	0.008475
0.1543	20.73	0.000000	0.348411	0.048903	0.006864
0.1543	21.10	0.000000	0.381575	0.049095	0.006317
0.1543	21.47	0.000000	0.418386	0.061939	0.009169
0.1543	21.84	0.000000	0.453189	0.042694	0.004022
0.1543	22.20	0.000000	0.503050	0.051133	0.005197
0.1543	22.57	0.000000	0.516577	0.050860	0.005007
0.1543	22.94	0.000000	0.532989	0.045986	0.003968
0.1543	23.31	0.000000	0.564797	0.048383	0.004145
0.1543	23.67	0.000000	0.588309	0.048684	0.004029
0.1543	24.04	0.000000	0.611485	0.046548	0.003543
0.1543	24.41	0.000000	0.592471	0.071048	0.008520
0.1543	24.78	0.000000	0.637972	0.043975	0.003031
0.1543	25.14	0.000000	0.616741	0.066645	0.007202
0.1543	25.51	0.000000	0.642092	0.076927	0.009216
0.1543	25.88	0.000000	0.654636	0.099084	0.014997
0.1543	26.24	0.000000	0.684743	0.052984	0.004100
0.1543	26.61	0.000000	0.690842	0.058674	0.004983
0.1543	26.98	0.000000	0.717649	0.055198	0.004246
0.1543	27.35	0.000000	0.698618	0.073190	0.007668
0.1543	27.71	0.000000	0.739884	0.050993	0.003514
0.1543	28.08	0.000000	0.717572	0.071418	0.007108
0.1543	28.45	0.000000	0.740986	0.070801	0.006765
0.1543	28.82	0.000000	0.751389	0.060725	0.004908
0.1543	29.18	0.000000	0.690204	0.072428	0.007600
0.1543	29.55	0.000000	0.780571	0.060369	0.004669
0.1543	29.92	0.000000	0.798476	0.050869	0.003241
0.1657	2.00	0.000000	0.000000	0.000000	0.000000
0.1657	2.37	0.000000	0.000000	0.000000	0.000000
0.1657	2.73	0.000000	0.000000	0.000000	0.000000
0.1657	3.10	0.000000	0.000000	0.000000	0.000000
0.1657	3.47	0.000000	0.000000	0.000000	0.000000
0.1657	3.84	0.000000	0.000000	0.000000	0.000000
0.1657	4.20	0.000000	0.000000	0.000000	0.000000
0.1657	4.57	0.000000	0.000000	0.000000	0.000000
0.1657	4.94	0.000000	0.000000	0.000000	0.000000
0.1657	5.31	0.000000	0.000000	0.000000	0.000000
0.1657	5.67	0.000000	0.000000	0.000000	0.000000
0.1657	6.04	0.000000	0.000000	0.000000	0.000000
0.1657	6.41	0.000000	0.000000	0.000000	0.000000
0.1657	6.78	0.000000	0.000000	0.000000	0.000000
0.1657	7.14	0.000000	0.000000	0.000000	0.000000
0.1657	7.51	0.000000	0.000000	0.000000	0.000000
0.1657	7.88	0.000000	0.000000	0.000000	0.000000
0.1657	8.24	0.000000	0.000000	0.000000	0.000000
0.1657	8.61	0.000000	0.000000	0.000000	0.000000
0.1657	8.98	0.000000	0.000000	0.000000	0.000000
0.1657	9.35	0.000000	0.000000	0.000000	0.000000
0.1657	9.71	0.000000	0.000000	0.000000	0.000000
0.1657	10.08	0.000000	0.000000	0.000000	0.000000
0.1657	10.45	0.000000	0.000000	0.000000	0.000000
0.1657	10.82	0.000000	0.000000	0.000000	0.000000
0.1657	11.18	0.000000	0.000000	0.000000	0.000000
0.1657	11.55	0.000000	0.000000	0.000000	0.000000
0.1657	11.92	0.000000	0.000000	0.000000	0.000000
0.1657	12.29	0.000000	0.000000	0.000000	0.000000
0.1657	12.65	0.000000	0.000000	0.000000	0.000000
0.1657	13.02	0.000000	0.000000	0.000000	0.000000
0.1657	13.39	0.000000	0.000000	0.000000	0.000000
0.1657	13.76	0.000000	0.000000	0.000000	0.000000
0.1657	14.12	0.000000	0.000000	0.000000	0.000000
0.1657	14.49	0.000000	0.000000	0.000000	0.000000
0.1657	14.86	0.000000	0.000000	0.000000	0.000000
0.1657	15.22	0.000000	0.051331	0.000526	0.000005
0.1657	15.59	0.000000	0.056349	0.004243	0.000320
0.1657	15.96	0.000000	0.056675	0.005513	0.000536
0.1657	16.33	0.000000	0.061354	0.009151	0.001365
0.1657	16.69	0.000000	0.061906	0.009889	0.001580
0.1657	17.06	0.000000	0.064201	0.010193	0.001618
0.1657	17.43	0.000000	0.073349	0.016771	0.003835
0.1657	17.80	0.000000	0.095394	0.023823	0.005949
0.1657	18.16	0.000000	0.112109	0.029639	0.007836
0.1657	18.53	0.000000	0.118304	0.023934	0.004842
0.1657	18.90	0.000000	0.163277	0.036950	0.008362
0.1657	19.27	0.000000	0.172999	0.038223	0.008445
0.1657	19.63	0.000000	0.201620	0.037450	0.006956
0.1657	20.00	0.000000	0.266209	0.040841	0.006266
0.1657	20.37	0.000000	0.283431	0.041485	0.006072
0.1657	20.73	0.000000	0.277619	0.052441	0.009906
0.1657	21.10	0.000000	0.347474	0.041902	0.005053
0.1657	21.47	0.000000	0.357483	0.053946	0.008141
0.1657	21.84	0.000000	0.415656	0.058571	0.008253
0.1657	22.20	0.000000	0.442806	0.043246	0.004223
0.1657	22.57	0.000000	0.460214	0.067668	0.009950
0.1657	22.94	0.000000	0.456510	0.064010	0.008975
0.1657	23.31	0.000000	0.487520	0.067675	0.009394
0.1657	23.67	0.000000	0.492674	0.105623	0.022644
0.1657	24.04	0.000000	0.572467	0.049258	0.004238
0.1657	24.41	0.000000	0.591741	0.057084	0.005507
0.1657	24.78	0.000000	0.600734	0.054366	0.004920
0.1657	25.14	0.000000	0.616739	0.066755	0.007226
0.1657	25.51	0.000000	0.637736	0.063611	0.006345
0.1657	25.88	0.000000	0.667600	0.058092	0.005055
0.1657	26.24	0.000000	0.652964	0.069592	0.007417
0.1657	26.61	0.000000	0.662010	0.091451	0.012633
0.2686	2.00	0.000000	0.000000	0.000000	0.000000
0.2686	2.37	0.000000	0.000000	0.000000	0.000000
0.2686	2.73	0.000000	0.000000	0.000000	0.000000
0.2686	3.10	0.000000	0.000000	0.000000	0.000000
0.2686	3.47	0.000000	0.000000	0.000000	0.000000
0.2686	3.84	0.000000	0.000000	0.000000	0.000000
0.2686	4.20	0.000000	0.000000	0.000000	0.000000
0.2686	4.57	0.000000	0.000000	0.000000	0.000000
0.2686	4.94	0.000000	0.000000	0.000000	0.000000
0.2686	5.31	0.000000	0.000000	0.000000	0.000000
0.2686	5.67	0.000000	0.000000	0.000000	0.000000
0.2686	6.04	0.000000	0.000000	0.000000	0.000000
0.2686	6.41	0.000000	0.000000	0.000000	0.000000
0.2686	6.78	0.000000	0.000000	0.000000	0.000000
0.2686	7.14	0.000000	0.000000	0.000000	0.000000
0.2686	7.51	0.000000	0.000000	0.000000	0.000000
0.2686	7.88	0.000000	0.000000	0.000000	0.000000
0.2686	8.24	0.000000	0.000000	0.000000	0.000000
0.2686	8.61	0.000000	0.000000	0.000000	0.000000
0.2686	8.98	0.000000	0.000000	0.000000	0.000000
0.2686	9.35	0.000000	0.000000	0.000000	0.000000
0.2686	9.71	0.000000	0.000000	0.000000	0.000000
0.2686	10.08	0.000000	0.000000	0.000000	0.000000
0.2686	10.45	0.000000	0.000000	0.000000	0.000000
0.2686	10.82	0.000000	0.000000	0.000000	0.000000
0.2686	11.18	0.000000	0.000000	0.000000	0.000000
0.2686	11.55	0.000000	0.000000	0.000000	0.000000
0.2686	11.92	0.000000	0.000000	0.000000	0.000000
0.2686	12.29	0.000000	0.000000	0.000000	0.000000
0.2686	12.65	0.000000	0.000000	0.000000	0.000000
0.2686	13.02	0.000000	0.000000	0.000000	0.000000
0.2686	13.39	0.000000	0.000000	0.000000	0.000000
0.2686	13.76	0.000000	0.000000	0.000000	0.000000
0.2686	14.12	0.000000	0.000000	0.000000	0.000000
0.2686	14.49	0.000000	0.000000	0.000000	0.000000
0.2686	14.86	0.000000	0.000000	0.000000	0.000000
0.2686	15.22	0.000000	0.050920	0.000000	0.000000
0.2686	15.59	0.000000	0.052384	0.000000	0.000000
0.2686	15.96	0.000000	0.052841	0.002255	0.000096
0.2686	16.33	0.000000	0.055743	0.004322	0.000335
0.2686	16.69	0.000000	0.056773	0.005816	0.000596
0.2686	17.06	0.000000	0.060862	0.008416	0.001164
0.2686	17.43	0.000000	0.063497	0.009780	0.001506
0.2686	17.80	0.000000	0.076787	0.017117	0.003816
0.2686	18.16	0.000000	0.077653	0.013789	0.002448
0.2686	18.53	0.000000	0.090057	0.022109	0.005428
0.2686	18.90	0.000000	0.117192	0.031205	0.008309
0.2686	19.27	0.000000	0.150306	0.037023	0.009119
0.2686	19.63	0.000000	0.157888	0.034290	0.007447
0.2686	20.00	0.000000	0.170578	0.042709	0.010693
0.2686	20.37	0.000000	0.218520	0.046204	0.009769
0.2686	20.73	0.000000	0.223898	0.050120	0.011219
0.2686	21.10	0.000000	0.258621	0.060908	0.014344
0.2686	21.47	0.000000	0.309745	0.065533	0.013865
0.2686	21.84	0.000000	0.295734	0.070060	0.016597
0.2686	22.20	0.000000	0.295237	0.081742	0.022632
0.2686	22.57	0.000000	0.331323	0.090308	0.024615
0.2686	22.94	0.000000	0.385669	0.081064	0.017039
0.2686	23.31	0.000000	0.420148	0.073346	0.012804
0.2686	23.67	0.000000	0.452058	0.075687	0.012672
0.2686	24.04	0.000000	0.430713	0.119249	0.033016
0.2686	24.41	0.000000	0.467974	0.064437	0.008873
0.2686	24.78	0.000000	0.467404	0.113239	0.027435
0.2686	25.14	0.000000	0.523225	0.093848	0.016833
0.2686	25.51	0.000000	0.497070	0.089273	0.016033
0.2686	25.88	0.000000	0.576905	0.081271	0.011449
0.2686	26.24	0.000000	0.550237	0.091822	0.015323
0.2686	26.61	0.000000	0.557885	0.099813	0.017858
0.2686	26.98	0.000000	0.628759	0.071155	0.008052
0.2686	27.35	0.000000	0.612986	0.094607	0.014602
0.2686	27.71	0.000000	0.603657	0.088792	0.013061
0.2686	28.08	0.000000	0.657642	0.075631	0.008698
0.2686	28.45	0.000000	0.645192	0.105416	0.017224
0.2686	28.82	0.000000	0.653856	0.098241	0.014761
0.2686	29.18	0.000000	0.667238	0.103338	0.016004
0.2686	29.55	0.000000	0.658534	0.094922	0.013682
0.2686	29.92	0.000000	0.586309	0.130338	0.028974
0.2800	2.00	0.000000	0.000000	0.000000	0.000000
0.2800	2.37	0.000000	0.000000	0.000000	0.000000
0.2800	2.73	0.000000	0.000000	0.000000	0.000000
0.2800	3.10	0.000000	0.000000	0.000000	0.000000
0.2800	3.47	0.000000	0.000000	0.000000	0.000000
0.2800	3.84	0.000000	0.000000	0.000000	0.000000
0.2800	4.20	0.000000	0.000000	0.000000	0.000000
0.2800	4.57	0.000000	0.000000	0.000000	0.000000
0.2800	4.94	0.000000	0.000000	0.000000	0.000000
0.2800	5.31	0.000000	0.000000	0.000000	0.000000
0.2800	5.67	0.000000	0.000000	0.000000	0.000000
0.2800	6.04	0.000000	0.000000	0.000000	0.000000
0.2800	6.41	0.000000	0.000000	0.000000	0.000000
0.2800	6.78	0.000000	0.000000	0.000000	0.000000
0.2800	7.14	0.000000	0.000000	0.000000	0.000000
0.2800	7.51	0.000000	0.000000	0.000000	0.000000
0.2800	7.88	0.000000	0.000000	0.000000	0.000000
0.2800	8.24	0.000000	0.000000	0.000000	0.000000
0.2800	8.61	0.000000	0.000000	0.000000	0.000000
0.2800	8.98	0.000000	0.000000	0.000000	0.000000
0.2800	9.35	0.000000	0.000000	0.000000	0.000000
0.2800	9.71	0.000000	0.000000	0.000000	0.000000
0.2800	10.08	0.000000	0.000000	0.000000	0.000000
0.2800	10.45	0.000000	0.000000	0.000000	0.000000
0.2800	10.82	0.000000	0.000000	0.000000	0.000000
0.2800	11.18	0.000000	0.000000	0.000000	0.000000
0.2800	11.55	0.000000	0.000000	0.000000	0.000000
0.2800	11.92	0.000000	0.000000	0.000000	0.000000
0.2800	12.29	0.000000	0.000000	0.000000	0.000000
0.2800	12.65	0.000000	0.000000	0.000000	0.000000
0.2800	13.02	0.000000	0.000000	0.000000	0.000000
0.2800	13.39	0.000000	0.000000	0.000000	0.000000
0.2800	13.76	0.000000	0.000000	0.000000	0.000000
0.2800	14.12	0.000000	0.000000	0.000000	0.000000
0.2800	14.49	0.000000	0.000000	0.000000	0.000000
0.2800	14.86	0.000000	0.000000	0.000000	0.000000
0.2800	15.22	0.000000	0.000000	0.000000	0.000000
0.2800	15.59	0.000000	0.000000	0.000000	0.000000
0.2800	15.96	0.000000	0.052749	0.001373	0.000036
0.2800	16.33	0.000000	0.051494	0.001229	0.000029
0.2800	16.69	0.000000	0.053760	0.003465	0.000223
0.2800	17.06	0.000000	0.055235	0.004663	0.000394
0.2800	17.43	0.000000	0.058749	0.005685	0.000550
0.2800	17.80	0.000000	0.064479	0.009049	0.001270
0.2800	18.16	0.000000	0.072412	0.012282	0.002083
0.2800	18.53	0.000000	0.080774	0.015028	0.002796
0.2800	18.90	0.000000	0.098488	0.021386	0.004644
0.2800	19.27	0.000000	0.109239	0.021839	0.004366
0.2800	19.63	0.000000	0.121267	0.026565	0.005820
0.2800	20.00	0.000000	0.152952	0.034671	0.007859
0.2800	20.37	0.000000	0.162378	0.038969	0.009352
0.2800	20.73	0.000000	0.193402	0.043713	0.009880
0.2800	21.10	0.000000	0.208517	0.048793	0.011418
0.2800	21.47	0.000000	0.247189	0.050835	0.010454
0.2800	21.84	0.000000	0.256612	0.071065	0.019680
0.2800	22.20	0.000000	0.334834	0.054205	0.008775
0.2800	22.57	0.000000	0.290699	0.061578	0.013044
0.2800	22.94	0.000000	0.354202	0.080918	0.018486
0.2800	23.31	0.000000	0.384471	0.085489	0.019009
0.2800	23.67	0.000000	0.433184	0.073201	0.012370
0.2800	24.04	0.000000	0.464959	0.085153	0.015595
0.2800	24.41	0.000000	0.469708	0.066122	0.009308
0.2800	24.78	0.000000	0.495342	0.069748	0.009821
0.2800	25.14	0.000000	0.530878	0.094578	0.016849
0.2800	25.51	0.000000	0.586951	0.037952	0.002454
0.2800	25.88	0.000000	0.594148	0.068259	0.007842
0.2800	26.24	0.000000	0.546473	0.077613	0.011023
0.2800	26.61	0.000000	0.584569	0.090998	0.014165
0.2800	26.98	0.000000	0.645784	0.050235	0.003908
0.2800	27.35	0.000000	0.659648	0.085591	0.011106
0.2800	27.71	0.000000	0.652567	0.086606	0.011494
0.2800	28.08	0.000000	0.655348	0.081301	0.010086
0.3829	2.00	0.000000	0.000000	0.000000	0.000000
0.3829	2.37	0.000000	0.000000	0.000000	0.000000
0.3829	2.73	0.000000	0.000000	0.000000	0.000000
0.3829	3.10	0.000000	0.000000	0.000000	0.000000
0.3829	3.47	0.000000	0.000000	0.000000	0.000000
0.3829	3.84	0.000000	0.000000	0.000000	0.000000
0.3829	4.20	0.000000	0.000000	0.000000	0.000000
0.3829	4.57	0.000000	0.000000	0.000000	0.000000
0.3829	4.94	0.000000	0.000000	0.000000	0.000000
0.3829	5.31	0.000000	0.000000	0.000000	0.000000
0.3829	5.67	0.000000	0.000000	0.000000	0.000000
0.3829	6.04	0.000000	0.000000	0.000000	0.000000
0.3829	6.41	0.000000	0.000000	0.000000	0.000000
0.3829	6.78	0.000000	0.000000	0.000000	0.000000
0.3829	7.14	0.000000	0.000000	0.000000	0.000000
0.3829	7.51	0.000000	0.000000	0.000000	0.000000
0.3829	7.88	0.000000	0.000000	0.000000	0.000000
0.3829	8.24	0.000000	0.000000	0.000000	0.000000
0.3829	8.61	0.000000	0.000000	0.000000	0.000000
0.3829	8.98	0.000000	0.000000	0.000000	0.000000
0.3829	9.35	0.000000	0.000000	0.000000	0.000000
0.3829	9.71	0.000000	0.000000	0.000000	0.000000
0.3829	10.08	0.000000	0.000000	0.000000	0.000000
0.3829	10.45	0.000000	0.000000	0.000000	0.000000
0.3829	10.82	0.000000	0.000000	0.000000	0.000000
0.3829	11.18	0.000000	0.000000	0.000000	0.000000
0.3829	11.55	0.000000	0.000000	0.000000	0.000000
0.3829	11.92	0.000000	0.000000	0.000000	0.000000
0.3829	12.29	0.000000	0.000000	0.000000	0.000000
0.3829	12.65	0.000000	0.000000	0.000000	0.000000
0.3829	13.02	0.000000	0.000000	0.000000	0.000000
0.3829	13.39	0.000000	0.000000	0.000000	0.000000
0.3829	13.76	0.000000	0.000000	0.000000	0.000000
0.3829	14.12	0.000000	0.000000	0.000000	0.000000
0.3829	14.49	0.000000	0.000000	0.000000	0.000000
0.3829	14.86	0.000000	0.000000	0.000000	0.000000
0.3829	15.22	0.000000	0.000000	0.000000	0.000000
0.3829	15.59	0.000000	0.051746	0.000000	0.000000
0.3829	15.96	0.000000	0.050700	0.000887	0.000016
0.3829	16.33	0.000000	0.052937	0.001452	0.000040
0.3829	16.69	0.000000	0.056264	0.004060	0.000293
0.3829	17.06	0.000000	0.057601	0.006007	0.000626
0.3829	17.43	0.000000	0.059541	0.006719	0.000758
0.3829	17.80	0.000000	0.063096	0.009063	0.001302
0.3829	18.16	0.000000	0.069600	0.011243	0.001816
0.3829	18.53	0.000000	0.084683	0.016020	0.003031
0.3829	18.90	0.000000	0.089966	0.020573	0.004705
0.3829	19.27	0.000000	0.103219	0.021021	0.004281
0.3829	19.63	0.000000	0.121050	0.028354	0.006641
0.3829	20.00	0.000000	0.142316	0.032383	0.007368
0.3829	20.37	0.000000	0.179599	0.033862	0.006384
0.3829	20.73	0.000000	0.193074	0.041599	0.008963
0.3829	21.10	0.000000	0.228590	0.049851	0.010872
0.3829	21.47	0.000000	0.241459	0.050275	0.010468
0.3829	21.84	0.000000	0.283698	0.065952	0.015332
0.3829	22.20	0.000000	0.369147	0.037412	0.003792
0.3829	22.57	0.000000	0.341029	0.051222	0.007693
0.3829	22.94	0.000000	0.399685	0.048912	0.005986
0.3829	23.31	0.000000	0.413486	0.057538	0.008007
0.3829	23.67	0.000000	0.451327	0.049564	0.005443
0.3829	24.04	0.000000	0.448979	0.068594	0.010480
0.3829	24.41	0.000000	0.525138	0.068037	0.008815
0.3829	24.78	0.000000	0.506044	0.078955	0.012319
0.3829	25.14	0.000000	0.531815	0.070267	0.009284
0.3829	25.51	0.000000	0.545562	0.067963	0.008466
0.3829	25.88	0.000000	0.579373	0.055530	0.005322
0.3829	26.24	0.000000	0.600852	0.054529	0.004949
0.3829	26.61	0.000000	0.649996	0.055301	0.004705
0.3829	26.98	0.000000	0.627943	0.077617	0.009594
0.3829	27.35	0.000000	0.659436	0.068555	0.007127
0.3829	27.71	0.000000	0.649499	0.095138	0.013936
0.3829	28.08	0.000000	0.657951	0.100892	0.015471
0.3829	28.45	0.000000	0.690108	0.059819	0.005185
0.3829	28.82	0.000000	0.678687	0.065625	0.006346
0.3829	29.18	0.000000	0.680953	0.091176	0.012208
0.3829	29.55	0.000000	0.705405	0.071698	0.007288
0.3829	29.92	0.000000	0.722255	0.077584	0.008334
0.3943	2.00	0.000000	0.000000	0.000000	0.000000
0.3943	2.37	0.000000	0.000000	0.000000	0.000000
0.3943	2.73	0.000000	0.000000	0.000000	0.000000
0.3943	3.10	0.000000	0.000000	0.000000	0.000000
0.3943	3.47	0.000000	0.000000	0.000000	0.000000
0.3943	3.84	0.000000	0.000000	0.000000	0.000000
0.3943	4.20	0.000000	0.000000	0.000000	0.000000
0.3943	4.57	0.000000	0.000000	0.000000	0.000000
0.3943	4.94	0.000000	0.000000	0.000000	0.000000
0.3943	5.31	0.000000	0.000000	0.000000	0.000000
0.3943	5.67	0.000000	0.000000	0.000000	0.000000
0.3943	6.04	0.000000	0.000000	0.000000	0.000000
0.3943	6.41	0.000000	0.000000	0.000000	0.000000
0.3943	6.78	0.000000	0.000000	0.000000	0.000000
0.3943	7.14	0.000000	0.000000	0.000000	0.000000
0.3943	7.51	0.000000	0.000000	0.000000	0.000000
0.3943	7.88	0.000000	0.000000	0.000000	0.000000
0.3943	8.24	0.000000	0.000000	0.000000	0.000000
0.3943	8.61	0.000000	0.000000	0.000000	0.000000
0.3943	8.98	0.000000	0.000000	0.000000	0.000000
0.3943	9.35	0.000000	0.000000	0.000000	0.000000
0.3943	9.71	0.000000	0.000000	0.000000	0.000000
0.3943	10.08	0.000000	0.000000	0.000000	0.000000
0.3943	10.45	0.000000	0.000000	0.000000	0.000000
0.3943	10.82	0.000000	0.000000	0.000000	0.000000
0.3943	11.18	0.000000	0.000000	0.000000	0.000000
0.3943	11.55	0.000000	0.000000	0.000000	0.000000
0.3943	11.92	0.000000	0.000000	0.000000	0.000000
0.3943	12.29	0.000000	0.000000	0.000000	0.000000
0.3943	12.65	0.000000	0.000000	0.000000	0.000000
0.3943	13.02	0.000000	0.000000	0.000000	0.000000
0.3943	13.39	0.000000	0.000000	0.000000	0.000000
0.3943	13.76	0.000000	0.000000	0.000000	0.000000
0.3943	14.12	0.000000	0.000000	0.000000	0.000000
0.3943	14.49	0.000000	0.000000	0.000000	0.000000
0.3943	14.86	0.000000	0.000000	0.000000	0.000000
0.3943	15.22	0.000000	0.000000	0.000000	0.000000
0.3943	15.59	0.000000	0.000000	0.000000	0.000000
0.3943	15.96	0.000000	0.055008	0.001153	0.000024
0.3943	16.33	0.000000	0.052482	0.002720	0.000141
0.3943	16.69	0.000000	0.053791	0.003543	0.000233
0.3943	17.06	0.000000	0.055718	0.005157	0.000477
0.3943	17.43	0.000000	0.057931	0.005876	0.000596
0.3943	17.80	0.000000	0.063954	0.008602	0.001157
0.3943	18.16	0.000000	0.070549	0.010968	0.001705
0.3943	18.53	0.000000	0.078234	0.015314	0.002998
0.3943	18.90	0.000000	0.087891	0.019058	0.004132
0.3943	19.27	0.000000	0.100238	0.020315	0.004117
0.3943	19.63	0.000000	0.111669	0.025786	0.005954
0.3943	20.00	0.000000	0.128506	0.029717	0.006872
0.3943	20.37	0.000000	0.164515	0.035950	0.007856
0.3943	20.73	0.000000	0.171971	0.040036	0.009321
0.3943	21.10	0.000000	0.196273	0.046723	0.011122
0.3943	21.47	0.000000	0.256974	0.053569	0.011167
0.3943	21.84	0.000000	0.228838	0.057946	0.014673
0.3943	22.20	0.000000	0.311908	0.070266	0.015829
0.3943	22.57	0.000000	0.296649	0.070836	0.016915
0.3943	22.94	0.000000	0.352671	0.081469	0.018820
0.3943	23.31	0.000000	0.360453	0.089973	0.022458
0.3943	23.67	0.000000	0.418870	0.066443	0.010539
0.3943	24.04	0.000000	0.439712	0.080752	0.014830
0.3943	24.41	0.000000	0.486550	0.075038	0.011573
0.3943	24.78	0.000000	0.507791	0.075136	0.011118
0.3943	25.14	0.000000	0.533084	0.086112	0.013910
0.3943	25.51	0.000000	0.576373	0.071742	0.008930
0.3943	25.88	0.000000	0.528211	0.110411	0.023079
0.3943	26.24	0.000000	0.595656	0.077702	0.010136
0.3943	26.61	0.000000	0.622362	0.059617	0.005711
0.3943	26.98	0.000000	0.638872	0.063241	0.006260
0.3943	27.35	0.000000	0.667388	0.043420	0.002825
0.3943	27.71	0.000000	0.616523	0.090499	0.013284
0.3943	28.08	0.000000	0.662365	0.078437	0.009289
0.3943	28.45	0.000000	0.710683	0.049343	0.003426
0.3943	28.82	0.000000	0.690482	0.059211	0.005078
0.4971	2.00	0.000000	0.000000	0.000000	0.000000
0.4971	2.37	0.000000	0.000000	0.000000	0.000000
0.4971	2.73	0.000000	0.000000	0.000000	0.000000
0.4971	3.10	0.000000	0.000000	0.000000	0.000000
0.4971	3.47	0.000000	0.000000	0.000000	0.000000
0.4971	3.84	0.000000	0.000000	0.000000	0.000000
0.4971	4.20	0.000000	0.000000	0.000000	0.000000
0.4971	4.57	0.000000	0.000000	0.000000	0.000000
0.4971	4.94	0.000000	0.000000	0.000000	0.000000
0.4971	5.31	0.000000	0.000000	0.000000	0.000000
0.4971	5.67	0.000000	0.000000	0.000000	0.000000
0.4971	6.04	0.000000	0.000000	0.000000	0.000000
0.4971	6.41	0.000000	0.000000	0.000000	0.000000
0.4971	6.78	0.000000	0.000000	0.000000	0.000000
0.4971	7.14	0.000000	0.000000	0.000000	0.000000
0.4971	7.51	0.000000	0.000000	0.000000	0.000000
0.4971	7.88	0.000000	0.000000	0.000000	0.000000
0.4971	8.24	0.000000	0.000000	0.000000	0.000000
0.4971	8.61	0.000000	0.000000	0.000000	0.000000
0.4971	8.98	0.000000	0.000000	0.000000	0.000000
0.4971	9.35	0.000000	0.000000	0.000000	0.000000
0.4971	9.71	0.000000	0.000000	0.000000	0.000000
0.4971	10.08	0.000000	0.000000	0.000000	0.000000
0.4971	10.45	0.000000	0.000000	0.000000	0.000000
0.4971	10.82	0.000000	0.000000	0.000000	0.000000
0.4971	11.18	0.000000	0.000000	0.000000	0.000000
0.4971	11.55	0.000000	0.000000	0.000000	0.000000
0.4971	11.92	0.000000	0.000000	0.000000	0.000000
0.4971	12.29	0.000000	0.000000	0.000000	0.000000
0.4971	12.65	0.000000	0.000000	0.000000	0.000000
0.4971	13.02	0.000000	0.000000	0.000000	0.000000
0.4971	13.39	0.000000	0.000000	0.000000	0.000000
0.4971	13.76	0.000000	0.000000	0.000000	0.000000
0.4971	14.12	0.000000	0.000000	0.000000	0.000000
0.4971	14.49	0.000000	0.000000	0.000000	0.000000
0.4971	14.86	0.000000	0.000000	0.000000	0.000000
0.4971	15.22	0.000000	0.000000	0.000000	0.000000
0.4971	15.59	0.000000	0.053984	0.000000	0.000000
0.4971	15.96	0.000000	0.053409	0.001201	0.000027
0.4971	16.33	0.000000	0.053432	0.002230	0.000093
0.4971	16.69	0.000000	0.053818	0.003871	0.000278
0.4971	17.06	0.000000	0.056244	0.004867	0.000421
0.4971	17.43	0.000000	0.060706	0.007557	0.000941
0.4971	17.80	0.000000	0.062694	0.009101	0.001321
0.4971	18.16	0.000000	0.072961	0.012963	0.002303
0.4971	18.53	0.000000	0.083862	0.018430	0.004050
0.4971	18.90	0.000000	0.096949	0.021046	0.004569
0.4971	19.27	0.000000	0.116557	0.025658	0.005648
0.4971	19.63	0.000000	0.136026	0.032316	0.007677
0.4971	20.00	0.000000	0.142154	0.036824	0.009539
0.4971	20.37	0.000000	0.176659	0.043364	0.010645
0.4971	20.73	0.000000	0.216552	0.040109	0.007429
0.4971	21.10	0.000000	0.246853	0.048961	0.009711
0.4971	21.47	0.000000	0.283068	0.048533	0.008321
0.4971	21.84	0.000000	0.351641	0.039719	0.004486
0.4971	22.20	0.000000	0.345511	0.052543	0.007990
0.4971	22.57	0.000000	0.362870	0.051249	0.007238
0.4971	22.94	0.000000	0.398461	0.050939	0.006512
0.4971	23.31	0.000000	0.409356	0.072873	0.012973
0.4971	23.67	0.000000	0.454911	0.061134	0.008216
0.4971	24.04	0.000000	0.503111	0.059925	0.007138
0.4971	24.41	0.000000	0.497039	0.089858	0.016245
0.4971	24.78	0.000000	0.519256	0.048702	0.004568
0.4971	25.14	0.000000	0.549477	0.071870	0.009400
0.4971	25.51	0.000000	0.588223	0.062380	0.006615
0.4971	25.88	0.000000	0.610708	0.056727	0.005269
0.4971	26.24	0.000000	0.623205	0.067564	0.007325
0.4971	26.61	0.000000	0.641537	0.073415	0.008401
0.4971	26.98	0.000000	0.675619	0.054683	0.004426
0.4971	27.35	0.000000	0.677802	0.071274	0.007495
0.4971	27.71	0.000000	0.659477	0.086937	0.011461
0.4971	28.08	0.000000	0.680001	0.079105	0.009202
0.4971	28.45	0.000000	0.719721	0.054395	0.004111
0.4971	28.82	0.000000	0.731438	0.061738	0.005211
0.4971	29.18	0.000000	0.757022	0.054444	0.003916
0.4971	29.55	0.000000	0.740254	0.060821	0.004997
0.4971	29.92	0.000000	0.761096	0.074926	0.007376
0.5086	2.00	0.000000	0.000000	0.000000	0.000000
0.5086	2.37	0.000000	0.000000	0.000000	0.000000
0.5086	2.73	0.000000	0.000000	0.000000	0.000000
0.5086	3.10	0.000000	0.000000	0.000000	0.000000
0.5086	3.47	0.000000	0.000000	0.000000	0.000000
0.5086	3.84	0.000000	0.000000	0.000000	0.000000
0.5086	4.20	0.000000	0.000000	0.000000	0.000000
0.5086	4.57	0.000000	0.000000	0.000000	0.000000
0.5086	4.94	0.000000	0.000000	0.000000	0.000000
0.5086	5.31	0.000000	0.000000	0.000000	0.000000
0.5086	5.67	0.000000	0.000000	0.000000	0.000000
0.5086	6.04	0.000000	0.000000	0.000000	0.000000
0.5086	6.41	0.000000	0.000000	0.000000	0.000000
0.5086	6.78	0.000000	0.000000	0.000000	0.000000
0.5086	7.14	0.000000	0.000000	0.000000	0.000000
0.5086	7.51	0.000000	0.000000	0.000000	0.000000
0.5086	7.88	0.000000	0.000000	0.000000	0.000000
0.5086	8.24	0.000000	0.000000	0.000000	0.000000
0.5086	8.61	0.000000	0.000000	0.000000	0.000000
0.5086	8.98	0.000000	0.000000	0.000000	0.000000
0.5086	9.35	0.000000	0.000000	0.000000	0.000000
0.5086	9.71	0.000000	0.000000	0.000000	0.000000
0.5086	10.08	0.000000	0.000000	0.000000	0.000000
0.5086	10.45	0.000000	0.000000	0.000000	0.000000
0.5086	10.82	0.000000	0.000000	0.000000	0.000000
0.5086	11.18	0.000000	0.000000	0.000000	0.000000
0.5086	11.55	0.000000	0.000000	0.000000	0.000000
0.5086	11.92	0.000000	0.000000	0.000000	0.000000
0.5086	12.29	0.000000	0.000000	0.000000	0.000000
0.5086	12.65	0.000000	0.000000	0.000000	0.000000
0.5086	13.02	0.000000	0.000000	0.000000	0.000000
0.5086	13.39	0.000000	0.000000	0.000000	0.000000
0.5086	13.76	0.000000	0.000000	0.000000	0.000000
0.5086	14.12	0.000000	0.000000	0.000000	0.000000
0.5086	14.49	0.000000	0.000000	0.000000	0.000000
0.5086	14.86	0.000000	0.000000	0.000000	0.000000
0.5086	15.22	0.000000	0.000000	0.000000	0.000000
0.5086	15.59	0.000000	0.000000	0.000000	0.000000
0.5086	15.96	0.000000	0.050840	0.000000	0.000000
0.5086	16.33	0.000000	0.053241	0.000104	0.000000
0.5086	16.69	0.000000	0.053659	0.003390	0.000214
0.5086	17.06	0.000000	0.054126	0.003573	0.000236
0.5086	17.43	0.000000	0.057230	0.005063	0.000448
0.5086	17.80	0.000000	0.060330	0.006882	0.000785
0.5086	18.16	0.000000	0.067714	0.010112	0.001510
0.5086	18.53	0.000000	0.078869	0.014425	0.002638
0.5086	18.90	0.000000	0.082578	0.015251	0.002816
0.5086	19.27	0.000000	0.096616	0.017369	0.003122
0.5086	19.63	0.000000	0.108509	0.021592	0.004297
0.5086	20.00	0.000000	0.125455	0.026757	0.005707
0.5086	20.37	0.000000	0.138478	0.031088	0.006979
0.5086	20.73	0.000000	0.187113	0.040647	0.008830
0.5086	21.10	0.000000	0.221358	0.045906	0.009520
0.5086	21.47	0.000000	0.230905	0.053069	0.012197
0.5086	21.84	0.000000	0.261950	0.054449	0.011318
0.5086	22.20	0.000000	0.316195	0.049770	0.007834
0.5086	22.57	0.000000	0.367733	0.062720	0.010697
0.5086	22.94	0.000000	0.350834	0.087350	0.021748
0.5086	23.31	0.000000	0.406312	0.075754	0.014124
0.5086	23.67	0.000000	0.401361	0.076227	0.014477
0.5086	24.04	0.000000	0.406073	0.098979	0.024126
0.5086	24.41	0.000000	0.399323	0.098680	0.024385
0.5086	24.78	0.000000	0.485994	0.080692	0.013398
0.5086	25.14	0.000000	0.527692	0.079359	0.011935
0.5086	25.51	0.000000	0.557612	0.074780	0.010028
0.5086	25.88	0.000000	0.546212	0.076137	0.010613
0.5086	26.24	0.000000	0.557114	0.080365	0.011593
0.5086	26.61	0.000000	0.631067	0.058583	0.005438
0.5086	26.98	0.000000	0.648389	0.093336	0.013436
0.5086	27.35	0.000000	0.656020	0.078993	0.009512
0.5086	27.71	0.000000	0.647376	0.074860	0.008657
0.5086	28.08	0.000000	0.651871	0.080816	0.010019
0.5086	28.45	0.000000	0.665212	0.076904	0.008891
