axonal_length	MAX_EXC_WEIGHT	mean_peaks_height	std_peaks_height	fano_factor	GC_fraction	mean_degree
0.67	2.00	0.000000	0.000000	0.000000	0.150222	116.68
0.67	2.37	0.000000	0.000000	0.000000	0.150222	116.68
0.67	2.73	0.000000	0.000000	0.000000	0.150222	116.68
0.67	3.10	0.682117	0.006150	0.000055	0.150222	116.68
0.67	3.47	0.689977	0.008339	0.000101	0.150222	116.68
0.67	3.84	0.698494	0.014332	0.000294	0.150222	116.68
0.67	4.20	0.702652	0.012779	0.000232	0.150222	116.68
0.67	4.57	0.804492	0.119699	0.017810	0.150222	116.68
0.67	4.94	0.810618	0.133168	0.021877	0.150222	116.68
0.67	5.31	0.822239	0.134411	0.021972	0.150222	116.68
0.67	5.67	0.826532	0.154672	0.028945	0.150222	116.68
0.67	6.04	0.847074	0.145589	0.025023	0.150222	116.68
0.67	6.41	0.849295	0.145200	0.024824	0.150222	116.68
0.67	6.78	0.842714	0.146140	0.025343	0.150222	116.68
0.67	7.14	0.846318	0.146637	0.025407	0.150222	116.68
0.67	7.51	0.839776	0.149148	0.026489	0.150222	116.68
0.67	7.88	0.849585	0.144305	0.024511	0.150222	116.68
0.67	8.24	0.854234	0.142786	0.023867	0.150222	116.68
0.67	8.61	0.855778	0.139910	0.022874	0.150222	116.68
0.67	8.98	0.865201	0.134321	0.020853	0.150222	116.68
0.67	9.35	0.886109	0.122168	0.016843	0.150222	116.68
0.67	9.71	0.872114	0.137412	0.021651	0.150222	116.68
0.67	10.08	0.992089	0.043121	0.001874	0.150222	116.68
0.67	10.45	0.990374	0.042378	0.001813	0.150222	116.68
0.67	10.82	0.986789	0.042091	0.001795	0.150222	116.68
0.67	11.18	0.976439	0.070025	0.005022	0.150222	116.68
0.67	11.55	0.975345	0.067835	0.004718	0.150222	116.68
0.67	11.92	0.977703	0.066224	0.004486	0.150222	116.68
0.67	12.29	0.972815	0.075551	0.005867	0.150222	116.68
0.67	12.65	0.948608	0.100658	0.010681	0.150222	116.68
0.67	13.02	0.996438	0.001050	0.000001	0.150222	116.68
0.67	13.39	0.987442	0.044038	0.001964	0.150222	116.68
0.67	13.76	0.996265	0.000821	0.000001	0.150222	116.68
0.67	14.12	0.996994	0.001140	0.000001	0.150222	116.68
0.67	14.49	0.997223	0.001008	0.000001	0.150222	116.68
0.67	14.86	0.995527	0.001112	0.000001	0.150222	116.68
0.67	15.22	0.997192	0.001043	0.000001	0.150222	116.68
0.67	15.59	0.997296	0.000906	0.000001	0.150222	116.68
0.67	15.96	0.996043	0.000980	0.000001	0.150222	116.68
0.67	16.33	0.998537	0.000573	0.000000	0.150222	116.68
0.67	16.69	0.996934	0.000841	0.000001	0.150222	116.68
0.67	17.06	0.997262	0.001214	0.000001	0.150222	116.68
0.67	17.43	0.997179	0.000921	0.000001	0.150222	116.68
0.67	17.80	0.997756	0.000692	0.000000	0.150222	116.68
0.67	18.16	0.998133	0.000598	0.000000	0.150222	116.68
0.67	18.53	0.997898	0.000724	0.000001	0.150222	116.68
0.67	18.90	0.997188	0.000864	0.000001	0.150222	116.68
0.67	19.27	0.996997	0.000939	0.000001	0.150222	116.68
0.67	19.63	0.998964	0.000216	0.000000	0.150222	116.68
0.67	20.00	0.997965	0.000656	0.000000	0.150222	116.68
0.67	20.37	0.998156	0.000851	0.000001	0.150222	116.68
0.67	20.73	0.997713	0.000504	0.000000	0.150222	116.68
0.67	21.10	0.999001	0.000197	0.000000	0.150222	116.68
0.67	21.47	0.997702	0.000638	0.000000	0.150222	116.68
0.67	21.84	0.999014	0.000358	0.000000	0.150222	116.68
0.67	22.20	0.995512	0.000548	0.000000	0.150222	116.68
0.67	22.57	0.997012	0.013742	0.000189	0.150222	116.68
0.67	22.94	0.995934	0.007892	0.000063	0.150222	116.68
0.67	23.31	0.998001	0.000486	0.000000	0.150222	116.68
0.67	23.67	0.997663	0.000554	0.000000	0.150222	116.68
0.67	24.04	0.996769	0.004135	0.000017	0.150222	116.68
0.67	24.41	0.000000	0.000000	0.000000	0.150222	116.68
0.67	24.78	0.000000	0.000000	0.000000	0.150222	116.68
0.67	25.14	0.000000	0.000000	0.000000	0.150222	116.68
0.67	25.51	0.000000	0.000000	0.000000	0.150222	116.68
0.67	25.88	0.000000	0.000000	0.000000	0.150222	116.68
0.67	26.24	0.000000	0.000000	0.000000	0.150222	116.68
0.67	26.61	0.000000	0.000000	0.000000	0.150222	116.68
0.67	26.98	1.000000	0.000000	0.000000	0.150222	116.68
0.67	27.35	0.000000	0.000000	0.000000	0.150222	116.68
0.67	27.71	0.000000	0.000000	0.000000	0.150222	116.68
0.67	28.08	0.000000	0.000000	0.000000	0.150222	116.68
0.67	28.45	0.000000	0.000000	0.000000	0.150222	116.68
0.67	28.82	0.000000	0.000000	0.000000	0.150222	116.68
0.67	29.18	0.000000	0.000000	0.000000	0.150222	116.68
0.67	29.55	0.000000	0.000000	0.000000	0.150222	116.68
0.67	29.92	0.000000	0.000000	0.000000	0.150222	116.68
0.70	2.00	0.000000	0.000000	0.000000	0.150222	116.68
0.70	2.37	0.000000	0.000000	0.000000	0.150222	116.68
0.70	2.73	0.000000	0.000000	0.000000	0.150222	116.68
0.70	3.10	0.706114	0.000000	0.000000	0.150222	116.68
0.70	3.47	0.694061	0.005709	0.000047	0.150222	116.68
0.70	3.84	0.696191	0.007506	0.000081	0.150222	116.68
0.70	4.20	0.699082	0.009558	0.000131	0.150222	116.68
0.70	4.57	0.707123	0.012363	0.000216	0.150222	116.68
0.70	4.94	0.841342	0.141373	0.023755	0.150222	116.68
0.70	5.31	0.805720	0.133883	0.022247	0.150222	116.68
0.70	5.67	0.851520	0.141018	0.023354	0.150222	116.68
0.70	6.04	0.851917	0.140101	0.023040	0.150222	116.68
0.70	6.41	0.834781	0.141566	0.024008	0.150222	116.68
0.70	6.78	0.854225	0.140889	0.023237	0.150222	116.68
0.70	7.14	0.846626	0.146902	0.025490	0.150222	116.68
0.70	7.51	0.822867	0.143554	0.025044	0.150222	116.68
0.70	7.88	0.852295	0.143629	0.024204	0.150222	116.68
0.70	8.24	0.855809	0.139669	0.022794	0.150222	116.68
0.70	8.61	0.861212	0.139942	0.022740	0.150222	116.68
0.70	8.98	0.869810	0.132392	0.020151	0.150222	116.68
0.70	9.35	0.893294	0.126059	0.017789	0.150222	116.68
0.70	9.71	0.865119	0.141240	0.023059	0.150222	116.68
0.70	10.08	0.940932	0.107046	0.012178	0.150222	116.68
0.70	10.45	0.973790	0.079487	0.006488	0.150222	116.68
0.70	10.82	0.973037	0.072348	0.005379	0.150222	116.68
0.70	11.18	0.952224	0.101393	0.010796	0.150222	116.68
0.70	11.55	0.947695	0.104906	0.011613	0.150222	116.68
0.70	11.92	0.959986	0.089929	0.008424	0.150222	116.68
0.70	12.29	0.977559	0.068547	0.004806	0.150222	116.68
0.70	12.65	0.994370	0.001120	0.000001	0.150222	116.68
0.70	13.02	0.995324	0.000848	0.000001	0.150222	116.68
0.70	13.39	0.994778	0.001000	0.000001	0.150222	116.68
0.70	13.76	0.995687	0.001057	0.000001	0.150222	116.68
0.70	14.12	0.997568	0.000801	0.000001	0.150222	116.68
0.70	14.49	0.995516	0.000929	0.000001	0.150222	116.68
0.70	14.86	0.996969	0.000908	0.000001	0.150222	116.68
0.70	15.22	0.997807	0.000820	0.000001	0.150222	116.68
0.70	15.59	0.996580	0.000883	0.000001	0.150222	116.68
0.70	15.96	0.995021	0.000814	0.000001	0.150222	116.68
0.70	16.33	0.995967	0.000845	0.000001	0.150222	116.68
0.70	16.69	0.995821	0.000979	0.000001	0.150222	116.68
0.70	17.06	0.996479	0.000860	0.000001	0.150222	116.68
0.70	17.43	0.996726	0.000913	0.000001	0.150222	116.68
0.70	17.80	0.998326	0.000590	0.000000	0.150222	116.68
0.70	18.16	0.998846	0.000469	0.000000	0.150222	116.68
0.70	18.53	0.997726	0.000496	0.000000	0.150222	116.68
0.70	18.90	0.998428	0.000661	0.000000	0.150222	116.68
0.70	19.27	0.998828	0.000656	0.000000	0.150222	116.68
0.70	19.63	0.996565	0.000591	0.000000	0.150222	116.68
0.70	20.00	0.999024	0.000548	0.000000	0.150222	116.68
0.70	20.37	0.997440	0.000616	0.000000	0.150222	116.68
0.70	20.73	0.998581	0.000599	0.000000	0.150222	116.68
0.70	21.10	0.999198	0.000483	0.000000	0.150222	116.68
0.70	21.47	0.997202	0.000448	0.000000	0.150222	116.68
0.70	21.84	0.999386	0.000478	0.000000	0.150222	116.68
0.70	22.20	0.998406	0.000557	0.000000	0.150222	116.68
0.70	22.57	0.995510	0.005329	0.000029	0.150222	116.68
0.70	22.94	0.998601	0.000487	0.000000	0.150222	116.68
0.70	23.31	0.997613	0.000487	0.000000	0.150222	116.68
0.70	23.67	0.998116	0.000315	0.000000	0.150222	116.68
0.70	24.04	0.998028	0.000000	0.000000	0.150222	116.68
0.70	24.41	0.998646	0.000477	0.000000	0.150222	116.68
0.70	24.78	0.999014	0.000000	0.000000	0.150222	116.68
0.70	25.14	0.998053	0.000692	0.000000	0.150222	116.68
0.70	25.51	0.000000	0.000000	0.000000	0.150222	116.68
0.70	25.88	0.000000	0.000000	0.000000	0.150222	116.68
0.70	26.24	0.000000	0.000000	0.000000	0.150222	116.68
0.70	26.61	0.000000	0.000000	0.000000	0.150222	116.68
0.70	26.98	0.000000	0.000000	0.000000	0.150222	116.68
0.70	27.35	1.000000	0.000000	0.000000	0.150222	116.68
0.70	27.71	0.000000	0.000000	0.000000	0.150222	116.68
0.70	28.08	0.000000	0.000000	0.000000	0.150222	116.68
0.70	28.45	0.000000	0.000000	0.000000	0.150222	116.68
0.70	28.82	0.000000	0.000000	0.000000	0.150222	116.68
0.70	29.18	0.000000	0.000000	0.000000	0.150222	116.68
0.70	29.55	0.000000	0.000000	0.000000	0.150222	116.68
0.70	29.92	0.000000	0.000000	0.000000	0.150222	116.68
0.73	2.00	0.000000	0.000000	0.000000	0.150222	116.68
0.73	2.37	0.000000	0.000000	0.000000	0.150222	116.68
0.73	2.73	0.000000	0.000000	0.000000	0.150222	116.68
0.73	3.10	0.690335	0.000000	0.000000	0.150222	116.68
0.73	3.47	0.567653	0.250813	0.110819	0.150222	116.68
0.73	3.84	0.690730	0.006619	0.000063	0.150222	116.68
0.73	4.20	0.764120	0.081378	0.008667	0.150222	116.68
0.73	4.57	0.758361	0.098166	0.012707	0.150222	116.68
0.73	4.94	0.779224	0.134219	0.023119	0.150222	116.68
0.73	5.31	0.847531	0.142086	0.023820	0.150222	116.68
0.73	5.67	0.833419	0.141712	0.024096	0.150222	116.68
0.73	6.04	0.845236	0.143571	0.024387	0.150222	116.68
0.73	6.41	0.842737	0.146390	0.025429	0.150222	116.68
0.73	6.78	0.844921	0.149628	0.026498	0.150222	116.68
0.73	7.14	0.843163	0.148571	0.026179	0.150222	116.68
0.73	7.51	0.856313	0.140246	0.022969	0.150222	116.68
0.73	7.88	0.850613	0.140917	0.023345	0.150222	116.68
0.73	8.24	0.830278	0.143643	0.024851	0.150222	116.68
0.73	8.61	0.855207	0.139528	0.022764	0.150222	116.68
0.73	8.98	0.859551	0.138440	0.022297	0.150222	116.68
0.73	9.35	0.871055	0.133025	0.020315	0.150222	116.68
0.73	9.71	0.872056	0.136208	0.021275	0.150222	116.68
0.73	10.08	0.968442	0.081094	0.006791	0.150222	116.68
0.73	10.45	0.987066	0.045404	0.002089	0.150222	116.68
0.73	10.82	0.988776	0.063864	0.004125	0.150222	116.68
0.73	11.18	0.967620	0.081317	0.006834	0.150222	116.68
0.73	11.55	0.943385	0.105455	0.011788	0.150222	116.68
0.73	11.92	0.944594	0.107257	0.012179	0.150222	116.68
0.73	12.29	0.996661	0.000919	0.000001	0.150222	116.68
0.73	12.65	0.995236	0.001230	0.000002	0.150222	116.68
0.73	13.02	0.996345	0.001160	0.000001	0.150222	116.68
0.73	13.39	0.990093	0.040004	0.001616	0.150222	116.68
0.73	13.76	0.996684	0.000839	0.000001	0.150222	116.68
0.73	14.12	0.996802	0.000964	0.000001	0.150222	116.68
0.73	14.49	0.995626	0.000888	0.000001	0.150222	116.68
0.73	14.86	0.997694	0.000646	0.000000	0.150222	116.68
0.73	15.22	0.997738	0.000783	0.000001	0.150222	116.68
0.73	15.59	0.997883	0.000417	0.000000	0.150222	116.68
0.73	15.96	0.997826	0.000762	0.000001	0.150222	116.68
0.73	16.33	0.996495	0.000901	0.000001	0.150222	116.68
0.73	16.69	0.996329	0.000836	0.000001	0.150222	116.68
0.73	17.06	0.996620	0.000820	0.000001	0.150222	116.68
0.73	17.43	0.998157	0.000724	0.000001	0.150222	116.68
0.73	17.80	0.997455	0.000636	0.000000	0.150222	116.68
0.73	18.16	0.998685	0.000528	0.000000	0.150222	116.68
0.73	18.53	0.998006	0.000791	0.000001	0.150222	116.68
0.73	18.90	0.997505	0.000757	0.000001	0.150222	116.68
0.73	19.27	0.996825	0.000728	0.000001	0.150222	116.68
0.73	19.63	0.998222	0.000609	0.000000	0.150222	116.68
0.73	20.00	0.998382	0.000614	0.000000	0.150222	116.68
0.73	20.37	0.998696	0.000504	0.000000	0.150222	116.68
0.73	20.73	0.997106	0.000709	0.000001	0.150222	116.68
0.73	21.10	0.997313	0.000663	0.000000	0.150222	116.68
0.73	21.47	0.999014	0.000000	0.000000	0.150222	116.68
0.73	21.84	0.999082	0.000291	0.000000	0.150222	116.68
0.73	22.20	0.998012	0.000176	0.000000	0.150222	116.68
0.73	22.57	0.999059	0.000207	0.000000	0.150222	116.68
0.73	22.94	0.999080	0.000385	0.000000	0.150222	116.68
0.73	23.31	0.999038	0.000154	0.000000	0.150222	116.68
0.73	23.67	0.998941	0.000258	0.000000	0.150222	116.68
0.73	24.04	0.998056	0.000165	0.000000	0.150222	116.68
0.73	24.41	0.000000	0.000000	0.000000	0.150222	116.68
0.73	24.78	0.999014	0.000000	0.000000	0.150222	116.68
0.73	25.14	0.998050	0.000148	0.000000	0.150222	116.68
0.73	25.51	0.000000	0.000000	0.000000	0.150222	116.68
0.73	25.88	0.000000	0.000000	0.000000	0.150222	116.68
0.73	26.24	0.000000	0.000000	0.000000	0.150222	116.68
0.73	26.61	0.000000	0.000000	0.000000	0.150222	116.68
0.73	26.98	0.000000	0.000000	0.000000	0.150222	116.68
0.73	27.35	0.000000	0.000000	0.000000	0.150222	116.68
0.73	27.71	0.000000	0.000000	0.000000	0.150222	116.68
0.73	28.08	0.000000	0.000000	0.000000	0.150222	116.68
0.73	28.45	0.000000	0.000000	0.000000	0.150222	116.68
0.73	28.82	0.000000	0.000000	0.000000	0.150222	116.68
0.73	29.18	0.000000	0.000000	0.000000	0.150222	116.68
0.73	29.55	0.000000	0.000000	0.000000	0.150222	116.68
0.73	29.92	0.000000	0.000000	0.000000	0.150222	116.68
0.76	2.00	0.000000	0.000000	0.000000	0.150222	116.68
0.76	2.37	0.056213	0.000000	0.000000	0.150222	116.68
0.76	2.73	0.680473	0.000000	0.000000	0.150222	116.68
0.76	3.10	0.480605	0.304307	0.192679	0.150222	116.68
0.76	3.47	0.692308	0.004083	0.000024	0.150222	116.68
0.76	3.84	0.655819	0.156348	0.037273	0.150222	116.68
0.76	4.20	0.702005	0.007836	0.000087	0.150222	116.68
0.76	4.57	0.768339	0.103280	0.013883	0.150222	116.68
0.76	4.94	0.853116	0.129226	0.019575	0.150222	116.68
0.76	5.31	0.838912	0.142456	0.024191	0.150222	116.68
0.76	5.67	0.855107	0.138019	0.022277	0.150222	116.68
0.76	6.04	0.830002	0.141512	0.024127	0.150222	116.68
0.76	6.41	0.837302	0.146482	0.025626	0.150222	116.68
0.76	6.78	0.848499	0.144976	0.024771	0.150222	116.68
0.76	7.14	0.848669	0.146836	0.025405	0.150222	116.68
0.76	7.51	0.852272	0.143703	0.024230	0.150222	116.68
0.76	7.88	0.843789	0.148562	0.026156	0.150222	116.68
0.76	8.24	0.858833	0.136074	0.021560	0.150222	116.68
0.76	8.61	0.853218	0.144010	0.024307	0.150222	116.68
0.76	8.98	0.858636	0.139217	0.022572	0.150222	116.68
0.76	9.35	0.879770	0.129541	0.019074	0.150222	116.68
0.76	9.71	0.940528	0.108723	0.012568	0.150222	116.68
0.76	10.08	0.987490	0.049168	0.002448	0.150222	116.68
0.76	10.45	0.980809	0.058249	0.003459	0.150222	116.68
0.76	10.82	0.986597	0.038743	0.001521	0.150222	116.68
0.76	11.18	0.989796	0.041100	0.001707	0.150222	116.68
0.76	11.55	0.958348	0.095451	0.009507	0.150222	116.68
0.76	11.92	0.933976	0.111552	0.013323	0.150222	116.68
0.76	12.29	0.967561	0.084084	0.007307	0.150222	116.68
0.76	12.65	0.989034	0.038325	0.001485	0.150222	116.68
0.76	13.02	0.996766	0.000954	0.000001	0.150222	116.68
0.76	13.39	0.992664	0.031320	0.000988	0.150222	116.68
0.76	13.76	0.996799	0.001024	0.000001	0.150222	116.68
0.76	14.12	0.998014	0.000802	0.000001	0.150222	116.68
0.76	14.49	0.996128	0.001037	0.000001	0.150222	116.68
0.76	14.86	0.997775	0.000842	0.000001	0.150222	116.68
0.76	15.22	0.997562	0.000778	0.000001	0.150222	116.68
0.76	15.59	0.997171	0.000787	0.000001	0.150222	116.68
0.76	15.96	0.997695	0.000491	0.000000	0.150222	116.68
0.76	16.33	0.997088	0.000846	0.000001	0.150222	116.68
0.76	16.69	0.997339	0.000727	0.000001	0.150222	116.68
0.76	17.06	0.997174	0.000685	0.000000	0.150222	116.68
0.76	17.43	0.997691	0.000577	0.000000	0.150222	116.68
0.76	17.80	0.996921	0.000722	0.000001	0.150222	116.68
0.76	18.16	0.997934	0.000798	0.000001	0.150222	116.68
0.76	18.53	0.997890	0.000725	0.000001	0.150222	116.68
0.76	18.90	0.998147	0.000667	0.000000	0.150222	116.68
0.76	19.27	0.998933	0.000390	0.000000	0.150222	116.68
0.76	19.63	0.998812	0.000470	0.000000	0.150222	116.68
0.76	20.00	0.998108	0.000700	0.000000	0.150222	116.68
0.76	20.37	0.997665	0.000861	0.000001	0.150222	116.68
0.76	20.73	0.996354	0.000880	0.000001	0.150222	116.68
0.76	21.10	0.997019	0.000747	0.000001	0.150222	116.68
0.76	21.47	0.997498	0.000645	0.000000	0.150222	116.68
0.76	21.84	0.997858	0.000620	0.000000	0.150222	116.68
0.76	22.20	0.997861	0.000369	0.000000	0.150222	116.68
0.76	22.57	0.999241	0.000416	0.000000	0.150222	116.68
0.76	22.94	0.999014	0.000000	0.000000	0.150222	116.68
0.76	23.31	0.998282	0.000519	0.000000	0.150222	116.68
0.76	23.67	0.998397	0.000781	0.000001	0.150222	116.68
0.76	24.04	0.997041	0.000000	0.000000	0.150222	116.68
0.76	24.41	0.000000	0.000000	0.000000	0.150222	116.68
0.76	24.78	0.999014	0.000000	0.000000	0.150222	116.68
0.76	25.14	0.997896	0.006757	0.000046	0.150222	116.68
0.76	25.51	0.000000	0.000000	0.000000	0.150222	116.68
0.76	25.88	0.000000	0.000000	0.000000	0.150222	116.68
0.76	26.24	0.000000	0.000000	0.000000	0.150222	116.68
0.76	26.61	0.000000	0.000000	0.000000	0.150222	116.68
0.76	26.98	0.000000	0.000000	0.000000	0.150222	116.68
0.76	27.35	0.000000	0.000000	0.000000	0.150222	116.68
0.76	27.71	0.000000	0.000000	0.000000	0.150222	116.68
0.76	28.08	0.000000	0.000000	0.000000	0.150222	116.68
0.76	28.45	0.000000	0.000000	0.000000	0.150222	116.68
0.76	28.82	0.000000	0.000000	0.000000	0.150222	116.68
0.76	29.18	0.000000	0.000000	0.000000	0.150222	116.68
0.76	29.55	0.000000	0.000000	0.000000	0.150222	116.68
0.76	29.92	0.000000	0.000000	0.000000	0.150222	116.68
0.79	2.00	0.000000	0.000000	0.000000	0.150222	116.68
0.79	2.37	0.000000	0.000000	0.000000	0.150222	116.68
0.79	2.73	0.000000	0.000000	0.000000	0.150222	116.68
0.79	3.10	0.680473	0.000000	0.000000	0.150222	116.68
0.79	3.47	0.536160	0.276961	0.143068	0.150222	116.68
0.79	3.84	0.708361	0.007868	0.000087	0.150222	116.68
0.79	4.20	0.709207	0.018124	0.000463	0.150222	116.68
0.79	4.57	0.797072	0.117657	0.017368	0.150222	116.68
0.79	4.94	0.810534	0.123178	0.018720	0.150222	116.68
0.79	5.31	0.853057	0.139065	0.022670	0.150222	116.68
0.79	5.67	0.835451	0.142323	0.024246	0.150222	116.68
0.79	6.04	0.839318	0.143454	0.024519	0.150222	116.68
0.79	6.41	0.837563	0.145913	0.025420	0.150222	116.68
0.79	6.78	0.841727	0.147160	0.025728	0.150222	116.68
0.79	7.14	0.840927	0.147231	0.025778	0.150222	116.68
0.79	7.51	0.844387	0.148643	0.026167	0.150222	116.68
0.79	7.88	0.846548	0.148505	0.026051	0.150222	116.68
0.79	8.24	0.851555	0.143203	0.024082	0.150222	116.68
0.79	8.61	0.847855	0.148937	0.026163	0.150222	116.68
0.79	8.98	0.874913	0.127261	0.018511	0.150222	116.68
0.79	9.35	0.871360	0.135114	0.020951	0.150222	116.68
0.79	9.71	0.885771	0.132172	0.019722	0.150222	116.68
0.79	10.08	0.983385	0.056308	0.003224	0.150222	116.68
0.79	10.45	0.959767	0.092771	0.008967	0.150222	116.68
0.79	10.82	0.957745	0.098898	0.010212	0.150222	116.68
0.79	11.18	0.956686	0.093093	0.009059	0.150222	116.68
0.79	11.55	0.976667	0.068538	0.004810	0.150222	116.68
0.79	11.92	0.962150	0.091962	0.008790	0.150222	116.68
0.79	12.29	0.974215	0.072924	0.005459	0.150222	116.68
0.79	12.65	0.976583	0.068066	0.004744	0.150222	116.68
0.79	13.02	0.983166	0.058047	0.003427	0.150222	116.68
0.79	13.39	0.990858	0.032672	0.001077	0.150222	116.68
0.79	13.76	0.995705	0.001093	0.000001	0.150222	116.68
0.79	14.12	0.997970	0.000902	0.000001	0.150222	116.68
0.79	14.49	0.996682	0.001079	0.000001	0.150222	116.68
0.79	14.86	0.994527	0.018705	0.000352	0.150222	116.68
0.79	15.22	0.996617	0.000747	0.000001	0.150222	116.68
0.79	15.59	0.998220	0.000683	0.000000	0.150222	116.68
0.79	15.96	0.996832	0.000775	0.000001	0.150222	116.68
0.79	16.33	0.995740	0.001079	0.000001	0.150222	116.68
0.79	16.69	0.997892	0.000750	0.000001	0.150222	116.68
0.79	17.06	0.997499	0.000885	0.000001	0.150222	116.68
0.79	17.43	0.997544	0.000826	0.000001	0.150222	116.68
0.79	17.80	0.996620	0.000820	0.000001	0.150222	116.68
0.79	18.16	0.994716	0.000796	0.000001	0.150222	116.68
0.79	18.53	0.998158	0.000678	0.000000	0.150222	116.68
0.79	18.90	0.998006	0.000678	0.000000	0.150222	116.68
0.79	19.27	0.997072	0.000711	0.000001	0.150222	116.68
0.79	19.63	0.997184	0.000371	0.000000	0.150222	116.68
0.79	20.00	0.998504	0.000575	0.000000	0.150222	116.68
0.79	20.37	0.997985	0.000322	0.000000	0.150222	116.68
0.79	20.73	0.998360	0.000649	0.000000	0.150222	116.68
0.79	21.10	0.998709	0.000456	0.000000	0.150222	116.68
0.79	21.47	0.998328	0.000657	0.000000	0.150222	116.68
0.79	21.84	0.997483	0.000786	0.000001	0.150222	116.68
0.79	22.20	0.998599	0.000509	0.000000	0.150222	116.68
0.79	22.57	0.999061	0.000210	0.000000	0.150222	116.68
0.79	22.94	0.999080	0.000436	0.000000	0.150222	116.68
0.79	23.31	1.000000	0.000000	0.000000	0.150222	116.68
0.79	23.67	0.998970	0.000203	0.000000	0.150222	116.68
0.79	24.04	0.000000	0.000000	0.000000	0.150222	116.68
0.79	24.41	0.998374	0.000471	0.000000	0.150222	116.68
0.79	24.78	0.000000	0.000000	0.000000	0.150222	116.68
0.79	25.14	0.999014	0.000000	0.000000	0.150222	116.68
0.79	25.51	0.998028	0.000000	0.000000	0.150222	116.68
0.79	25.88	0.000000	0.000000	0.000000	0.150222	116.68
0.79	26.24	0.000000	0.000000	0.000000	0.150222	116.68
0.79	26.61	0.000000	0.000000	0.000000	0.150222	116.68
0.79	26.98	0.000000	0.000000	0.000000	0.150222	116.68
0.79	27.35	0.000000	0.000000	0.000000	0.150222	116.68
0.79	27.71	0.000000	0.000000	0.000000	0.150222	116.68
0.79	28.08	0.000000	0.000000	0.000000	0.150222	116.68
0.79	28.45	0.000000	0.000000	0.000000	0.150222	116.68
0.79	28.82	0.000000	0.000000	0.000000	0.150222	116.68
0.79	29.18	0.000000	0.000000	0.000000	0.150222	116.68
0.79	29.55	0.000000	0.000000	0.000000	0.150222	116.68
0.79	29.92	0.000000	0.000000	0.000000	0.150222	116.68
0.81	2.00	0.000000	0.000000	0.000000	0.150222	116.68
0.81	2.37	0.000000	0.000000	0.000000	0.150222	116.68
0.81	2.73	0.000000	0.000000	0.000000	0.150222	116.68
0.81	3.10	0.686391	0.001972	0.000006	0.150222	116.68
0.81	3.47	0.685503	0.003224	0.000015	0.150222	116.68
0.81	3.84	0.693623	0.007618	0.000084	0.150222	116.68
0.81	4.20	0.825225	0.108707	0.014320	0.150222	116.68
0.81	4.57	0.716242	0.040290	0.002266	0.150222	116.68
0.81	4.94	0.775556	0.107182	0.014813	0.150222	116.68
0.81	5.31	0.753569	0.121443	0.019571	0.150222	116.68
0.81	5.67	0.846516	0.143529	0.024336	0.150222	116.68
0.81	6.04	0.847193	0.143611	0.024344	0.150222	116.68
0.81	6.41	0.845121	0.146192	0.025289	0.150222	116.68
0.81	6.78	0.846143	0.144750	0.024763	0.150222	116.68
0.81	7.14	0.844932	0.144220	0.024617	0.150222	116.68
0.81	7.51	0.833155	0.148458	0.026454	0.150222	116.68
0.81	7.88	0.853645	0.142735	0.023866	0.150222	116.68
0.81	8.24	0.848275	0.144612	0.024653	0.150222	116.68
0.81	8.61	0.858986	0.137951	0.022155	0.150222	116.68
0.81	8.98	0.857145	0.139906	0.022836	0.150222	116.68
0.81	9.35	0.866412	0.132534	0.020274	0.150222	116.68
0.81	9.71	0.928994	0.114354	0.014076	0.150222	116.68
0.81	10.08	0.948028	0.101376	0.010840	0.150222	116.68
0.81	10.45	0.946712	0.102604	0.011120	0.150222	116.68
0.81	10.82	0.929286	0.119516	0.015371	0.150222	116.68
0.81	11.18	0.965724	0.086346	0.007720	0.150222	116.68
0.81	11.55	0.956903	0.093477	0.009132	0.150222	116.68
0.81	11.92	0.962360	0.087444	0.007946	0.150222	116.68
0.81	12.29	0.995150	0.001304	0.000002	0.150222	116.68
0.81	12.65	0.992493	0.030535	0.000939	0.150222	116.68
0.81	13.02	0.977138	0.054917	0.003086	0.150222	116.68
0.81	13.39	0.996082	0.000879	0.000001	0.150222	116.68
0.81	13.76	0.997833	0.000683	0.000000	0.150222	116.68
0.81	14.12	0.996668	0.000744	0.000001	0.150222	116.68
0.81	14.49	0.995876	0.001208	0.000001	0.150222	116.68
0.81	14.86	0.998709	0.000481	0.000000	0.150222	116.68
0.81	15.22	0.997075	0.000917	0.000001	0.150222	116.68
0.81	15.59	0.997671	0.000920	0.000001	0.150222	116.68
0.81	15.96	0.996034	0.000903	0.000001	0.150222	116.68
0.81	16.33	0.998853	0.000364	0.000000	0.150222	116.68
0.81	16.69	0.997342	0.000752	0.000001	0.150222	116.68
0.81	17.06	0.997699	0.000602	0.000000	0.150222	116.68
0.81	17.43	0.996999	0.000985	0.000001	0.150222	116.68
0.81	17.80	0.997735	0.000827	0.000001	0.150222	116.68
0.81	18.16	0.997977	0.000651	0.000000	0.150222	116.68
0.81	18.53	0.997288	0.000645	0.000000	0.150222	116.68
0.81	18.90	0.996990	0.000703	0.000000	0.150222	116.68
0.81	19.27	0.997596	0.000559	0.000000	0.150222	116.68
0.81	19.63	0.997413	0.000736	0.000001	0.150222	116.68
0.81	20.00	0.997179	0.000441	0.000000	0.150222	116.68
0.81	20.37	0.997541	0.000700	0.000000	0.150222	116.68
0.81	20.73	0.997966	0.000477	0.000000	0.150222	116.68
0.81	21.10	0.997583	0.000736	0.000001	0.150222	116.68
0.81	21.47	0.998183	0.000571	0.000000	0.150222	116.68
0.81	21.84	0.997507	0.000626	0.000000	0.150222	116.68
0.81	22.20	0.997078	0.000761	0.000001	0.150222	116.68
0.81	22.57	0.997936	0.000286	0.000000	0.150222	116.68
0.81	22.94	0.998945	0.000252	0.000000	0.150222	116.68
0.81	23.31	0.999014	0.000000	0.000000	0.150222	116.68
0.81	23.67	0.998166	0.000597	0.000000	0.150222	116.68
0.81	24.04	0.998663	0.000472	0.000000	0.150222	116.68
0.81	24.41	0.000000	0.000000	0.000000	0.150222	116.68
0.81	24.78	0.997451	0.000581	0.000000	0.150222	116.68
0.81	25.14	0.999014	0.000000	0.000000	0.150222	116.68
0.81	25.51	0.000000	0.000000	0.000000	0.150222	116.68
0.81	25.88	0.998597	0.000569	0.000000	0.150222	116.68
0.81	26.24	0.999014	0.000000	0.000000	0.150222	116.68
0.81	26.61	0.000000	0.000000	0.000000	0.150222	116.68
0.81	26.98	0.000000	0.000000	0.000000	0.150222	116.68
0.81	27.35	0.000000	0.000000	0.000000	0.150222	116.68
0.81	27.71	0.000000	0.000000	0.000000	0.150222	116.68
0.81	28.08	0.000000	0.000000	0.000000	0.150222	116.68
0.81	28.45	0.000000	0.000000	0.000000	0.150222	116.68
0.81	28.82	0.000000	0.000000	0.000000	0.150222	116.68
0.81	29.18	1.000000	0.000000	0.000000	0.150222	116.68
0.81	29.55	0.000000	0.000000	0.000000	0.150222	116.68
0.81	29.92	0.000000	0.000000	0.000000	0.150222	116.68
0.84	2.00	0.000000	0.000000	0.000000	0.150222	116.68
0.84	2.37	0.000000	0.000000	0.000000	0.150222	116.68
0.84	2.73	0.000000	0.000000	0.000000	0.150222	116.68
0.84	3.10	0.000000	0.000000	0.000000	0.150222	116.68
0.84	3.47	0.691431	0.004796	0.000033	0.150222	116.68
0.84	3.84	0.662670	0.144671	0.031584	0.150222	116.68
0.84	4.20	0.700353	0.010399	0.000154	0.150222	116.68
0.84	4.57	0.719809	0.043278	0.002602	0.150222	116.68
0.84	4.94	0.815582	0.130627	0.020922	0.150222	116.68
0.84	5.31	0.870825	0.128296	0.018901	0.150222	116.68
0.84	5.67	0.834968	0.139786	0.023402	0.150222	116.68
0.84	6.04	0.839513	0.147287	0.025840	0.150222	116.68
0.84	6.41	0.847867	0.146065	0.025163	0.150222	116.68
0.84	6.78	0.846618	0.146146	0.025228	0.150222	116.68
0.84	7.14	0.836903	0.148574	0.026376	0.150222	116.68
0.84	7.51	0.843281	0.147804	0.025906	0.150222	116.68
0.84	7.88	0.848982	0.147698	0.025695	0.150222	116.68
0.84	8.24	0.865446	0.133220	0.020507	0.150222	116.68
0.84	8.61	0.855683	0.140337	0.023016	0.150222	116.68
0.84	8.98	0.852027	0.142649	0.023883	0.150222	116.68
0.84	9.35	0.869083	0.136166	0.021334	0.150222	116.68
0.84	9.71	0.890518	0.141511	0.022487	0.150222	116.68
0.84	10.08	0.977445	0.064682	0.004280	0.150222	116.68
0.84	10.45	0.943493	0.112080	0.013314	0.150222	116.68
0.84	10.82	0.972761	0.074413	0.005692	0.150222	116.68
0.84	11.18	0.969854	0.081108	0.006783	0.150222	116.68
0.84	11.55	0.995542	0.001174	0.000001	0.150222	116.68
0.84	11.92	0.988810	0.037835	0.001448	0.150222	116.68
0.84	12.29	0.977913	0.067817	0.004703	0.150222	116.68
0.84	12.65	0.995215	0.001346	0.000002	0.150222	116.68
0.84	13.02	0.992474	0.032348	0.001054	0.150222	116.68
0.84	13.39	0.992992	0.000958	0.000001	0.150222	116.68
0.84	13.76	0.997593	0.000725	0.000001	0.150222	116.68
0.84	14.12	0.996455	0.001137	0.000001	0.150222	116.68
0.84	14.49	0.994498	0.001064	0.000001	0.150222	116.68
0.84	14.86	0.997406	0.000506	0.000000	0.150222	116.68
0.84	15.22	0.995114	0.001108	0.000001	0.150222	116.68
0.84	15.59	0.996209	0.001128	0.000001	0.150222	116.68
0.84	15.96	0.997125	0.000423	0.000000	0.150222	116.68
0.84	16.33	0.998017	0.000732	0.000001	0.150222	116.68
0.84	16.69	0.996969	0.000798	0.000001	0.150222	116.68
0.84	17.06	0.998785	0.000463	0.000000	0.150222	116.68
0.84	17.43	0.999141	0.000513	0.000000	0.150222	116.68
0.84	17.80	0.997671	0.000703	0.000000	0.150222	116.68
0.84	18.16	0.998555	0.000614	0.000000	0.150222	116.68
0.84	18.53	0.997477	0.000812	0.000001	0.150222	116.68
0.84	18.90	0.993981	0.000625	0.000000	0.150222	116.68
0.84	19.27	0.997963	0.000698	0.000000	0.150222	116.68
0.84	19.63	0.996763	0.000774	0.000001	0.150222	116.68
0.84	20.00	0.996664	0.000871	0.000001	0.150222	116.68
0.84	20.37	0.998939	0.000586	0.000000	0.150222	116.68
0.84	20.73	0.998160	0.000429	0.000000	0.150222	116.68
0.84	21.10	0.997791	0.000880	0.000001	0.150222	116.68
0.84	21.47	0.998669	0.000540	0.000000	0.150222	116.68
0.84	21.84	0.997177	0.000339	0.000000	0.150222	116.68
0.84	22.20	0.997973	0.000630	0.000000	0.150222	116.68
0.84	22.57	0.999044	0.000169	0.000000	0.150222	116.68
0.84	22.94	0.998843	0.000373	0.000000	0.150222	116.68
0.84	23.31	0.000000	0.000000	0.000000	0.150222	116.68
0.84	23.67	0.999014	0.000000	0.000000	0.150222	116.68
0.84	24.04	0.997998	0.000728	0.000001	0.150222	116.68
0.84	24.41	0.000000	0.000000	0.000000	0.150222	116.68
0.84	24.78	0.997573	0.009752	0.000095	0.150222	116.68
0.84	25.14	0.998834	0.000424	0.000000	0.150222	116.68
0.84	25.51	0.000000	0.000000	0.000000	0.150222	116.68
0.84	25.88	0.000000	0.000000	0.000000	0.150222	116.68
0.84	26.24	0.000000	0.000000	0.000000	0.150222	116.68
0.84	26.61	0.000000	0.000000	0.000000	0.150222	116.68
0.84	26.98	0.000000	0.000000	0.000000	0.150222	116.68
0.84	27.35	0.000000	0.000000	0.000000	0.150222	116.68
0.84	27.71	0.000000	0.000000	0.000000	0.150222	116.68
0.84	28.08	0.000000	0.000000	0.000000	0.150222	116.68
0.84	28.45	0.000000	0.000000	0.000000	0.150222	116.68
0.84	28.82	0.000000	0.000000	0.000000	0.150222	116.68
0.84	29.18	0.000000	0.000000	0.000000	0.150222	116.68
0.84	29.55	0.000000	0.000000	0.000000	0.150222	116.68
0.84	29.92	0.000000	0.000000	0.000000	0.150222	116.68
0.87	2.00	0.000000	0.000000	0.000000	0.150222	116.68
0.87	2.37	0.000000	0.000000	0.000000	0.150222	116.68
0.87	2.73	0.000000	0.000000	0.000000	0.150222	116.68
0.87	3.10	0.265615	0.293367	0.324019	0.150222	116.68
0.87	3.47	0.688363	0.002875	0.000012	0.150222	116.68
0.87	3.84	0.709769	0.019962	0.000561	0.150222	116.68
0.87	4.20	0.696081	0.008814	0.000112	0.150222	116.68
0.87	4.57	0.710665	0.025163	0.000891	0.150222	116.68
0.87	4.94	0.834096	0.139144	0.023212	0.150222	116.68
0.87	5.31	0.819198	0.134663	0.022137	0.150222	116.68
0.87	5.67	0.837137	0.145980	0.025456	0.150222	116.68
0.87	6.04	0.841944	0.146354	0.025440	0.150222	116.68
0.87	6.41	0.824040	0.141076	0.024152	0.150222	116.68
0.87	6.78	0.847281	0.144133	0.024519	0.150222	116.68
0.87	7.14	0.824886	0.146844	0.026141	0.150222	116.68
0.87	7.51	0.824258	0.143494	0.024981	0.150222	116.68
0.87	7.88	0.847043	0.148388	0.025995	0.150222	116.68
0.87	8.24	0.848235	0.147982	0.025817	0.150222	116.68
0.87	8.61	0.860169	0.139369	0.022581	0.150222	116.68
0.87	8.98	0.855816	0.142012	0.023565	0.150222	116.68
0.87	9.35	0.853172	0.145293	0.024743	0.150222	116.68
0.87	9.71	0.887937	0.137489	0.021289	0.150222	116.68
0.87	10.08	0.951888	0.101833	0.010894	0.150222	116.68
0.87	10.45	0.938670	0.110355	0.012974	0.150222	116.68
0.87	10.82	0.961895	0.089193	0.008270	0.150222	116.68
0.87	11.18	0.939444	0.111892	0.013327	0.150222	116.68
0.87	11.55	0.972899	0.074580	0.005717	0.150222	116.68
0.87	11.92	0.923546	0.121984	0.016112	0.150222	116.68
0.87	12.29	0.972858	0.076173	0.005964	0.150222	116.68
0.87	12.65	0.990102	0.037185	0.001397	0.150222	116.68
0.87	13.02	0.996156	0.000803	0.000001	0.150222	116.68
0.87	13.39	0.994569	0.000969	0.000001	0.150222	116.68
0.87	13.76	0.994254	0.001165	0.000001	0.150222	116.68
0.87	14.12	0.995839	0.001188	0.000001	0.150222	116.68
0.87	14.49	0.994972	0.000975	0.000001	0.150222	116.68
0.87	14.86	0.996709	0.001135	0.000001	0.150222	116.68
0.87	15.22	0.997861	0.000916	0.000001	0.150222	116.68
0.87	15.59	0.997775	0.000692	0.000000	0.150222	116.68
0.87	15.96	0.997202	0.000655	0.000000	0.150222	116.68
0.87	16.33	0.998028	0.000608	0.000000	0.150222	116.68
0.87	16.69	0.997434	0.000706	0.000000	0.150222	116.68
0.87	17.06	0.998037	0.000759	0.000001	0.150222	116.68
0.87	17.43	0.998288	0.000640	0.000000	0.150222	116.68
0.87	17.80	0.996750	0.000881	0.000001	0.150222	116.68
0.87	18.16	0.997653	0.000554	0.000000	0.150222	116.68
0.87	18.53	0.998247	0.000565	0.000000	0.150222	116.68
0.87	18.90	0.998674	0.000469	0.000000	0.150222	116.68
0.87	19.27	0.998254	0.000637	0.000000	0.150222	116.68
0.87	19.63	0.996713	0.000749	0.000001	0.150222	116.68
0.87	20.00	0.997858	0.000793	0.000001	0.150222	116.68
0.87	20.37	0.998736	0.000502	0.000000	0.150222	116.68
0.87	20.73	0.998200	0.000406	0.000000	0.150222	116.68
0.87	21.10	0.997591	0.000661	0.000000	0.150222	116.68
0.87	21.47	0.997887	0.000732	0.000001	0.150222	116.68
0.87	21.84	0.997309	0.000612	0.000000	0.150222	116.68
0.87	22.20	0.997200	0.000525	0.000000	0.150222	116.68
0.87	22.57	0.998886	0.000331	0.000000	0.150222	116.68
0.87	22.94	0.999014	0.000000	0.000000	0.150222	116.68
0.87	23.31	0.999014	0.000373	0.000000	0.150222	116.68
0.87	23.67	0.998669	0.000470	0.000000	0.150222	116.68
0.87	24.04	0.998983	0.000386	0.000000	0.150222	116.68
0.87	24.41	0.999014	0.000000	0.000000	0.150222	116.68
0.87	24.78	0.000000	0.000000	0.000000	0.150222	116.68
0.87	25.14	0.000000	0.000000	0.000000	0.150222	116.68
0.87	25.51	0.000000	0.000000	0.000000	0.150222	116.68
0.87	25.88	1.000000	0.000000	0.000000	0.150222	116.68
0.87	26.24	0.000000	0.000000	0.000000	0.150222	116.68
0.87	26.61	0.000000	0.000000	0.000000	0.150222	116.68
0.87	26.98	0.000000	0.000000	0.000000	0.150222	116.68
0.87	27.35	0.000000	0.000000	0.000000	0.150222	116.68
0.87	27.71	0.000000	0.000000	0.000000	0.150222	116.68
0.87	28.08	0.000000	0.000000	0.000000	0.150222	116.68
0.87	28.45	0.000000	0.000000	0.000000	0.150222	116.68
0.87	28.82	0.000000	0.000000	0.000000	0.150222	116.68
0.87	29.18	0.000000	0.000000	0.000000	0.150222	116.68
0.87	29.55	0.000000	0.000000	0.000000	0.150222	116.68
0.87	29.92	0.000000	0.000000	0.000000	0.150222	116.68
0.90	2.00	0.000000	0.000000	0.000000	0.150222	116.68
0.90	2.37	0.000000	0.000000	0.000000	0.150222	116.68
0.90	2.73	0.052268	0.000000	0.000000	0.150222	116.68
0.90	3.10	0.691321	0.000000	0.000000	0.150222	116.68
0.90	3.47	0.693435	0.005712	0.000047	0.150222	116.68
0.90	3.84	0.691031	0.010696	0.000166	0.150222	116.68
0.90	4.20	0.708443	0.041596	0.002442	0.150222	116.68
0.90	4.57	0.701460	0.018806	0.000504	0.150222	116.68
0.90	4.94	0.756069	0.097988	0.012699	0.150222	116.68
0.90	5.31	0.836509	0.141312	0.023872	0.150222	116.68
0.90	5.67	0.844471	0.148414	0.026084	0.150222	116.68
0.90	6.04	0.848852	0.143352	0.024209	0.150222	116.68
0.90	6.41	0.847250	0.145094	0.024848	0.150222	116.68
0.90	6.78	0.841567	0.147109	0.025715	0.150222	116.68
0.90	7.14	0.825626	0.146787	0.026097	0.150222	116.68
0.90	7.51	0.845115	0.145682	0.025113	0.150222	116.68
0.90	7.88	0.851622	0.142046	0.023692	0.150222	116.68
0.90	8.24	0.850690	0.144458	0.024531	0.150222	116.68
0.90	8.61	0.852000	0.146429	0.025166	0.150222	116.68
0.90	8.98	0.856331	0.139746	0.022805	0.150222	116.68
0.90	9.35	0.972968	0.071572	0.005265	0.150222	116.68
0.90	9.71	0.965767	0.082830	0.007104	0.150222	116.68
0.90	10.08	0.948504	0.095902	0.009696	0.150222	116.68
0.90	10.45	0.973163	0.076290	0.005981	0.150222	116.68
0.90	10.82	0.966469	0.078992	0.006456	0.150222	116.68
0.90	11.18	0.966233	0.084435	0.007378	0.150222	116.68
0.90	11.55	0.989566	0.036429	0.001341	0.150222	116.68
0.90	11.92	0.964072	0.086126	0.007694	0.150222	116.68
0.90	12.29	0.994627	0.001071	0.000001	0.150222	116.68
0.90	12.65	0.959566	0.090912	0.008613	0.150222	116.68
0.90	13.02	0.992147	0.027666	0.000771	0.150222	116.68
0.90	13.39	0.990898	0.039115	0.001544	0.150222	116.68
0.90	13.76	0.997542	0.000965	0.000001	0.150222	116.68
0.90	14.12	0.997806	0.000810	0.000001	0.150222	116.68
0.90	14.49	0.996580	0.000913	0.000001	0.150222	116.68
0.90	14.86	0.996829	0.000950	0.000001	0.150222	116.68
0.90	15.22	0.996142	0.000861	0.000001	0.150222	116.68
0.90	15.59	0.998215	0.000783	0.000001	0.150222	116.68
0.90	15.96	0.997334	0.000629	0.000000	0.150222	116.68
0.90	16.33	0.997524	0.000854	0.000001	0.150222	116.68
0.90	16.69	0.997296	0.000778	0.000001	0.150222	116.68
0.90	17.06	0.997863	0.000775	0.000001	0.150222	116.68
0.90	17.43	0.997671	0.000759	0.000001	0.150222	116.68
0.90	17.80	0.996792	0.000981	0.000001	0.150222	116.68
0.90	18.16	0.998446	0.000604	0.000000	0.150222	116.68
0.90	18.53	0.996918	0.000625	0.000000	0.150222	116.68
0.90	18.90	0.996577	0.000857	0.000001	0.150222	116.68
0.90	19.27	0.997265	0.000609	0.000000	0.150222	116.68
0.90	19.63	0.998879	0.000560	0.000000	0.150222	116.68
0.90	20.00	0.999027	0.000198	0.000000	0.150222	116.68
0.90	20.37	0.997385	0.000555	0.000000	0.150222	116.68
0.90	20.73	0.997588	0.000631	0.000000	0.150222	116.68
0.90	21.10	0.997012	0.000625	0.000000	0.150222	116.68
0.90	21.47	0.998406	0.000798	0.000001	0.150222	116.68
0.90	21.84	0.997686	0.000469	0.000000	0.150222	116.68
0.90	22.20	0.999018	0.000063	0.000000	0.150222	116.68
0.90	22.57	0.998759	0.000432	0.000000	0.150222	116.68
0.90	22.94	0.998028	0.000000	0.000000	0.150222	116.68
0.90	23.31	0.997947	0.000309	0.000000	0.150222	116.68
0.90	23.67	0.998055	0.000283	0.000000	0.150222	116.68
0.90	24.04	0.998028	0.000281	0.000000	0.150222	116.68
0.90	24.41	0.000000	0.000000	0.000000	0.150222	116.68
0.90	24.78	0.998256	0.003055	0.000009	0.150222	116.68
0.90	25.14	0.000000	0.000000	0.000000	0.150222	116.68
0.90	25.51	0.000000	0.000000	0.000000	0.150222	116.68
0.90	25.88	0.000000	0.000000	0.000000	0.150222	116.68
0.90	26.24	0.998028	0.000000	0.000000	0.150222	116.68
0.90	26.61	0.000000	0.000000	0.000000	0.150222	116.68
0.90	26.98	0.000000	0.000000	0.000000	0.150222	116.68
0.90	27.35	0.000000	0.000000	0.000000	0.150222	116.68
0.90	27.71	0.000000	0.000000	0.000000	0.150222	116.68
0.90	28.08	0.000000	0.000000	0.000000	0.150222	116.68
0.90	28.45	0.000000	0.000000	0.000000	0.150222	116.68
0.90	28.82	0.000000	0.000000	0.000000	0.150222	116.68
0.90	29.18	0.000000	0.000000	0.000000	0.150222	116.68
0.90	29.55	0.000000	0.000000	0.000000	0.150222	116.68
0.90	29.92	0.000000	0.000000	0.000000	0.150222	116.68
0.93	2.00	0.000000	0.000000	0.000000	0.150222	116.68
0.93	2.37	0.000000	0.000000	0.000000	0.150222	116.68
0.93	2.73	0.000000	0.000000	0.000000	0.150222	116.68
0.93	3.10	0.370316	0.312130	0.263087	0.150222	116.68
0.93	3.47	0.636095	0.176345	0.048888	0.150222	116.68
0.93	3.84	0.698017	0.013993	0.000281	0.150222	116.68
0.93	4.20	0.695210	0.007674	0.000085	0.150222	116.68
0.93	4.57	0.765565	0.091442	0.010922	0.150222	116.68
0.93	4.94	0.816902	0.131890	0.021294	0.150222	116.68
0.93	5.31	0.820179	0.135577	0.022411	0.150222	116.68
0.93	5.67	0.834136	0.137203	0.022568	0.150222	116.68
0.93	6.04	0.834927	0.141936	0.024129	0.150222	116.68
0.93	6.41	0.845718	0.147561	0.025746	0.150222	116.68
0.93	6.78	0.839024	0.147870	0.026061	0.150222	116.68
0.93	7.14	0.833520	0.148532	0.026468	0.150222	116.68
0.93	7.51	0.826409	0.145005	0.025443	0.150222	116.68
0.93	7.88	0.847272	0.147401	0.025643	0.150222	116.68
0.93	8.24	0.849485	0.143938	0.024389	0.150222	116.68
0.93	8.61	0.862993	0.138092	0.022097	0.150222	116.68
0.93	8.98	0.848869	0.149180	0.026217	0.150222	116.68
0.93	9.35	0.885559	0.130270	0.019163	0.150222	116.68
0.93	9.71	0.889928	0.135229	0.020549	0.150222	116.68
0.93	10.08	0.978249	0.063641	0.004140	0.150222	116.68
0.93	10.45	0.996980	0.000649	0.000000	0.150222	116.68
0.93	10.82	0.947732	0.103683	0.011343	0.150222	116.68
0.93	11.18	0.957272	0.098574	0.010150	0.150222	116.68
0.93	11.55	0.964475	0.089359	0.008279	0.150222	116.68
0.93	11.92	0.973534	0.074587	0.005714	0.150222	116.68
0.93	12.29	0.974092	0.074717	0.005731	0.150222	116.68
0.93	12.65	0.948588	0.102517	0.011079	0.150222	116.68
0.93	13.02	0.991238	0.036075	0.001313	0.150222	116.68
0.93	13.39	0.995852	0.001100	0.000001	0.150222	116.68
0.93	13.76	0.996762	0.000930	0.000001	0.150222	116.68
0.93	14.12	0.998245	0.000714	0.000001	0.150222	116.68
0.93	14.49	0.997691	0.000829	0.000001	0.150222	116.68
0.93	14.86	0.996928	0.001047	0.000001	0.150222	116.68
0.93	15.22	0.995509	0.000896	0.000001	0.150222	116.68
0.93	15.59	0.997488	0.000918	0.000001	0.150222	116.68
0.93	15.96	0.996230	0.000812	0.000001	0.150222	116.68
0.93	16.33	0.998028	0.000857	0.000001	0.150222	116.68
0.93	16.69	0.997236	0.000855	0.000001	0.150222	116.68
0.93	17.06	0.997387	0.000838	0.000001	0.150222	116.68
0.93	17.43	0.997032	0.000819	0.000001	0.150222	116.68
0.93	17.80	0.997293	0.000857	0.000001	0.150222	116.68
0.93	18.16	0.999003	0.000177	0.000000	0.150222	116.68
0.93	18.53	0.997003	0.000640	0.000000	0.150222	116.68
0.93	18.90	0.997436	0.000505	0.000000	0.150222	116.68
0.93	19.27	0.997968	0.000364	0.000000	0.150222	116.68
0.93	19.63	0.998713	0.000574	0.000000	0.150222	116.68
0.93	20.00	0.997513	0.000642	0.000000	0.150222	116.68
0.93	20.37	0.998424	0.000525	0.000000	0.150222	116.68
0.93	20.73	0.998526	0.000594	0.000000	0.150222	116.68
0.93	21.10	0.998727	0.000448	0.000000	0.150222	116.68
0.93	21.47	0.998005	0.000147	0.000000	0.150222	116.68
0.93	21.84	0.996990	0.000761	0.000001	0.150222	116.68
0.93	22.20	0.997806	0.000714	0.000001	0.150222	116.68
0.93	22.57	0.997358	0.000508	0.000000	0.150222	116.68
0.93	22.94	0.998274	0.000427	0.000000	0.150222	116.68
0.93	23.31	0.999063	0.000215	0.000000	0.150222	116.68
0.93	23.67	0.998000	0.000464	0.000000	0.150222	116.68
0.93	24.04	0.999436	0.000488	0.000000	0.150222	116.68
0.93	24.41	0.999185	0.000374	0.000000	0.150222	116.68
0.93	24.78	0.997306	0.000437	0.000000	0.150222	116.68
0.93	25.14	0.000000	0.000000	0.000000	0.150222	116.68
0.93	25.51	0.998386	0.000474	0.000000	0.150222	116.68
0.93	25.88	0.000000	0.000000	0.000000	0.150222	116.68
0.93	26.24	0.999137	0.000326	0.000000	0.150222	116.68
0.93	26.61	0.000000	0.000000	0.000000	0.150222	116.68
0.93	26.98	0.998086	0.000232	0.000000	0.150222	116.68
0.93	27.35	0.000000	0.000000	0.000000	0.150222	116.68
0.93	27.71	0.000000	0.000000	0.000000	0.150222	116.68
0.93	28.08	0.000000	0.000000	0.000000	0.150222	116.68
0.93	28.45	0.000000	0.000000	0.000000	0.150222	116.68
0.93	28.82	0.000000	0.000000	0.000000	0.150222	116.68
0.93	29.18	0.000000	0.000000	0.000000	0.150222	116.68
0.93	29.55	0.000000	0.000000	0.000000	0.150222	116.68
0.93	29.92	0.000000	0.000000	0.000000	0.150222	116.68
