base_sigma	MAX_EXC_WEIGHT	Gini	mean_peaks_height	std_peaks_height	fano_factor
0.0400	2.00	0.000000	0.000000	0.000000	0.000000
0.0400	2.37	0.000000	0.000000	0.000000	0.000000
0.0400	2.73	0.000000	0.000000	0.000000	0.000000
0.0400	3.10	0.000000	0.000000	0.000000	0.000000
0.0400	3.47	0.000000	0.000000	0.000000	0.000000
0.0400	3.84	0.000000	0.000000	0.000000	0.000000
0.0400	4.20	0.000000	0.000000	0.000000	0.000000
0.0400	4.57	0.000000	0.000000	0.000000	0.000000
0.0400	4.94	0.000000	0.000000	0.000000	0.000000
0.0400	5.31	0.000000	0.000000	0.000000	0.000000
0.0400	5.67	0.000000	0.000000	0.000000	0.000000
0.0400	6.04	0.000000	0.000000	0.000000	0.000000
0.0400	6.41	0.000000	0.000000	0.000000	0.000000
0.0400	6.78	0.000000	0.000000	0.000000	0.000000
0.0400	7.14	0.000000	0.000000	0.000000	0.000000
0.0400	7.51	0.000000	0.000000	0.000000	0.000000
0.0400	7.88	0.000000	0.000000	0.000000	0.000000
0.0400	8.24	0.000000	0.000000	0.000000	0.000000
0.0400	8.61	0.000000	0.000000	0.000000	0.000000
0.0400	8.98	0.000000	0.000000	0.000000	0.000000
0.0400	9.35	0.000000	0.000000	0.000000	0.000000
0.0400	9.71	0.000000	0.000000	0.000000	0.000000
0.0400	10.08	0.000000	0.000000	0.000000	0.000000
0.0400	10.45	0.000000	0.000000	0.000000	0.000000
0.0400	10.82	0.000000	0.000000	0.000000	0.000000
0.0400	11.18	0.000000	0.000000	0.000000	0.000000
0.0400	11.55	0.000000	0.000000	0.000000	0.000000
0.0400	11.92	0.000000	0.000000	0.000000	0.000000
0.0400	12.29	0.000000	0.055410	0.004140	0.000309
0.0400	12.65	0.000000	0.055244	0.004132	0.000309
0.0400	13.02	0.000000	0.057693	0.006942	0.000835
0.0400	13.39	0.000000	0.060964	0.007031	0.000811
0.0400	13.76	0.000000	0.067500	0.012579	0.002344
0.0400	14.12	0.000000	0.068222	0.011593	0.001970
0.0400	14.49	0.000000	0.073769	0.014694	0.002927
0.0400	14.86	0.000000	0.082675	0.017269	0.003607
0.0400	15.22	0.000000	0.087612	0.019112	0.004169
0.0400	15.59	0.000000	0.095176	0.022387	0.005266
0.0400	15.96	0.000000	0.104404	0.023904	0.005473
0.0400	16.33	0.000000	0.114283	0.028091	0.006905
0.0400	16.69	0.000000	0.113686	0.023182	0.004727
0.0400	17.06	0.000000	0.124341	0.031297	0.007877
0.0400	17.43	0.000000	0.131292	0.031436	0.007527
0.0400	17.80	0.000000	0.137873	0.033885	0.008328
0.0400	18.16	0.000000	0.142561	0.035771	0.008975
0.0400	18.53	0.000000	0.150575	0.037235	0.009208
0.0400	18.90	0.000000	0.150172	0.040371	0.010853
0.0400	19.27	0.000000	0.155566	0.037618	0.009096
0.0400	19.63	0.000000	0.168593	0.042619	0.010774
0.0400	20.00	0.000000	0.167187	0.043863	0.011508
0.0400	20.37	0.000000	0.174742	0.045173	0.011678
0.0400	20.73	0.000000	0.189860	0.059864	0.018876
0.0400	21.10	0.000000	0.176005	0.046285	0.012172
0.0400	21.47	0.000000	0.188827	0.054569	0.015770
0.0400	21.84	0.000000	0.185564	0.048052	0.012443
0.0400	22.20	0.000000	0.183167	0.056465	0.017407
0.0400	22.57	0.000000	0.191503	0.047198	0.011632
0.0400	22.94	0.000000	0.190834	0.051333	0.013808
0.0400	23.31	0.000000	0.202311	0.051505	0.013112
0.0400	23.67	0.000000	0.188088	0.052497	0.014652
0.0400	24.04	0.000000	0.196203	0.052934	0.014281
0.0400	24.41	0.000000	0.195934	0.053069	0.014374
0.0400	24.78	0.000000	0.205422	0.056785	0.015697
0.0400	25.14	0.000000	0.200709	0.057499	0.016473
0.0400	25.51	0.000000	0.217747	0.060537	0.016830
0.0400	25.88	0.000000	0.215327	0.057068	0.015125
0.0400	26.24	0.000000	0.220918	0.069326	0.021755
0.0400	26.61	0.000000	0.216297	0.060790	0.017085
0.0400	26.98	0.000000	0.224375	0.071005	0.022470
0.0400	27.35	0.000000	0.217580	0.063149	0.018328
0.0400	27.71	0.000000	0.225184	0.065954	0.019317
0.0400	28.08	0.000000	0.221517	0.056594	0.014459
0.0400	28.45	0.000000	0.223976	0.066338	0.019648
0.0400	28.82	0.000000	0.238967	0.073924	0.022868
0.0400	29.18	0.000000	0.231457	0.069393	0.020805
0.0400	29.55	0.000000	0.256671	0.084130	0.027575
0.0400	29.92	0.000000	0.232097	0.070625	0.021491
0.0514	2.00	0.000000	0.000000	0.000000	0.000000
0.0514	2.37	0.000000	0.000000	0.000000	0.000000
0.0514	2.73	0.000000	0.000000	0.000000	0.000000
0.0514	3.10	0.000000	0.000000	0.000000	0.000000
0.0514	3.47	0.000000	0.000000	0.000000	0.000000
0.0514	3.84	0.000000	0.000000	0.000000	0.000000
0.0514	4.20	0.000000	0.000000	0.000000	0.000000
0.0514	4.57	0.000000	0.000000	0.000000	0.000000
0.0514	4.94	0.000000	0.000000	0.000000	0.000000
0.0514	5.31	0.000000	0.000000	0.000000	0.000000
0.0514	5.67	0.000000	0.000000	0.000000	0.000000
0.0514	6.04	0.000000	0.000000	0.000000	0.000000
0.0514	6.41	0.000000	0.000000	0.000000	0.000000
0.0514	6.78	0.000000	0.000000	0.000000	0.000000
0.0514	7.14	0.000000	0.000000	0.000000	0.000000
0.0514	7.51	0.000000	0.000000	0.000000	0.000000
0.0514	7.88	0.000000	0.000000	0.000000	0.000000
0.0514	8.24	0.000000	0.000000	0.000000	0.000000
0.0514	8.61	0.000000	0.000000	0.000000	0.000000
0.0514	8.98	0.000000	0.000000	0.000000	0.000000
0.0514	9.35	0.000000	0.000000	0.000000	0.000000
0.0514	9.71	0.000000	0.000000	0.000000	0.000000
0.0514	10.08	0.000000	0.000000	0.000000	0.000000
0.0514	10.45	0.000000	0.000000	0.000000	0.000000
0.0514	10.82	0.000000	0.000000	0.000000	0.000000
0.0514	11.18	0.000000	0.000000	0.000000	0.000000
0.0514	11.55	0.000000	0.000000	0.000000	0.000000
0.0514	11.92	0.000000	0.000000	0.000000	0.000000
0.0514	12.29	0.000000	0.000000	0.000000	0.000000
0.0514	12.65	0.000000	0.000000	0.000000	0.000000
0.0514	13.02	0.000000	0.000000	0.000000	0.000000
0.0514	13.39	0.000000	0.000000	0.000000	0.000000
0.0514	13.76	0.000000	0.000000	0.000000	0.000000
0.0514	14.12	0.000000	0.050879	0.000000	0.000000
0.0514	14.49	0.000000	0.056045	0.003283	0.000192
0.0514	14.86	0.000000	0.055146	0.004910	0.000437
0.0514	15.22	0.000000	0.056408	0.005226	0.000484
0.0514	15.59	0.000000	0.058919	0.007398	0.000929
0.0514	15.96	0.000000	0.061622	0.009115	0.001348
0.0514	16.33	0.000000	0.067039	0.011920	0.002119
0.0514	16.69	0.000000	0.068280	0.011964	0.002096
0.0514	17.06	0.000000	0.074315	0.012742	0.002185
0.0514	17.43	0.000000	0.080875	0.016357	0.003308
0.0514	17.80	0.000000	0.085528	0.017158	0.003442
0.0514	18.16	0.000000	0.086779	0.016767	0.003240
0.0514	18.53	0.000000	0.096944	0.018381	0.003485
0.0514	18.90	0.000000	0.103742	0.021059	0.004275
0.0514	19.27	0.000000	0.107126	0.020498	0.003922
0.0514	19.63	0.000000	0.115701	0.026136	0.005904
0.0514	20.00	0.000000	0.121303	0.025736	0.005460
0.0514	20.37	0.000000	0.126232	0.028407	0.006392
0.0514	20.73	0.000000	0.136582	0.032316	0.007646
0.0514	21.10	0.000000	0.141810	0.037912	0.010135
0.0514	21.47	0.000000	0.142124	0.031268	0.006879
0.0514	21.84	0.000000	0.153615	0.037366	0.009089
0.0514	22.20	0.000000	0.157710	0.036578	0.008484
0.0514	22.57	0.000000	0.160669	0.036313	0.008207
0.0514	22.94	0.000000	0.163029	0.036355	0.008107
0.0514	23.31	0.000000	0.162588	0.035021	0.007543
0.0514	23.67	0.000000	0.176178	0.045963	0.011991
0.0514	24.04	0.000000	0.176457	0.043880	0.010912
0.0514	24.41	0.000000	0.183135	0.045667	0.011388
0.0514	24.78	0.000000	0.182272	0.038058	0.007946
0.0514	25.14	0.000000	0.182291	0.046191	0.011704
0.0514	25.51	0.000000	0.189973	0.041058	0.008874
0.0514	25.88	0.000000	0.203486	0.056115	0.015474
0.0514	26.24	0.000000	0.198670	0.050765	0.012972
0.0514	26.61	0.000000	0.194874	0.050149	0.012905
0.0514	26.98	0.000000	0.204092	0.056816	0.015817
0.0514	27.35	0.000000	0.206294	0.050769	0.012494
0.0514	27.71	0.000000	0.205647	0.055360	0.014903
0.0514	28.08	0.000000	0.200509	0.050990	0.012967
0.0514	28.45	0.000000	0.218973	0.055836	0.014238
0.0514	28.82	0.000000	0.224233	0.056250	0.014110
0.0514	29.18	0.000000	0.221277	0.050567	0.011556
0.0514	29.55	0.000000	0.219097	0.053607	0.013116
0.0514	29.92	0.000000	0.216705	0.056690	0.014830
0.0629	2.00	0.000000	0.000000	0.000000	0.000000
0.0629	2.37	0.000000	0.000000	0.000000	0.000000
0.0629	2.73	0.000000	0.000000	0.000000	0.000000
0.0629	3.10	0.000000	0.000000	0.000000	0.000000
0.0629	3.47	0.000000	0.000000	0.000000	0.000000
0.0629	3.84	0.000000	0.000000	0.000000	0.000000
0.0629	4.20	0.000000	0.000000	0.000000	0.000000
0.0629	4.57	0.000000	0.000000	0.000000	0.000000
0.0629	4.94	0.000000	0.000000	0.000000	0.000000
0.0629	5.31	0.000000	0.000000	0.000000	0.000000
0.0629	5.67	0.000000	0.000000	0.000000	0.000000
0.0629	6.04	0.000000	0.000000	0.000000	0.000000
0.0629	6.41	0.000000	0.000000	0.000000	0.000000
0.0629	6.78	0.000000	0.000000	0.000000	0.000000
0.0629	7.14	0.000000	0.000000	0.000000	0.000000
0.0629	7.51	0.000000	0.000000	0.000000	0.000000
0.0629	7.88	0.000000	0.000000	0.000000	0.000000
0.0629	8.24	0.000000	0.000000	0.000000	0.000000
0.0629	8.61	0.000000	0.000000	0.000000	0.000000
0.0629	8.98	0.000000	0.000000	0.000000	0.000000
0.0629	9.35	0.000000	0.000000	0.000000	0.000000
0.0629	9.71	0.000000	0.000000	0.000000	0.000000
0.0629	10.08	0.000000	0.000000	0.000000	0.000000
0.0629	10.45	0.000000	0.000000	0.000000	0.000000
0.0629	10.82	0.000000	0.000000	0.000000	0.000000
0.0629	11.18	0.000000	0.000000	0.000000	0.000000
0.0629	11.55	0.000000	0.000000	0.000000	0.000000
0.0629	11.92	0.000000	0.000000	0.000000	0.000000
0.0629	12.29	0.000000	0.000000	0.000000	0.000000
0.0629	12.65	0.000000	0.000000	0.000000	0.000000
0.0629	13.02	0.000000	0.000000	0.000000	0.000000
0.0629	13.39	0.000000	0.000000	0.000000	0.000000
0.0629	13.76	0.000000	0.057573	0.000000	0.000000
0.0629	14.12	0.000000	0.051608	0.001100	0.000023
0.0629	14.49	0.000000	0.057391	0.003525	0.000217
0.0629	14.86	0.000000	0.055090	0.004470	0.000363
0.0629	15.22	0.000000	0.058030	0.006872	0.000814
0.0629	15.59	0.000000	0.057855	0.008625	0.001286
0.0629	15.96	0.000000	0.057212	0.005547	0.000538
0.0629	16.33	0.000000	0.061731	0.008133	0.001072
0.0629	16.69	0.000000	0.062346	0.009446	0.001431
0.0629	17.06	0.000000	0.064688	0.010935	0.001849
0.0629	17.43	0.000000	0.068828	0.013837	0.002782
0.0629	17.80	0.000000	0.069738	0.014443	0.002991
0.0629	18.16	0.000000	0.075598	0.016210	0.003476
0.0629	18.53	0.000000	0.079078	0.016150	0.003298
0.0629	18.90	0.000000	0.079207	0.016886	0.003600
0.0629	19.27	0.000000	0.087109	0.019112	0.004193
0.0629	19.63	0.000000	0.089414	0.019962	0.004456
0.0629	20.00	0.000000	0.094923	0.017830	0.003349
0.0629	20.37	0.000000	0.100425	0.021709	0.004693
0.0629	20.73	0.000000	0.103996	0.020726	0.004131
0.0629	21.10	0.000000	0.105250	0.022302	0.004726
0.0629	21.47	0.000000	0.114470	0.024409	0.005205
0.0629	21.84	0.000000	0.120655	0.025467	0.005376
0.0629	22.20	0.000000	0.117135	0.021102	0.003802
0.0629	22.57	0.000000	0.129686	0.029399	0.006665
0.0629	22.94	0.000000	0.125439	0.025058	0.005006
0.0629	23.31	0.000000	0.136181	0.028628	0.006018
0.0629	23.67	0.000000	0.141617	0.030330	0.006496
0.0629	24.04	0.000000	0.142963	0.033444	0.007824
0.0629	24.41	0.000000	0.149764	0.035206	0.008276
0.0629	24.78	0.000000	0.150677	0.030515	0.006180
0.0629	25.14	0.000000	0.167461	0.039394	0.009267
0.0629	25.51	0.000000	0.153436	0.034113	0.007584
0.0629	25.88	0.000000	0.165229	0.038986	0.009199
0.0629	26.24	0.000000	0.160724	0.035434	0.007812
0.0629	26.61	0.000000	0.166165	0.034965	0.007357
0.0629	26.98	0.000000	0.166335	0.033850	0.006888
0.0629	27.35	0.000000	0.173434	0.041308	0.009838
0.0629	27.71	0.000000	0.175170	0.043545	0.010825
0.0629	28.08	0.000000	0.183583	0.041826	0.009529
0.0629	28.45	0.000000	0.183948	0.044470	0.010751
0.0629	28.82	0.000000	0.194545	0.049826	0.012761
0.0629	29.18	0.000000	0.189998	0.044727	0.010529
0.0629	29.55	0.000000	0.191184	0.039884	0.008320
0.0629	29.92	0.000000	0.206257	0.052173	0.013197
0.0743	2.00	0.000000	0.000000	0.000000	0.000000
0.0743	2.37	0.000000	0.000000	0.000000	0.000000
0.0743	2.73	0.000000	0.000000	0.000000	0.000000
0.0743	3.10	0.000000	0.000000	0.000000	0.000000
0.0743	3.47	0.000000	0.000000	0.000000	0.000000
0.0743	3.84	0.000000	0.000000	0.000000	0.000000
0.0743	4.20	0.000000	0.000000	0.000000	0.000000
0.0743	4.57	0.000000	0.000000	0.000000	0.000000
0.0743	4.94	0.000000	0.000000	0.000000	0.000000
0.0743	5.31	0.000000	0.000000	0.000000	0.000000
0.0743	5.67	0.000000	0.000000	0.000000	0.000000
0.0743	6.04	0.000000	0.000000	0.000000	0.000000
0.0743	6.41	0.000000	0.000000	0.000000	0.000000
0.0743	6.78	0.000000	0.000000	0.000000	0.000000
0.0743	7.14	0.000000	0.000000	0.000000	0.000000
0.0743	7.51	0.000000	0.000000	0.000000	0.000000
0.0743	7.88	0.000000	0.000000	0.000000	0.000000
0.0743	8.24	0.000000	0.000000	0.000000	0.000000
0.0743	8.61	0.000000	0.000000	0.000000	0.000000
0.0743	8.98	0.000000	0.000000	0.000000	0.000000
0.0743	9.35	0.000000	0.000000	0.000000	0.000000
0.0743	9.71	0.000000	0.000000	0.000000	0.000000
0.0743	10.08	0.000000	0.000000	0.000000	0.000000
0.0743	10.45	0.000000	0.000000	0.000000	0.000000
0.0743	10.82	0.000000	0.000000	0.000000	0.000000
0.0743	11.18	0.000000	0.000000	0.000000	0.000000
0.0743	11.55	0.000000	0.000000	0.000000	0.000000
0.0743	11.92	0.000000	0.000000	0.000000	0.000000
0.0743	12.29	0.000000	0.000000	0.000000	0.000000
0.0743	12.65	0.000000	0.000000	0.000000	0.000000
0.0743	13.02	0.000000	0.000000	0.000000	0.000000
0.0743	13.39	0.000000	0.000000	0.000000	0.000000
0.0743	13.76	0.000000	0.000000	0.000000	0.000000
0.0743	14.12	0.000000	0.000000	0.000000	0.000000
0.0743	14.49	0.000000	0.000000	0.000000	0.000000
0.0743	14.86	0.000000	0.000000	0.000000	0.000000
0.0743	15.22	0.000000	0.000000	0.000000	0.000000
0.0743	15.59	0.000000	0.051556	0.001757	0.000060
0.0743	15.96	0.000000	0.053328	0.004068	0.000310
0.0743	16.33	0.000000	0.054431	0.002504	0.000115
0.0743	16.69	0.000000	0.054434	0.004574	0.000384
0.0743	17.06	0.000000	0.054882	0.003704	0.000250
0.0743	17.43	0.000000	0.054554	0.003542	0.000230
0.0743	17.80	0.000000	0.058806	0.006775	0.000781
0.0743	18.16	0.000000	0.059776	0.007182	0.000863
0.0743	18.53	0.000000	0.060737	0.008718	0.001251
0.0743	18.90	0.000000	0.062611	0.008130	0.001056
0.0743	19.27	0.000000	0.063205	0.009307	0.001370
0.0743	19.63	0.000000	0.064752	0.010538	0.001715
0.0743	20.00	0.000000	0.066507	0.010303	0.001596
0.0743	20.37	0.000000	0.069481	0.012058	0.002093
0.0743	20.73	0.000000	0.073400	0.013570	0.002509
0.0743	21.10	0.000000	0.075929	0.013312	0.002334
0.0743	21.47	0.000000	0.078385	0.015299	0.002986
0.0743	21.84	0.000000	0.081076	0.016563	0.003384
0.0743	22.20	0.000000	0.083267	0.015691	0.002957
0.0743	22.57	0.000000	0.090248	0.017563	0.003418
0.0743	22.94	0.000000	0.090736	0.017649	0.003433
0.0743	23.31	0.000000	0.096647	0.018967	0.003722
0.0743	23.67	0.000000	0.099789	0.020340	0.004146
0.0743	24.04	0.000000	0.101983	0.018903	0.003504
0.0743	24.41	0.000000	0.104988	0.019547	0.003639
0.0743	24.78	0.000000	0.109605	0.019513	0.003474
0.0743	25.14	0.000000	0.110368	0.022099	0.004425
0.0743	25.51	0.000000	0.115593	0.020810	0.003746
0.0743	25.88	0.000000	0.123468	0.023980	0.004657
0.0743	26.24	0.000000	0.122917	0.023804	0.004610
0.0743	26.61	0.000000	0.127300	0.024439	0.004692
0.0743	26.98	0.000000	0.130322	0.025988	0.005182
0.0743	27.35	0.000000	0.133355	0.028090	0.005917
0.0743	27.71	0.000000	0.134288	0.025579	0.004872
0.0743	28.08	0.000000	0.140976	0.026445	0.004961
0.0743	28.45	0.000000	0.143495	0.025632	0.004578
0.0743	28.82	0.000000	0.143644	0.026468	0.004877
0.0743	29.18	0.000000	0.149191	0.029440	0.005810
0.0743	29.55	0.000000	0.149170	0.029618	0.005881
0.0743	29.92	0.000000	0.159576	0.032093	0.006455
0.0857	2.00	0.000000	0.000000	0.000000	0.000000
0.0857	2.37	0.000000	0.000000	0.000000	0.000000
0.0857	2.73	0.000000	0.000000	0.000000	0.000000
0.0857	3.10	0.000000	0.000000	0.000000	0.000000
0.0857	3.47	0.000000	0.000000	0.000000	0.000000
0.0857	3.84	0.000000	0.000000	0.000000	0.000000
0.0857	4.20	0.000000	0.000000	0.000000	0.000000
0.0857	4.57	0.000000	0.000000	0.000000	0.000000
0.0857	4.94	0.000000	0.000000	0.000000	0.000000
0.0857	5.31	0.000000	0.000000	0.000000	0.000000
0.0857	5.67	0.000000	0.000000	0.000000	0.000000
0.0857	6.04	0.000000	0.000000	0.000000	0.000000
0.0857	6.41	0.000000	0.000000	0.000000	0.000000
0.0857	6.78	0.000000	0.000000	0.000000	0.000000
0.0857	7.14	0.000000	0.000000	0.000000	0.000000
0.0857	7.51	0.000000	0.000000	0.000000	0.000000
0.0857	7.88	0.000000	0.000000	0.000000	0.000000
0.0857	8.24	0.000000	0.000000	0.000000	0.000000
0.0857	8.61	0.000000	0.000000	0.000000	0.000000
0.0857	8.98	0.000000	0.000000	0.000000	0.000000
0.0857	9.35	0.000000	0.000000	0.000000	0.000000
0.0857	9.71	0.000000	0.000000	0.000000	0.000000
0.0857	10.08	0.000000	0.000000	0.000000	0.000000
0.0857	10.45	0.000000	0.000000	0.000000	0.000000
0.0857	10.82	0.000000	0.000000	0.000000	0.000000
0.0857	11.18	0.000000	0.000000	0.000000	0.000000
0.0857	11.55	0.000000	0.000000	0.000000	0.000000
0.0857	11.92	0.000000	0.000000	0.000000	0.000000
0.0857	12.29	0.000000	0.000000	0.000000	0.000000
0.0857	12.65	0.000000	0.000000	0.000000	0.000000
0.0857	13.02	0.000000	0.000000	0.000000	0.000000
0.0857	13.39	0.000000	0.000000	0.000000	0.000000
0.0857	13.76	0.000000	0.000000	0.000000	0.000000
0.0857	14.12	0.000000	0.000000	0.000000	0.000000
0.0857	14.49	0.000000	0.000000	0.000000	0.000000
0.0857	14.86	0.000000	0.000000	0.000000	0.000000
0.0857	15.22	0.000000	0.000000	0.000000	0.000000
0.0857	15.59	0.000000	0.000000	0.000000	0.000000
0.0857	15.96	0.000000	0.000000	0.000000	0.000000
0.0857	16.33	0.000000	0.000000	0.000000	0.000000
0.0857	16.69	0.000000	0.000000	0.000000	0.000000
0.0857	17.06	0.000000	0.000000	0.000000	0.000000
0.0857	17.43	0.000000	0.054509	0.004451	0.000363
0.0857	17.80	0.000000	0.051609	0.000814	0.000013
0.0857	18.16	0.000000	0.054400	0.003129	0.000180
0.0857	18.53	0.000000	0.053872	0.003840	0.000274
0.0857	18.90	0.000000	0.055813	0.004984	0.000445
0.0857	19.27	0.000000	0.056439	0.004913	0.000428
0.0857	19.63	0.000000	0.058540	0.006271	0.000672
0.0857	20.00	0.000000	0.062701	0.008269	0.001091
0.0857	20.37	0.000000	0.062282	0.009341	0.001401
0.0857	20.73	0.000000	0.065694	0.010124	0.001560
0.0857	21.10	0.000000	0.068293	0.010599	0.001645
0.0857	21.47	0.000000	0.070029	0.012151	0.002108
0.0857	21.84	0.000000	0.076230	0.013530	0.002401
0.0857	22.20	0.000000	0.079205	0.017792	0.003997
0.0857	22.57	0.000000	0.082426	0.015992	0.003103
0.0857	22.94	0.000000	0.083716	0.016236	0.003149
0.0857	23.31	0.000000	0.085525	0.015486	0.002804
0.0857	23.67	0.000000	0.089697	0.018532	0.003829
0.0857	24.04	0.000000	0.098229	0.020853	0.004427
0.0857	24.41	0.000000	0.101490	0.019415	0.003714
0.0857	24.78	0.000000	0.100190	0.020169	0.004060
0.0857	25.14	0.000000	0.106977	0.023065	0.004973
0.0857	25.51	0.000000	0.110422	0.024388	0.005387
0.0857	25.88	0.000000	0.117327	0.025577	0.005576
0.0857	26.24	0.000000	0.118009	0.025734	0.005612
0.0857	26.61	0.000000	0.125602	0.024545	0.004796
0.0857	26.98	0.000000	0.124009	0.027689	0.006182
0.0857	27.35	0.000000	0.120598	0.022155	0.004070
0.0857	27.71	0.000000	0.129679	0.025591	0.005050
0.0857	28.08	0.000000	0.127219	0.027261	0.005842
0.0857	28.45	0.000000	0.134861	0.031159	0.007199
0.0857	28.82	0.000000	0.137719	0.030683	0.006836
0.0857	29.18	0.000000	0.134600	0.027174	0.005486
0.0857	29.55	0.000000	0.144865	0.030276	0.006327
0.0857	29.92	0.000000	0.144815	0.031654	0.006919
0.0971	2.00	0.000000	0.000000	0.000000	0.000000
0.0971	2.37	0.000000	0.000000	0.000000	0.000000
0.0971	2.73	0.000000	0.000000	0.000000	0.000000
0.0971	3.10	0.000000	0.000000	0.000000	0.000000
0.0971	3.47	0.000000	0.000000	0.000000	0.000000
0.0971	3.84	0.000000	0.000000	0.000000	0.000000
0.0971	4.20	0.000000	0.000000	0.000000	0.000000
0.0971	4.57	0.000000	0.000000	0.000000	0.000000
0.0971	4.94	0.000000	0.000000	0.000000	0.000000
0.0971	5.31	0.000000	0.000000	0.000000	0.000000
0.0971	5.67	0.000000	0.000000	0.000000	0.000000
0.0971	6.04	0.000000	0.000000	0.000000	0.000000
0.0971	6.41	0.000000	0.000000	0.000000	0.000000
0.0971	6.78	0.000000	0.000000	0.000000	0.000000
0.0971	7.14	0.000000	0.000000	0.000000	0.000000
0.0971	7.51	0.000000	0.000000	0.000000	0.000000
0.0971	7.88	0.000000	0.000000	0.000000	0.000000
0.0971	8.24	0.000000	0.000000	0.000000	0.000000
0.0971	8.61	0.000000	0.000000	0.000000	0.000000
0.0971	8.98	0.000000	0.000000	0.000000	0.000000
0.0971	9.35	0.000000	0.000000	0.000000	0.000000
0.0971	9.71	0.000000	0.000000	0.000000	0.000000
0.0971	10.08	0.000000	0.000000	0.000000	0.000000
0.0971	10.45	0.000000	0.000000	0.000000	0.000000
0.0971	10.82	0.000000	0.000000	0.000000	0.000000
0.0971	11.18	0.000000	0.000000	0.000000	0.000000
0.0971	11.55	0.000000	0.000000	0.000000	0.000000
0.0971	11.92	0.000000	0.000000	0.000000	0.000000
0.0971	12.29	0.000000	0.000000	0.000000	0.000000
0.0971	12.65	0.000000	0.000000	0.000000	0.000000
0.0971	13.02	0.000000	0.000000	0.000000	0.000000
0.0971	13.39	0.000000	0.000000	0.000000	0.000000
0.0971	13.76	0.000000	0.000000	0.000000	0.000000
0.0971	14.12	0.000000	0.000000	0.000000	0.000000
0.0971	14.49	0.000000	0.000000	0.000000	0.000000
0.0971	14.86	0.000000	0.000000	0.000000	0.000000
0.0971	15.22	0.000000	0.000000	0.000000	0.000000
0.0971	15.59	0.000000	0.000000	0.000000	0.000000
0.0971	15.96	0.000000	0.000000	0.000000	0.000000
0.0971	16.33	0.000000	0.000000	0.000000	0.000000
0.0971	16.69	0.000000	0.000000	0.000000	0.000000
0.0971	17.06	0.000000	0.000000	0.000000	0.000000
0.0971	17.43	0.000000	0.000000	0.000000	0.000000
0.0971	17.80	0.000000	0.000000	0.000000	0.000000
0.0971	18.16	0.000000	0.000000	0.000000	0.000000
0.0971	18.53	0.000000	0.052611	0.002136	0.000087
0.0971	18.90	0.000000	0.052637	0.002471	0.000116
0.0971	19.27	0.000000	0.054363	0.005117	0.000482
0.0971	19.63	0.000000	0.053548	0.003315	0.000205
0.0971	20.00	0.000000	0.054697	0.004076	0.000304
0.0971	20.37	0.000000	0.056618	0.006042	0.000645
0.0971	20.73	0.000000	0.057659	0.006444	0.000720
0.0971	21.10	0.000000	0.058662	0.006818	0.000792
0.0971	21.47	0.000000	0.060349	0.008969	0.001333
0.0971	21.84	0.000000	0.062673	0.008521	0.001158
0.0971	22.20	0.000000	0.064727	0.010334	0.001650
0.0971	22.57	0.000000	0.065991	0.010417	0.001644
0.0971	22.94	0.000000	0.067902	0.011936	0.002098
0.0971	23.31	0.000000	0.071645	0.012621	0.002223
0.0971	23.67	0.000000	0.074013	0.012294	0.002042
0.0971	24.04	0.000000	0.074296	0.013052	0.002293
0.0971	24.41	0.000000	0.084420	0.016794	0.003341
0.0971	24.78	0.000000	0.080718	0.013563	0.002279
0.0971	25.14	0.000000	0.085702	0.016548	0.003195
0.0971	25.51	0.000000	0.086068	0.014658	0.002496
0.0971	25.88	0.000000	0.091619	0.017342	0.003282
0.0971	26.24	0.000000	0.095170	0.017999	0.003404
0.0971	26.61	0.000000	0.095558	0.018226	0.003476
0.0971	26.98	0.000000	0.104483	0.019291	0.003562
0.0971	27.35	0.000000	0.104110	0.020247	0.003937
0.0971	27.71	0.000000	0.106956	0.018398	0.003165
0.0971	28.08	0.000000	0.107952	0.020122	0.003751
0.0971	28.45	0.000000	0.111004	0.018107	0.002954
0.0971	28.82	0.000000	0.113433	0.022808	0.004586
0.0971	29.18	0.000000	0.120540	0.025224	0.005278
0.0971	29.55	0.000000	0.120718	0.021668	0.003889
0.0971	29.92	0.000000	0.122676	0.022830	0.004249
0.1086	2.00	0.000000	0.000000	0.000000	0.000000
0.1086	2.37	0.000000	0.000000	0.000000	0.000000
0.1086	2.73	0.000000	0.000000	0.000000	0.000000
0.1086	3.10	0.000000	0.000000	0.000000	0.000000
0.1086	3.47	0.000000	0.000000	0.000000	0.000000
0.1086	3.84	0.000000	0.000000	0.000000	0.000000
0.1086	4.20	0.000000	0.000000	0.000000	0.000000
0.1086	4.57	0.000000	0.000000	0.000000	0.000000
0.1086	4.94	0.000000	0.000000	0.000000	0.000000
0.1086	5.31	0.000000	0.000000	0.000000	0.000000
0.1086	5.67	0.000000	0.000000	0.000000	0.000000
0.1086	6.04	0.000000	0.000000	0.000000	0.000000
0.1086	6.41	0.000000	0.000000	0.000000	0.000000
0.1086	6.78	0.000000	0.000000	0.000000	0.000000
0.1086	7.14	0.000000	0.000000	0.000000	0.000000
0.1086	7.51	0.000000	0.000000	0.000000	0.000000
0.1086	7.88	0.000000	0.000000	0.000000	0.000000
0.1086	8.24	0.000000	0.000000	0.000000	0.000000
0.1086	8.61	0.000000	0.000000	0.000000	0.000000
0.1086	8.98	0.000000	0.000000	0.000000	0.000000
0.1086	9.35	0.000000	0.000000	0.000000	0.000000
0.1086	9.71	0.000000	0.000000	0.000000	0.000000
0.1086	10.08	0.000000	0.000000	0.000000	0.000000
0.1086	10.45	0.000000	0.000000	0.000000	0.000000
0.1086	10.82	0.000000	0.000000	0.000000	0.000000
0.1086	11.18	0.000000	0.000000	0.000000	0.000000
0.1086	11.55	0.000000	0.000000	0.000000	0.000000
0.1086	11.92	0.000000	0.000000	0.000000	0.000000
0.1086	12.29	0.000000	0.000000	0.000000	0.000000
0.1086	12.65	0.000000	0.000000	0.000000	0.000000
0.1086	13.02	0.000000	0.000000	0.000000	0.000000
0.1086	13.39	0.000000	0.000000	0.000000	0.000000
0.1086	13.76	0.000000	0.000000	0.000000	0.000000
0.1086	14.12	0.000000	0.000000	0.000000	0.000000
0.1086	14.49	0.000000	0.000000	0.000000	0.000000
0.1086	14.86	0.000000	0.000000	0.000000	0.000000
0.1086	15.22	0.000000	0.000000	0.000000	0.000000
0.1086	15.59	0.000000	0.000000	0.000000	0.000000
0.1086	15.96	0.000000	0.000000	0.000000	0.000000
0.1086	16.33	0.000000	0.000000	0.000000	0.000000
0.1086	16.69	0.000000	0.000000	0.000000	0.000000
0.1086	17.06	0.000000	0.000000	0.000000	0.000000
0.1086	17.43	0.000000	0.000000	0.000000	0.000000
0.1086	17.80	0.000000	0.000000	0.000000	0.000000
0.1086	18.16	0.000000	0.000000	0.000000	0.000000
0.1086	18.53	0.000000	0.000000	0.000000	0.000000
0.1086	18.90	0.000000	0.000000	0.000000	0.000000
0.1086	19.27	0.000000	0.052148	0.000000	0.000000
0.1086	19.63	0.000000	0.052322	0.000000	0.000000
0.1086	20.00	0.000000	0.053080	0.002072	0.000081
0.1086	20.37	0.000000	0.054790	0.004044	0.000298
0.1086	20.73	0.000000	0.055774	0.004428	0.000352
0.1086	21.10	0.000000	0.056404	0.004627	0.000380
0.1086	21.47	0.000000	0.056710	0.006536	0.000753
0.1086	21.84	0.000000	0.058587	0.005879	0.000590
0.1086	22.20	0.000000	0.059458	0.006579	0.000728
0.1086	22.57	0.000000	0.060761	0.007653	0.000964
0.1086	22.94	0.000000	0.064029	0.008977	0.001259
0.1086	23.31	0.000000	0.065626	0.010910	0.001814
0.1086	23.67	0.000000	0.072489	0.011942	0.001967
0.1086	24.04	0.000000	0.071104	0.010405	0.001523
0.1086	24.41	0.000000	0.076861	0.013477	0.002363
0.1086	24.78	0.000000	0.074377	0.011970	0.001926
0.1086	25.14	0.000000	0.081621	0.015950	0.003117
0.1086	25.51	0.000000	0.077567	0.013248	0.002263
0.1086	25.88	0.000000	0.087281	0.016635	0.003170
0.1086	26.24	0.000000	0.093725	0.018960	0.003836
0.1086	26.61	0.000000	0.093593	0.019505	0.004065
0.1086	26.98	0.000000	0.092871	0.017375	0.003251
0.1086	27.35	0.000000	0.101682	0.020709	0.004218
0.1086	27.71	0.000000	0.109383	0.020876	0.003984
0.1086	28.08	0.000000	0.103407	0.019385	0.003634
0.1086	28.45	0.000000	0.114036	0.022744	0.004536
0.1086	28.82	0.000000	0.112060	0.025626	0.005860
0.1086	29.18	0.000000	0.120784	0.023949	0.004749
0.1086	29.55	0.000000	0.118845	0.022032	0.004085
0.1086	29.92	0.000000	0.114075	0.020053	0.003525
0.1200	2.00	0.000000	0.000000	0.000000	0.000000
0.1200	2.37	0.000000	0.000000	0.000000	0.000000
0.1200	2.73	0.000000	0.000000	0.000000	0.000000
0.1200	3.10	0.000000	0.000000	0.000000	0.000000
0.1200	3.47	0.000000	0.000000	0.000000	0.000000
0.1200	3.84	0.000000	0.000000	0.000000	0.000000
0.1200	4.20	0.000000	0.000000	0.000000	0.000000
0.1200	4.57	0.000000	0.000000	0.000000	0.000000
0.1200	4.94	0.000000	0.000000	0.000000	0.000000
0.1200	5.31	0.000000	0.000000	0.000000	0.000000
0.1200	5.67	0.000000	0.000000	0.000000	0.000000
0.1200	6.04	0.000000	0.000000	0.000000	0.000000
0.1200	6.41	0.000000	0.000000	0.000000	0.000000
0.1200	6.78	0.000000	0.000000	0.000000	0.000000
0.1200	7.14	0.000000	0.000000	0.000000	0.000000
0.1200	7.51	0.000000	0.000000	0.000000	0.000000
0.1200	7.88	0.000000	0.000000	0.000000	0.000000
0.1200	8.24	0.000000	0.000000	0.000000	0.000000
0.1200	8.61	0.000000	0.000000	0.000000	0.000000
0.1200	8.98	0.000000	0.000000	0.000000	0.000000
0.1200	9.35	0.000000	0.000000	0.000000	0.000000
0.1200	9.71	0.000000	0.000000	0.000000	0.000000
0.1200	10.08	0.000000	0.000000	0.000000	0.000000
0.1200	10.45	0.000000	0.000000	0.000000	0.000000
0.1200	10.82	0.000000	0.000000	0.000000	0.000000
0.1200	11.18	0.000000	0.000000	0.000000	0.000000
0.1200	11.55	0.000000	0.000000	0.000000	0.000000
0.1200	11.92	0.000000	0.000000	0.000000	0.000000
0.1200	12.29	0.000000	0.000000	0.000000	0.000000
0.1200	12.65	0.000000	0.000000	0.000000	0.000000
0.1200	13.02	0.000000	0.000000	0.000000	0.000000
0.1200	13.39	0.000000	0.000000	0.000000	0.000000
0.1200	13.76	0.000000	0.000000	0.000000	0.000000
0.1200	14.12	0.000000	0.000000	0.000000	0.000000
0.1200	14.49	0.000000	0.000000	0.000000	0.000000
0.1200	14.86	0.000000	0.000000	0.000000	0.000000
0.1200	15.22	0.000000	0.000000	0.000000	0.000000
0.1200	15.59	0.000000	0.000000	0.000000	0.000000
0.1200	15.96	0.000000	0.000000	0.000000	0.000000
0.1200	16.33	0.000000	0.000000	0.000000	0.000000
0.1200	16.69	0.000000	0.000000	0.000000	0.000000
0.1200	17.06	0.000000	0.000000	0.000000	0.000000
0.1200	17.43	0.000000	0.000000	0.000000	0.000000
0.1200	17.80	0.000000	0.000000	0.000000	0.000000
0.1200	18.16	0.000000	0.065922	0.000000	0.000000
0.1200	18.53	0.000000	0.051982	0.001689	0.000055
0.1200	18.90	0.000000	0.052750	0.002630	0.000131
0.1200	19.27	0.000000	0.054138	0.002102	0.000082
0.1200	19.63	0.000000	0.054100	0.001454	0.000039
0.1200	20.00	0.000000	0.053851	0.003141	0.000183
0.1200	20.37	0.000000	0.054929	0.004558	0.000378
0.1200	20.73	0.000000	0.056392	0.004375	0.000339
0.1200	21.10	0.000000	0.054923	0.004055	0.000299
0.1200	21.47	0.000000	0.058031	0.007252	0.000906
0.1200	21.84	0.000000	0.057828	0.005632	0.000549
0.1200	22.20	0.000000	0.058087	0.006435	0.000713
0.1200	22.57	0.000000	0.062812	0.009797	0.001528
0.1200	22.94	0.000000	0.061367	0.007823	0.000997
0.1200	23.31	0.000000	0.065416	0.010624	0.001725
0.1200	23.67	0.000000	0.066902	0.011296	0.001907
0.1200	24.04	0.000000	0.069005	0.011032	0.001764
0.1200	24.41	0.000000	0.073810	0.012426	0.002092
0.1200	24.78	0.000000	0.074793	0.013489	0.002433
0.1200	25.14	0.000000	0.074425	0.014031	0.002645
0.1200	25.51	0.000000	0.079051	0.014612	0.002701
0.1200	25.88	0.000000	0.081953	0.015302	0.002857
0.1200	26.24	0.000000	0.081603	0.015147	0.002812
0.1200	26.61	0.000000	0.085981	0.014490	0.002442
0.1200	26.98	0.000000	0.091713	0.018437	0.003706
0.1200	27.35	0.000000	0.092125	0.017087	0.003169
0.1200	27.71	0.000000	0.093641	0.018185	0.003532
0.1200	28.08	0.000000	0.098616	0.017973	0.003276
0.1200	28.45	0.000000	0.101428	0.020214	0.004028
0.1200	28.82	0.000000	0.106870	0.021019	0.004134
0.1200	29.18	0.000000	0.103765	0.020375	0.004001
0.1200	29.55	0.000000	0.112206	0.022813	0.004638
0.1200	29.92	0.000000	0.109359	0.021849	0.004365
0.1314	2.00	0.000000	0.000000	0.000000	0.000000
0.1314	2.37	0.000000	0.000000	0.000000	0.000000
0.1314	2.73	0.000000	0.000000	0.000000	0.000000
0.1314	3.10	0.000000	0.000000	0.000000	0.000000
0.1314	3.47	0.000000	0.000000	0.000000	0.000000
0.1314	3.84	0.000000	0.000000	0.000000	0.000000
0.1314	4.20	0.000000	0.000000	0.000000	0.000000
0.1314	4.57	0.000000	0.000000	0.000000	0.000000
0.1314	4.94	0.000000	0.000000	0.000000	0.000000
0.1314	5.31	0.000000	0.000000	0.000000	0.000000
0.1314	5.67	0.000000	0.000000	0.000000	0.000000
0.1314	6.04	0.000000	0.000000	0.000000	0.000000
0.1314	6.41	0.000000	0.000000	0.000000	0.000000
0.1314	6.78	0.000000	0.000000	0.000000	0.000000
0.1314	7.14	0.000000	0.000000	0.000000	0.000000
0.1314	7.51	0.000000	0.000000	0.000000	0.000000
0.1314	7.88	0.000000	0.000000	0.000000	0.000000
0.1314	8.24	0.000000	0.000000	0.000000	0.000000
0.1314	8.61	0.000000	0.000000	0.000000	0.000000
0.1314	8.98	0.000000	0.000000	0.000000	0.000000
0.1314	9.35	0.000000	0.000000	0.000000	0.000000
0.1314	9.71	0.000000	0.000000	0.000000	0.000000
0.1314	10.08	0.000000	0.000000	0.000000	0.000000
0.1314	10.45	0.000000	0.000000	0.000000	0.000000
0.1314	10.82	0.000000	0.000000	0.000000	0.000000
0.1314	11.18	0.000000	0.000000	0.000000	0.000000
0.1314	11.55	0.000000	0.000000	0.000000	0.000000
0.1314	11.92	0.000000	0.000000	0.000000	0.000000
0.1314	12.29	0.000000	0.000000	0.000000	0.000000
0.1314	12.65	0.000000	0.000000	0.000000	0.000000
0.1314	13.02	0.000000	0.000000	0.000000	0.000000
0.1314	13.39	0.000000	0.000000	0.000000	0.000000
0.1314	13.76	0.000000	0.000000	0.000000	0.000000
0.1314	14.12	0.000000	0.000000	0.000000	0.000000
0.1314	14.49	0.000000	0.000000	0.000000	0.000000
0.1314	14.86	0.000000	0.000000	0.000000	0.000000
0.1314	15.22	0.000000	0.000000	0.000000	0.000000
0.1314	15.59	0.000000	0.000000	0.000000	0.000000
0.1314	15.96	0.000000	0.000000	0.000000	0.000000
0.1314	16.33	0.000000	0.000000	0.000000	0.000000
0.1314	16.69	0.000000	0.000000	0.000000	0.000000
0.1314	17.06	0.000000	0.000000	0.000000	0.000000
0.1314	17.43	0.000000	0.000000	0.000000	0.000000
0.1314	17.80	0.000000	0.000000	0.000000	0.000000
0.1314	18.16	0.000000	0.000000	0.000000	0.000000
0.1314	18.53	0.000000	0.000000	0.000000	0.000000
0.1314	18.90	0.000000	0.000000	0.000000	0.000000
0.1314	19.27	0.000000	0.000000	0.000000	0.000000
0.1314	19.63	0.000000	0.051413	0.001943	0.000073
0.1314	20.00	0.000000	0.051217	0.000000	0.000000
0.1314	20.37	0.000000	0.052885	0.000687	0.000009
0.1314	20.73	0.000000	0.053114	0.002955	0.000164
0.1314	21.10	0.000000	0.052077	0.001685	0.000055
0.1314	21.47	0.000000	0.053822	0.003499	0.000227
0.1314	21.84	0.000000	0.055279	0.004634	0.000388
0.1314	22.20	0.000000	0.055416	0.003431	0.000212
0.1314	22.57	0.000000	0.057414	0.006220	0.000674
0.1314	22.94	0.000000	0.057544	0.006271	0.000683
0.1314	23.31	0.000000	0.059384	0.007060	0.000839
0.1314	23.67	0.000000	0.061630	0.008452	0.001159
0.1314	24.04	0.000000	0.061000	0.008407	0.001159
0.1314	24.41	0.000000	0.062600	0.009055	0.001310
0.1314	24.78	0.000000	0.063915	0.008780	0.001206
0.1314	25.14	0.000000	0.066537	0.010709	0.001724
0.1314	25.51	0.000000	0.070785	0.016098	0.003661
0.1314	25.88	0.000000	0.074308	0.014822	0.002956
0.1314	26.24	0.000000	0.072226	0.014627	0.002962
0.1314	26.61	0.000000	0.073274	0.013330	0.002425
0.1314	26.98	0.000000	0.076652	0.015438	0.003109
0.1314	27.35	0.000000	0.077013	0.016426	0.003504
0.1314	27.71	0.000000	0.080719	0.018699	0.004332
0.1314	28.08	0.000000	0.082202	0.017716	0.003818
0.1314	28.45	0.000000	0.091667	0.022022	0.005290
0.1314	28.82	0.000000	0.092972	0.022140	0.005272
0.1314	29.18	0.000000	0.090335	0.019003	0.003997
0.1314	29.55	0.000000	0.090598	0.019908	0.004374
0.1314	29.92	0.000000	0.098008	0.022449	0.005142
0.1429	2.00	0.000000	0.000000	0.000000	0.000000
0.1429	2.37	0.000000	0.000000	0.000000	0.000000
0.1429	2.73	0.000000	0.000000	0.000000	0.000000
0.1429	3.10	0.000000	0.000000	0.000000	0.000000
0.1429	3.47	0.000000	0.000000	0.000000	0.000000
0.1429	3.84	0.000000	0.000000	0.000000	0.000000
0.1429	4.20	0.000000	0.000000	0.000000	0.000000
0.1429	4.57	0.000000	0.000000	0.000000	0.000000
0.1429	4.94	0.000000	0.000000	0.000000	0.000000
0.1429	5.31	0.000000	0.000000	0.000000	0.000000
0.1429	5.67	0.000000	0.000000	0.000000	0.000000
0.1429	6.04	0.000000	0.000000	0.000000	0.000000
0.1429	6.41	0.000000	0.000000	0.000000	0.000000
0.1429	6.78	0.000000	0.000000	0.000000	0.000000
0.1429	7.14	0.000000	0.000000	0.000000	0.000000
0.1429	7.51	0.000000	0.000000	0.000000	0.000000
0.1429	7.88	0.000000	0.000000	0.000000	0.000000
0.1429	8.24	0.000000	0.000000	0.000000	0.000000
0.1429	8.61	0.000000	0.000000	0.000000	0.000000
0.1429	8.98	0.000000	0.000000	0.000000	0.000000
0.1429	9.35	0.000000	0.000000	0.000000	0.000000
0.1429	9.71	0.000000	0.000000	0.000000	0.000000
0.1429	10.08	0.000000	0.000000	0.000000	0.000000
0.1429	10.45	0.000000	0.000000	0.000000	0.000000
0.1429	10.82	0.000000	0.000000	0.000000	0.000000
0.1429	11.18	0.000000	0.000000	0.000000	0.000000
0.1429	11.55	0.000000	0.000000	0.000000	0.000000
0.1429	11.92	0.000000	0.000000	0.000000	0.000000
0.1429	12.29	0.000000	0.000000	0.000000	0.000000
0.1429	12.65	0.000000	0.000000	0.000000	0.000000
0.1429	13.02	0.000000	0.000000	0.000000	0.000000
0.1429	13.39	0.000000	0.000000	0.000000	0.000000
0.1429	13.76	0.000000	0.000000	0.000000	0.000000
0.1429	14.12	0.000000	0.000000	0.000000	0.000000
0.1429	14.49	0.000000	0.000000	0.000000	0.000000
0.1429	14.86	0.000000	0.000000	0.000000	0.000000
0.1429	15.22	0.000000	0.000000	0.000000	0.000000
0.1429	15.59	0.000000	0.000000	0.000000	0.000000
0.1429	15.96	0.000000	0.000000	0.000000	0.000000
0.1429	16.33	0.000000	0.000000	0.000000	0.000000
0.1429	16.69	0.000000	0.000000	0.000000	0.000000
0.1429	17.06	0.000000	0.000000	0.000000	0.000000
0.1429	17.43	0.000000	0.000000	0.000000	0.000000
0.1429	17.80	0.000000	0.000000	0.000000	0.000000
0.1429	18.16	0.000000	0.000000	0.000000	0.000000
0.1429	18.53	0.000000	0.000000	0.000000	0.000000
0.1429	18.90	0.000000	0.000000	0.000000	0.000000
0.1429	19.27	0.000000	0.000000	0.000000	0.000000
0.1429	19.63	0.000000	0.000000	0.000000	0.000000
0.1429	20.00	0.000000	0.050929	0.000000	0.000000
0.1429	20.37	0.000000	0.051120	0.000000	0.000000
0.1429	20.73	0.000000	0.051934	0.001931	0.000072
0.1429	21.10	0.000000	0.052843	0.000766	0.000011
0.1429	21.47	0.000000	0.053089	0.002502	0.000118
0.1429	21.84	0.000000	0.055167	0.004373	0.000347
0.1429	22.20	0.000000	0.054164	0.003568	0.000235
0.1429	22.57	0.000000	0.055338	0.004893	0.000433
0.1429	22.94	0.000000	0.057740	0.005803	0.000583
0.1429	23.31	0.000000	0.058290	0.005329	0.000487
0.1429	23.67	0.000000	0.058660	0.005904	0.000594
0.1429	24.04	0.000000	0.060578	0.007553	0.000942
0.1429	24.41	0.000000	0.061209	0.008637	0.001219
0.1429	24.78	0.000000	0.058967	0.006463	0.000708
0.1429	25.14	0.000000	0.062858	0.008584	0.001172
0.1429	25.51	0.000000	0.065181	0.009678	0.001437
0.1429	25.88	0.000000	0.065941	0.009859	0.001474
0.1429	26.24	0.000000	0.069362	0.011772	0.001998
0.1429	26.61	0.000000	0.071242	0.010828	0.001646
0.1429	26.98	0.000000	0.073637	0.013526	0.002485
0.1429	27.35	0.000000	0.075099	0.014033	0.002622
0.1429	27.71	0.000000	0.076531	0.014625	0.002795
0.1429	28.08	0.000000	0.079641	0.015565	0.003042
0.1429	28.45	0.000000	0.081498	0.015465	0.002934
0.1429	28.82	0.000000	0.081350	0.015293	0.002875
0.1429	29.18	0.000000	0.088192	0.018326	0.003808
0.1429	29.55	0.000000	0.087437	0.014565	0.002426
0.1429	29.92	0.000000	0.089334	0.018565	0.003858
