axonal_length	MAX_EXC_WEIGHT	mean_peaks_height	std_peaks_height	fano_factor	GC_fraction	mean_degree
1.24	2.00	0.000000	0.000000	0.000000	0.988288	15.09
1.24	2.37	0.000000	0.000000	0.000000	0.988288	15.09
1.24	2.73	0.000000	0.000000	0.000000	0.988288	15.09
1.24	3.10	0.000000	0.000000	0.000000	0.988288	15.09
1.24	3.47	0.000000	0.000000	0.000000	0.988288	15.09
1.24	3.84	0.000000	0.000000	0.000000	0.988288	15.09
1.24	4.20	0.000000	0.000000	0.000000	0.988288	15.09
1.24	4.57	0.000000	0.000000	0.000000	0.988288	15.09
1.24	4.94	0.000000	0.000000	0.000000	0.988288	15.09
1.24	5.31	0.000000	0.000000	0.000000	0.988288	15.09
1.24	5.67	0.000000	0.000000	0.000000	0.988288	15.09
1.24	6.04	0.000000	0.000000	0.000000	0.988288	15.09
1.24	6.41	0.000000	0.000000	0.000000	0.988288	15.09
1.24	6.78	0.000000	0.000000	0.000000	0.988288	15.09
1.24	7.14	0.000000	0.000000	0.000000	0.988288	15.09
1.24	7.51	0.000000	0.000000	0.000000	0.988288	15.09
1.24	7.88	0.000000	0.000000	0.000000	0.988288	15.09
1.24	8.24	0.000000	0.000000	0.000000	0.988288	15.09
1.24	8.61	0.000000	0.000000	0.000000	0.988288	15.09
1.24	8.98	0.000000	0.000000	0.000000	0.988288	15.09
1.24	9.35	0.000000	0.000000	0.000000	0.988288	15.09
1.24	9.71	0.000000	0.000000	0.000000	0.988288	15.09
1.24	10.08	0.050896	0.000355	0.000002	0.988288	15.09
1.24	10.45	0.053732	0.003584	0.000239	0.988288	15.09
1.24	10.82	0.061066	0.011870	0.002307	0.988288	15.09
1.24	11.18	0.075073	0.019136	0.004878	0.988288	15.09
1.24	11.55	0.083839	0.027821	0.009232	0.988288	15.09
1.24	11.92	0.133155	0.052120	0.020401	0.988288	15.09
1.24	12.29	0.243630	0.072112	0.021344	0.988288	15.09
1.24	12.65	0.426405	0.065869	0.010175	0.988288	15.09
1.24	13.02	0.483284	0.055433	0.006358	0.988288	15.09
1.24	13.39	0.627751	0.039367	0.002469	0.988288	15.09
1.24	13.76	0.676397	0.037325	0.002060	0.988288	15.09
1.24	14.12	0.734260	0.029572	0.001191	0.988288	15.09
1.24	14.49	0.773694	0.022005	0.000626	0.988288	15.09
1.24	14.86	0.801866	0.022404	0.000626	0.988288	15.09
1.24	15.22	0.822143	0.018503	0.000416	0.988288	15.09
1.24	15.59	0.833323	0.015645	0.000294	0.988288	15.09
1.24	15.96	0.848925	0.012123	0.000173	0.988288	15.09
1.24	16.33	0.860047	0.009704	0.000110	0.988288	15.09
1.24	16.69	0.869022	0.008664	0.000086	0.988288	15.09
1.24	17.06	0.874855	0.007198	0.000059	0.988288	15.09
1.24	17.43	0.876125	0.007095	0.000057	0.988288	15.09
1.24	17.80	0.878153	0.006424	0.000047	0.988288	15.09
1.24	18.16	0.885077	0.006870	0.000053	0.988288	15.09
1.24	18.53	0.886247	0.003948	0.000018	0.988288	15.09
1.24	18.90	0.890828	0.003434	0.000013	0.988288	15.09
1.24	19.27	0.894305	0.003092	0.000011	0.988288	15.09
1.24	19.63	0.894373	0.004085	0.000019	0.988288	15.09
1.24	20.00	0.896773	0.004233	0.000020	0.988288	15.09
1.24	20.37	0.896424	0.003397	0.000013	0.988288	15.09
1.24	20.73	0.897037	0.004608	0.000024	0.988288	15.09
1.24	21.10	0.898072	0.003683	0.000015	0.988288	15.09
1.24	21.47	0.902002	0.001738	0.000003	0.988288	15.09
1.24	21.84	0.902443	0.001528	0.000003	0.988288	15.09
1.24	22.20	0.902512	0.002041	0.000005	0.988288	15.09
1.24	22.57	0.902693	0.001646	0.000003	0.988288	15.09
1.24	22.94	0.904736	0.001434	0.000002	0.988288	15.09
1.24	23.31	0.906650	0.001709	0.000003	0.988288	15.09
1.24	23.67	0.904680	0.001553	0.000003	0.988288	15.09
1.24	24.04	0.907027	0.001499	0.000002	0.988288	15.09
1.24	24.41	0.906601	0.001489	0.000002	0.988288	15.09
1.24	24.78	0.908238	0.001373	0.000002	0.988288	15.09
1.24	25.14	0.908642	0.001261	0.000002	0.988288	15.09
1.24	25.51	0.908235	0.001049	0.000001	0.988288	15.09
1.24	25.88	0.908932	0.000968	0.000001	0.988288	15.09
1.24	26.24	0.909643	0.001119	0.000001	0.988288	15.09
1.24	26.61	0.911746	0.000961	0.000001	0.988288	15.09
1.24	26.98	0.903523	0.009471	0.000099	0.988288	15.09
1.24	27.35	0.909706	0.000892	0.000001	0.988288	15.09
1.24	27.71	0.911740	0.000833	0.000001	0.988288	15.09
1.24	28.08	0.910350	0.001531	0.000003	0.988288	15.09
1.24	28.45	0.909301	0.002097	0.000005	0.988288	15.09
1.24	28.82	0.891510	0.020570	0.000475	0.988288	15.09
1.24	29.18	0.908910	0.003083	0.000010	0.988288	15.09
1.24	29.55	0.910054	0.000716	0.000001	0.988288	15.09
1.24	29.92	0.900152	0.008828	0.000087	0.988288	15.09
1.27	2.00	0.000000	0.000000	0.000000	0.988288	15.09
1.27	2.37	0.000000	0.000000	0.000000	0.988288	15.09
1.27	2.73	0.000000	0.000000	0.000000	0.988288	15.09
1.27	3.10	0.000000	0.000000	0.000000	0.988288	15.09
1.27	3.47	0.000000	0.000000	0.000000	0.988288	15.09
1.27	3.84	0.000000	0.000000	0.000000	0.988288	15.09
1.27	4.20	0.000000	0.000000	0.000000	0.988288	15.09
1.27	4.57	0.000000	0.000000	0.000000	0.988288	15.09
1.27	4.94	0.000000	0.000000	0.000000	0.988288	15.09
1.27	5.31	0.000000	0.000000	0.000000	0.988288	15.09
1.27	5.67	0.000000	0.000000	0.000000	0.988288	15.09
1.27	6.04	0.000000	0.000000	0.000000	0.988288	15.09
1.27	6.41	0.000000	0.000000	0.000000	0.988288	15.09
1.27	6.78	0.000000	0.000000	0.000000	0.988288	15.09
1.27	7.14	0.000000	0.000000	0.000000	0.988288	15.09
1.27	7.51	0.000000	0.000000	0.000000	0.988288	15.09
1.27	7.88	0.000000	0.000000	0.000000	0.988288	15.09
1.27	8.24	0.000000	0.000000	0.000000	0.988288	15.09
1.27	8.61	0.000000	0.000000	0.000000	0.988288	15.09
1.27	8.98	0.000000	0.000000	0.000000	0.988288	15.09
1.27	9.35	0.000000	0.000000	0.000000	0.988288	15.09
1.27	9.71	0.000000	0.000000	0.000000	0.988288	15.09
1.27	10.08	0.000000	0.000000	0.000000	0.988288	15.09
1.27	10.45	0.058569	0.004483	0.000343	0.988288	15.09
1.27	10.82	0.060881	0.007250	0.000863	0.988288	15.09
1.27	11.18	0.070430	0.013770	0.002692	0.988288	15.09
1.27	11.55	0.091702	0.033441	0.012195	0.988288	15.09
1.27	11.92	0.149155	0.050834	0.017325	0.988288	15.09
1.27	12.29	0.226725	0.081327	0.029173	0.988288	15.09
1.27	12.65	0.370857	0.065464	0.011556	0.988288	15.09
1.27	13.02	0.494610	0.056512	0.006457	0.988288	15.09
1.27	13.39	0.621243	0.035499	0.002029	0.988288	15.09
1.27	13.76	0.697704	0.034324	0.001689	0.988288	15.09
1.27	14.12	0.729168	0.021936	0.000660	0.988288	15.09
1.27	14.49	0.775837	0.025661	0.000849	0.988288	15.09
1.27	14.86	0.800878	0.023817	0.000708	0.988288	15.09
1.27	15.22	0.817180	0.018519	0.000420	0.988288	15.09
1.27	15.59	0.836533	0.020680	0.000511	0.988288	15.09
1.27	15.96	0.846496	0.012512	0.000185	0.988288	15.09
1.27	16.33	0.859725	0.009700	0.000109	0.988288	15.09
1.27	16.69	0.863766	0.013788	0.000220	0.988288	15.09
1.27	17.06	0.871963	0.006162	0.000044	0.988288	15.09
1.27	17.43	0.875092	0.009112	0.000095	0.988288	15.09
1.27	17.80	0.879912	0.007193	0.000059	0.988288	15.09
1.27	18.16	0.883242	0.005638	0.000036	0.988288	15.09
1.27	18.53	0.888823	0.003579	0.000014	0.988288	15.09
1.27	18.90	0.891328	0.002973	0.000010	0.988288	15.09
1.27	19.27	0.893035	0.004070	0.000019	0.988288	15.09
1.27	19.63	0.895112	0.003406	0.000013	0.988288	15.09
1.27	20.00	0.894893	0.002974	0.000010	0.988288	15.09
1.27	20.37	0.899307	0.002986	0.000010	0.988288	15.09
1.27	20.73	0.897707	0.002065	0.000005	0.988288	15.09
1.27	21.10	0.900314	0.002293	0.000006	0.988288	15.09
1.27	21.47	0.901152	0.002379	0.000006	0.988288	15.09
1.27	21.84	0.903697	0.002350	0.000006	0.988288	15.09
1.27	22.20	0.905710	0.001922	0.000004	0.988288	15.09
1.27	22.57	0.902058	0.001975	0.000004	0.988288	15.09
1.27	22.94	0.905476	0.002059	0.000005	0.988288	15.09
1.27	23.31	0.906394	0.001766	0.000003	0.988288	15.09
1.27	23.67	0.905339	0.001729	0.000003	0.988288	15.09
1.27	24.04	0.907693	0.001277	0.000002	0.988288	15.09
1.27	24.41	0.908260	0.001080	0.000001	0.988288	15.09
1.27	24.78	0.908741	0.001075	0.000001	0.988288	15.09
1.27	25.14	0.907982	0.001411	0.000002	0.988288	15.09
1.27	25.51	0.909903	0.001330	0.000002	0.988288	15.09
1.27	25.88	0.909467	0.000897	0.000001	0.988288	15.09
1.27	26.24	0.910356	0.000933	0.000001	0.988288	15.09
1.27	26.61	0.910231	0.000820	0.000001	0.988288	15.09
1.27	26.98	0.910665	0.001009	0.000001	0.988288	15.09
1.27	27.35	0.906436	0.002781	0.000009	0.988288	15.09
1.27	27.71	0.908153	0.001683	0.000003	0.988288	15.09
1.27	28.08	0.911223	0.000950	0.000001	0.988288	15.09
1.27	28.45	0.909277	0.001155	0.000001	0.988288	15.09
1.27	28.82	0.904529	0.004529	0.000023	0.988288	15.09
1.27	29.18	0.909791	0.001100	0.000001	0.988288	15.09
1.27	29.55	0.910134	0.003222	0.000011	0.988288	15.09
1.27	29.92	0.910277	0.002643	0.000008	0.988288	15.09
1.30	2.00	0.000000	0.000000	0.000000	0.988288	15.09
1.30	2.37	0.000000	0.000000	0.000000	0.988288	15.09
1.30	2.73	0.000000	0.000000	0.000000	0.988288	15.09
1.30	3.10	0.000000	0.000000	0.000000	0.988288	15.09
1.30	3.47	0.000000	0.000000	0.000000	0.988288	15.09
1.30	3.84	0.000000	0.000000	0.000000	0.988288	15.09
1.30	4.20	0.000000	0.000000	0.000000	0.988288	15.09
1.30	4.57	0.000000	0.000000	0.000000	0.988288	15.09
1.30	4.94	0.000000	0.000000	0.000000	0.988288	15.09
1.30	5.31	0.000000	0.000000	0.000000	0.988288	15.09
1.30	5.67	0.000000	0.000000	0.000000	0.988288	15.09
1.30	6.04	0.000000	0.000000	0.000000	0.988288	15.09
1.30	6.41	0.000000	0.000000	0.000000	0.988288	15.09
1.30	6.78	0.000000	0.000000	0.000000	0.988288	15.09
1.30	7.14	0.000000	0.000000	0.000000	0.988288	15.09
1.30	7.51	0.000000	0.000000	0.000000	0.988288	15.09
1.30	7.88	0.000000	0.000000	0.000000	0.988288	15.09
1.30	8.24	0.000000	0.000000	0.000000	0.988288	15.09
1.30	8.61	0.000000	0.000000	0.000000	0.988288	15.09
1.30	8.98	0.000000	0.000000	0.000000	0.988288	15.09
1.30	9.35	0.000000	0.000000	0.000000	0.988288	15.09
1.30	9.71	0.000000	0.000000	0.000000	0.988288	15.09
1.30	10.08	0.058442	0.000000	0.000000	0.988288	15.09
1.30	10.45	0.057904	0.007569	0.000989	0.988288	15.09
1.30	10.82	0.057396	0.007311	0.000931	0.988288	15.09
1.30	11.18	0.073146	0.015715	0.003376	0.988288	15.09
1.30	11.55	0.098560	0.034690	0.012210	0.988288	15.09
1.30	11.92	0.160190	0.045084	0.012688	0.988288	15.09
1.30	12.29	0.283863	0.058223	0.011942	0.988288	15.09
1.30	12.65	0.381741	0.074855	0.014678	0.988288	15.09
1.30	13.02	0.501246	0.051900	0.005374	0.988288	15.09
1.30	13.39	0.605589	0.049574	0.004058	0.988288	15.09
1.30	13.76	0.695196	0.029210	0.001227	0.988288	15.09
1.30	14.12	0.727062	0.034683	0.001655	0.988288	15.09
1.30	14.49	0.775684	0.024188	0.000754	0.988288	15.09
1.30	14.86	0.797388	0.031413	0.001238	0.988288	15.09
1.30	15.22	0.819717	0.017197	0.000361	0.988288	15.09
1.30	15.59	0.834575	0.014487	0.000251	0.988288	15.09
1.30	15.96	0.848969	0.014661	0.000253	0.988288	15.09
1.30	16.33	0.861953	0.008408	0.000082	0.988288	15.09
1.30	16.69	0.861869	0.011180	0.000145	0.988288	15.09
1.30	17.06	0.872101	0.007252	0.000060	0.988288	15.09
1.30	17.43	0.878840	0.008118	0.000075	0.988288	15.09
1.30	17.80	0.880600	0.005651	0.000036	0.988288	15.09
1.30	18.16	0.884498	0.004567	0.000024	0.988288	15.09
1.30	18.53	0.888539	0.003504	0.000014	0.988288	15.09
1.30	18.90	0.891684	0.003541	0.000014	0.988288	15.09
1.30	19.27	0.891134	0.003097	0.000011	0.988288	15.09
1.30	19.63	0.893823	0.002886	0.000009	0.988288	15.09
1.30	20.00	0.895969	0.002541	0.000007	0.988288	15.09
1.30	20.37	0.897010	0.003308	0.000012	0.988288	15.09
1.30	20.73	0.897913	0.003306	0.000012	0.988288	15.09
1.30	21.10	0.901081	0.002482	0.000007	0.988288	15.09
1.30	21.47	0.898823	0.002526	0.000007	0.988288	15.09
1.30	21.84	0.903436	0.001805	0.000004	0.988288	15.09
1.30	22.20	0.904072	0.001731	0.000003	0.988288	15.09
1.30	22.57	0.903455	0.002208	0.000005	0.988288	15.09
1.30	22.94	0.905091	0.002029	0.000005	0.988288	15.09
1.30	23.31	0.903819	0.002143	0.000005	0.988288	15.09
1.30	23.67	0.905563	0.001026	0.000001	0.988288	15.09
1.30	24.04	0.905858	0.001296	0.000002	0.988288	15.09
1.30	24.41	0.908096	0.001170	0.000002	0.988288	15.09
1.30	24.78	0.908630	0.001381	0.000002	0.988288	15.09
1.30	25.14	0.908921	0.001194	0.000002	0.988288	15.09
1.30	25.51	0.908162	0.001490	0.000002	0.988288	15.09
1.30	25.88	0.909497	0.000806	0.000001	0.988288	15.09
1.30	26.24	0.910590	0.001285	0.000002	0.988288	15.09
1.30	26.61	0.911269	0.001122	0.000001	0.988288	15.09
1.30	26.98	0.910714	0.001214	0.000002	0.988288	15.09
1.30	27.35	0.904183	0.003099	0.000011	0.988288	15.09
1.30	27.71	0.909500	0.001018	0.000001	0.988288	15.09
1.30	28.08	0.908461	0.004567	0.000023	0.988288	15.09
1.30	28.45	0.901542	0.005918	0.000039	0.988288	15.09
1.30	28.82	0.905604	0.004397	0.000021	0.988288	15.09
1.30	29.18	0.906131	0.001916	0.000004	0.988288	15.09
1.30	29.55	0.908824	0.002886	0.000009	0.988288	15.09
1.30	29.92	0.910255	0.002863	0.000009	0.988288	15.09
1.33	2.00	0.000000	0.000000	0.000000	0.988288	15.09
1.33	2.37	0.000000	0.000000	0.000000	0.988288	15.09
1.33	2.73	0.000000	0.000000	0.000000	0.988288	15.09
1.33	3.10	0.000000	0.000000	0.000000	0.988288	15.09
1.33	3.47	0.000000	0.000000	0.000000	0.988288	15.09
1.33	3.84	0.000000	0.000000	0.000000	0.988288	15.09
1.33	4.20	0.000000	0.000000	0.000000	0.988288	15.09
1.33	4.57	0.000000	0.000000	0.000000	0.988288	15.09
1.33	4.94	0.000000	0.000000	0.000000	0.988288	15.09
1.33	5.31	0.000000	0.000000	0.000000	0.988288	15.09
1.33	5.67	0.000000	0.000000	0.000000	0.988288	15.09
1.33	6.04	0.000000	0.000000	0.000000	0.988288	15.09
1.33	6.41	0.000000	0.000000	0.000000	0.988288	15.09
1.33	6.78	0.000000	0.000000	0.000000	0.988288	15.09
1.33	7.14	0.000000	0.000000	0.000000	0.988288	15.09
1.33	7.51	0.000000	0.000000	0.000000	0.988288	15.09
1.33	7.88	0.000000	0.000000	0.000000	0.988288	15.09
1.33	8.24	0.000000	0.000000	0.000000	0.988288	15.09
1.33	8.61	0.000000	0.000000	0.000000	0.988288	15.09
1.33	8.98	0.000000	0.000000	0.000000	0.988288	15.09
1.33	9.35	0.000000	0.000000	0.000000	0.988288	15.09
1.33	9.71	0.052264	0.000000	0.000000	0.988288	15.09
1.33	10.08	0.000000	0.000000	0.000000	0.988288	15.09
1.33	10.45	0.055809	0.006393	0.000732	0.988288	15.09
1.33	10.82	0.061255	0.009259	0.001400	0.988288	15.09
1.33	11.18	0.074997	0.016235	0.003514	0.988288	15.09
1.33	11.55	0.086533	0.030594	0.010817	0.988288	15.09
1.33	11.92	0.169771	0.054964	0.017795	0.988288	15.09
1.33	12.29	0.276138	0.059799	0.012950	0.988288	15.09
1.33	12.65	0.368986	0.054343	0.008003	0.988288	15.09
1.33	13.02	0.513240	0.063416	0.007836	0.988288	15.09
1.33	13.39	0.606952	0.049436	0.004027	0.988288	15.09
1.33	13.76	0.679887	0.038762	0.002210	0.988288	15.09
1.33	14.12	0.744146	0.032082	0.001383	0.988288	15.09
1.33	14.49	0.772928	0.028541	0.001054	0.988288	15.09
1.33	14.86	0.801803	0.021137	0.000557	0.988288	15.09
1.33	15.22	0.822573	0.021253	0.000549	0.988288	15.09
1.33	15.59	0.840418	0.012339	0.000181	0.988288	15.09
1.33	15.96	0.853772	0.010068	0.000119	0.988288	15.09
1.33	16.33	0.858805	0.012422	0.000180	0.988288	15.09
1.33	16.69	0.863498	0.011658	0.000157	0.988288	15.09
1.33	17.06	0.870625	0.008998	0.000093	0.988288	15.09
1.33	17.43	0.877814	0.005866	0.000039	0.988288	15.09
1.33	17.80	0.881227	0.006378	0.000046	0.988288	15.09
1.33	18.16	0.886741	0.006471	0.000047	0.988288	15.09
1.33	18.53	0.887913	0.004648	0.000024	0.988288	15.09
1.33	18.90	0.891274	0.003649	0.000015	0.988288	15.09
1.33	19.27	0.892481	0.004116	0.000019	0.988288	15.09
1.33	19.63	0.893192	0.003614	0.000015	0.988288	15.09
1.33	20.00	0.895878	0.003521	0.000014	0.988288	15.09
1.33	20.37	0.898404	0.002056	0.000005	0.988288	15.09
1.33	20.73	0.897270	0.003763	0.000016	0.988288	15.09
1.33	21.10	0.900089	0.002293	0.000006	0.988288	15.09
1.33	21.47	0.901995	0.002954	0.000010	0.988288	15.09
1.33	21.84	0.901137	0.001673	0.000003	0.988288	15.09
1.33	22.20	0.902529	0.002162	0.000005	0.988288	15.09
1.33	22.57	0.904688	0.001989	0.000004	0.988288	15.09
1.33	22.94	0.905200	0.001268	0.000002	0.988288	15.09
1.33	23.31	0.906131	0.001440	0.000002	0.988288	15.09
1.33	23.67	0.906593	0.001659	0.000003	0.988288	15.09
1.33	24.04	0.907886	0.001163	0.000001	0.988288	15.09
1.33	24.41	0.907835	0.001263	0.000002	0.988288	15.09
1.33	24.78	0.909173	0.000949	0.000001	0.988288	15.09
1.33	25.14	0.909438	0.000898	0.000001	0.988288	15.09
1.33	25.51	0.909723	0.001091	0.000001	0.988288	15.09
1.33	25.88	0.909150	0.001028	0.000001	0.988288	15.09
1.33	26.24	0.909979	0.001090	0.000001	0.988288	15.09
1.33	26.61	0.909794	0.000798	0.000001	0.988288	15.09
1.33	26.98	0.910264	0.001161	0.000001	0.988288	15.09
1.33	27.35	0.906421	0.003594	0.000014	0.988288	15.09
