base_sigma	MAX_EXC_WEIGHT	Gini	mean_peaks_height	std_peaks_height	fano_factor	std_fano_between
0.05710	2.00000	0.80016	0.00000	0.00000		
0.05710	2.23232	0.80016	0.00000	0.00000		
0.05710	2.46465	0.80016	0.00000	0.00000		
0.05710	2.69697	0.80016	0.00000	0.00000		
0.05710	2.92929	0.80016	0.00000	0.00000		
0.05710	3.16162	0.80016	0.00000	0.00000		
0.05710	3.39394	0.80016	0.00000	0.00000		
0.05710	3.62626	0.80016	0.00000	0.00000		
0.05710	3.85859	0.80016	0.00000	0.00000		
0.05710	4.09091	0.80016	0.00000	0.00000		
0.05710	4.32323	0.80016	0.00000	0.00000		
0.05710	4.55556	0.80016	0.00000	0.00000		
0.05710	4.78788	0.80016	0.00000	0.00000		
0.05710	5.02020	0.80016	0.00000	0.00000		
0.05710	5.25253	0.80016	0.00000	0.00000		
0.05710	5.48485	0.80016	0.01593	0.03901	0.00000	
0.05710	5.71717	0.80016	0.07826	0.10302	0.01697	0.02917
0.05710	5.94949	0.80016	0.13536	0.10770	0.02249	0.03242
0.05710	6.18182	0.80016	0.17778	0.10173	0.01698	0.01955
0.05710	6.41414	0.80016	0.18673	0.08599	0.01458	0.01390
0.05710	6.64646	0.80016	0.21220	0.10629	0.02608	0.01253
0.05710	6.87879	0.80016	0.21800	0.10768	0.02453	0.01291
0.05710	7.11111	0.80016	0.24863	0.12490	0.02845	0.01218
0.05710	7.34343	0.80016	0.25519	0.13554	0.03970	0.02025
0.05710	7.57576	0.80016	0.28527	0.12738	0.03903	0.01293
0.05710	7.80808	0.80016	0.30323	0.16127	0.05754	0.01536
0.05710	8.04040	0.80016	0.33979	0.16958	0.06535	0.02589
0.05710	8.27273	0.80016	0.34131	0.17263	0.06103	0.02003
0.05710	8.50505	0.80016	0.37053	0.19478	0.07422	0.01875
0.05710	8.73737	0.80016	0.38017	0.20432	0.08306	0.03066
0.05710	8.96970	0.80016	0.42278	0.21503	0.07389	0.01620
0.05710	9.20202	0.80016	0.42553	0.22232	0.09697	0.02771
0.05710	9.43434	0.80016	0.45926	0.24099	0.09205	0.04025
0.05710	9.66667	0.80016	0.47402	0.23937	0.09848	0.02250
0.05710	9.89899	0.80016	0.47356	0.25430	0.09326	0.04039
0.05710	10.13131	0.80016	0.46634	0.26662	0.11277	0.04602
0.05710	10.36364	0.80016	0.50496	0.25811	0.10050	0.05167
0.05710	10.59596	0.80016	0.52414	0.26101	0.09982	0.03255
0.05710	10.82828	0.80016	0.51799	0.25833	0.09407	0.02588
0.05710	11.06061	0.80016	0.51514	0.27641	0.10757	0.04664
0.05710	11.29293	0.80016	0.61176	0.24397	0.06986	0.05384
0.05710	11.52525	0.80016	0.59225	0.25678	0.06661	0.06233
0.05710	11.75758	0.80016	0.59078	0.25001	0.07026	0.03343
0.05710	11.98990	0.80016	0.53860	0.25543	0.09487	0.07743
0.05710	12.22222	0.80016	0.55858	0.24386	0.06937	0.04522
0.05710	12.45455	0.80016	0.59027	0.24064	0.06886	0.04737
0.05710	12.68687	0.80016	0.57314	0.23733	0.06179	0.04829
0.05710	12.91919	0.80016	0.51740	0.20578	0.07227	0.05668
0.05710	13.15152	0.80016	0.60173	0.24973	0.07834	0.04016
0.05710	13.38384	0.80016	0.57053	0.23115	0.06579	0.05789
0.05710	13.61616	0.80016	0.52116	0.20950	0.08213	0.04457
0.05710	13.84848	0.80016	0.52482	0.19275	0.06867	0.05256
0.05710	14.08081	0.80016	0.55615	0.20144	0.06778	0.05239
0.05710	14.31313	0.80016	0.57190	0.21859	0.05994	0.05703
0.05710	14.54545	0.80016	0.53470	0.21874	0.07985	0.07360
0.05710	14.77778	0.80016	0.55164	0.22211	0.07769	0.04486
0.05710	15.01010	0.80016	0.60232	0.20806	0.05608	0.04418
0.05710	15.24242	0.80016	0.54573	0.22243	0.07707	0.05016
0.05710	15.47475	0.80016	0.52574	0.21049	0.07787	0.03882
0.05710	15.70707	0.80016	0.53094	0.19860	0.07156	0.02997
0.05710	15.93939	0.80016	0.52036	0.19830	0.06647	0.01708
0.05710	16.17172	0.80016	0.52723	0.20529	0.07631	0.03450
0.05710	16.40404	0.80016	0.54657	0.18977	0.06244	0.03829
0.05710	16.63636	0.80016	0.54578	0.18904	0.06372	0.02697
0.05710	16.86869	0.80016	0.56476	0.18971	0.06108	0.02639
0.05710	17.10101	0.80016	0.52353	0.18397	0.06065	0.01966
0.05710	17.33333	0.80016	0.54138	0.17616	0.05161	0.02036
0.05710	17.56566	0.80016	0.55066	0.15575	0.03940	0.00827
0.05710	17.79798	0.80016	0.56590	0.16829	0.04668	0.01626
0.05710	18.03030	0.80016	0.55691	0.17846	0.05194	0.01983
0.05710	18.26263	0.80016	0.56933	0.16555	0.04389	0.01116
0.05710	18.49495	0.80016	0.56262	0.16404	0.04134	0.00977
0.05710	18.72727	0.80016	0.56467	0.15737	0.04004	0.00983
0.05710	18.95960	0.80016	0.55681	0.15482	0.04179	0.01360
0.05710	19.19192	0.80016	0.56591	0.16165	0.04243	0.01028
0.05710	19.42424	0.80016	0.55634	0.15313	0.03836	0.01082
0.05710	19.65657	0.80016	0.56655	0.15184	0.03739	0.01176
0.05710	19.88889	0.80016	0.56529	0.15851	0.04057	0.01522
0.05710	20.12121	0.80016	0.57420	0.16008	0.04141	0.01268
0.05710	20.35354	0.80016	0.56737	0.14488	0.03252	0.00790
0.05710	20.58586	0.80016	0.59687	0.14974	0.03466	0.01108
0.05710	20.81818	0.80016	0.57138	0.14347	0.03306	0.00844
0.05710	21.05051	0.80016	0.61130	0.14925	0.03191	0.01046
0.05710	21.28283	0.80016	0.60251	0.14340	0.03324	0.01072
0.05710	21.51515	0.80016	0.60536	0.14701	0.03254	0.01146
0.05710	21.74747	0.80016	0.58906	0.14033	0.03089	0.00893
0.05710	21.97980	0.80016	0.60547	0.14108	0.02961	0.00859
0.05710	22.21212	0.80016	0.61287	0.14006	0.02749	0.01273
0.05710	22.44444	0.80016	0.60532	0.14187	0.02868	0.00998
0.05710	22.67677	0.80016	0.61177	0.13409	0.02846	0.00892
0.05710	22.90909	0.80016	0.61426	0.13749	0.02510	0.00870
0.05710	23.14141	0.80016	0.62515	0.13515	0.02364	0.00572
0.05710	23.37374	0.80016	0.65534	0.12465	0.02044	0.00766
0.05710	23.60606	0.80016	0.61669	0.12975	0.02577	0.00681
0.05710	23.83838	0.80016	0.63753	0.13764	0.02384	0.00924
0.05710	24.07071	0.80016	0.63974	0.12543	0.02303	0.00656
0.05710	24.30303	0.80016	0.64150	0.12945	0.02470	0.00791
0.05710	24.53535	0.80016	0.66093	0.12305	0.01883	0.00513
0.05710	24.76768	0.80016	0.66825	0.12496	0.02231	0.00686
0.05710	25.00000	0.80016	0.66159	0.11622	0.01836	0.00593
